1371645275.23
1371645275.33
0.0998079776764
1371645275.76
0.430143117905
1371645275.76
0.00366687774658
1371645275.76
1.00135803223e-05
1371645275.76
1.90734863281e-05
1371645275.93
0.168856859207
1371645276.03
0.0979511737823
1371645276.13
0.100223779678
1371645276.23
0.100252151489
1371645276.43
0.199315071106
1371645276.53
0.0999269485474
1371645276.63
0.101055860519
1371645276.73
0.0996899604797
1371645276.83
0.100451231003
1371645276.93
0.100047826767
1371645277.03
0.10199213028
1371645277.13
0.097244977951
1371645277.25
0.118216991425
1371645277.57
0.319743871689
1371645277.57
9.51290130615e-05
1371645277.57
1.28746032715e-05
1371645277.63
0.0619940757751
1371645277.73
0.100028991699
1371645277.83
0.0997970104218
1371645277.93
0.100673913956
1371645278.03
0.100666046143
1371645278.13
0.0990259647369
1371645278.23
0.100811004639
1371645278.33
0.0997569561005
1371645278.43
0.10002207756
1371645278.53
0.100388050079
1371645278.63
0.0998060703278
1371645278.73
0.0997350215912
1371645278.83
0.0996778011322
1371645278.93
0.102869987488
1371645279.03
0.0980451107025
1371645279.13
0.0993640422821
1371645279.23
0.100031852722
1371645279.33
0.10003900528
1371645279.43
0.100011110306
1371645279.53
0.0996029376984
1371645279.63
0.100896120071
1371645279.73
0.100390911102
1371645279.83
0.0993061065674
1371645279.93
0.0997719764709
1371645280.03
0.100222826004
1371645280.13
0.0993371009827
1371645280.23
0.100359916687
1371645280.33
0.1003241539
1371645280.43
0.0996658802032
1371645280.53
0.100617170334
1371645280.63
0.100468873978
1371645280.73
0.102587938309
1371645280.83
0.0971670150757
1371645280.93
0.0998811721802
1371645281.03
0.100542783737
1371645281.14
0.104815006256
1371645281.23
0.0958821773529
1371645281.33
0.0991480350494
1371645281.43
0.0996649265289
1371645281.53
0.0999870300293
1371645281.78
0.249183893204
1371645281.78
0.000793933868408
1371645281.83
0.0505011081696
1371645281.93
0.102499961853
1371645282.03
0.0972681045532
1371645282.13
0.100157022476
1371645282.23
0.100165843964
1371645282.33
0.0997569561005
1371645282.43
0.102262020111
1371645282.53
0.0974249839783
1371645282.63
0.100158214569
1371645282.73
0.100212812424
1371645282.83
0.100717067719
1371645282.93
0.10137295723
1371645283.03
0.0997409820557
1371645283.13
0.0996150970459
1371645283.23
0.101011991501
1371645283.33
0.0985879898071
1371645283.43
0.101912021637
1371645283.53
0.0984539985657
1371645283.63
0.100213050842
1371645283.9
0.269521951675
1371645283.9
0.00110507011414
1371645283.93
0.0294289588928
1371645284.03
0.0996119976044
1371645284.13
0.0999300479889
1371645284.23
0.0997629165649
1371645284.33
0.100414037704
1371645284.43
0.0994348526001
1371645284.53
0.100223064423
1371645284.63
0.100147008896
1371645284.73
0.100326061249
1371645284.83
0.0988109111786
1371645284.93
0.100530147552
1371645285.03
0.100429773331
1371645285.13
0.0995051860809
1371645285.24
0.106263875961
1371645285.33
0.0949959754944
1371645285.43
0.0995531082153
1371645285.53
0.100715875626
1371645285.63
0.0996191501617
1371645285.73
0.100702047348
1371645285.83
0.0993239879608
1371645285.93
0.0999639034271
1371645286.03
0.0998129844666
1371645286.13
0.100464105606
1371645286.23
0.0991659164429
1371645286.33
0.100869894028
1371645286.43
0.099445104599
1371645286.53
0.0999131202698
1371645286.63
0.100275993347
1371645286.73
0.0999159812927
1371645286.83
0.100342988968
1371645286.93
0.0994839668274
1371645287.03
0.0999760627747
1371645287.13
0.10285282135
1371645287.23
0.0973219871521
1371645287.33
0.0998501777649
1371645287.43
0.10017490387
1371645287.53
0.0998759269714
1371645287.63
0.0999760627747
1371645287.73
0.10216999054
1371645287.98
0.245965003967
1371645287.98
0.004723072052
1371645288.03
0.0480718612671
1371645288.13
0.100707054138
1371645288.23
0.100083112717
1371645288.33
0.0994849205017
1371645288.43
0.10005402565
1371645288.53
0.0997309684753
1371645288.63
0.100759029388
1371645288.73
0.100306034088
1371645288.83
0.0992510318756
1371645288.93
0.100302934647
1371645289.03
0.0995080471039
1371645289.13
0.100559949875
1371645289.24
0.102880001068
1371645289.33
0.0971069335938
1371645289.6
0.271125078201
1371645289.61
0.00408101081848
1371645289.63
0.0247640609741
1371645289.73
0.10055398941
1371645289.84
0.101557016373
1371645289.93
0.0976648330688
1371645290.03
0.100823163986
1371645290.13
0.0995209217072
1371645290.23
0.0993728637695
1371645290.33
0.1001060009
1371645290.44
0.101917028427
1371645290.53
0.0989019870758
1371645290.64
0.101427078247
1371645290.74
0.0996539592743
1371645290.83
0.0991289615631
1371645290.93
0.0997130870819
1371645291.03
0.10085606575
1371645291.13
0.0996758937836
1371645291.23
0.100116014481
1371645291.33
0.0999801158905
1371645291.43
0.0997478961945
1371645291.53
0.0996379852295
1371645291.63
0.0999150276184
1371645291.74
0.110866069794
1371645291.83
0.0895318984985
1371645291.94
0.110222101212
1371645292.03
0.0894429683685
1371645292.13
0.0996649265289
1371645292.23
0.101000070572
1371645292.33
0.0998320579529
1371645292.43
0.0994389057159
1371645292.53
0.100332975388
1371645292.63
0.0997629165649
1371645292.73
0.100359201431
1371645292.84
0.101194858551
1371645292.93
0.0985009670258
1371645293.04
0.101416110992
1371645293.14
0.100378990173
1371645293.24
0.0993530750275
1371645293.34
0.100453853607
1371645293.43
0.0993320941925
1371645293.53
0.0999238491058
1371645293.78
0.246153116226
1371645293.78
0.000763893127441
1371645293.83
0.0530931949615
1371645293.94
0.101007938385
1371645294.04
0.0999028682709
1371645294.14
0.0996160507202
1371645294.23
0.0996150970459
1371645294.33
0.0997798442841
1371645294.43
0.0999841690063
1371645294.54
0.100378990173
1371645294.64
0.0999858379364
1371645294.74
0.100517988205
1371645294.84
0.0998771190643
1371645294.93
0.0994000434875
1371645295.04
0.100555896759
1371645295.14
0.101366043091
1371645295.24
0.0995869636536
1371645295.34
0.0992391109467
1371645295.44
0.10174703598
1371645295.54
0.10017991066
1371645295.64
0.0996110439301
1371645295.91
0.273813962936
1371645295.93
0.0149009227753
1371645295.94
0.0122220516205
1371645296.04
0.0983500480652
1371645296.14
0.100163936615
1371645296.24
0.0998289585114
1371645296.34
0.100470066071
1371645296.44
0.100282907486
1371645296.54
0.0990490913391
1371645296.64
0.0998680591583
1371645296.74
0.100414037704
1371645296.84
0.0992360115051
1371645296.94
0.100309848785
1371645297.04
0.100769042969
1371645297.14
0.0994610786438
1371645297.24
0.0995738506317
1371645297.34
0.10015296936
1371645297.44
0.100581169128
1371645297.54
0.0995810031891
1371645297.64
0.101527929306
1371645297.74
0.0985870361328
1371645297.84
0.101950883865
1371645297.94
0.0987432003021
1371645298.04
0.100289821625
1371645298.14
0.100317001343
1371645298.24
0.0993461608887
1371645298.34
0.100175857544
1371645298.44
0.100300073624
1371645298.54
0.0995118618011
1371645298.64
0.101808071136
1371645298.74
0.0987949371338
1371645298.84
0.100078105927
1371645298.94
0.100078105927
1371645299.04
0.0997838973999
1371645299.14
0.100782871246
1371645299.24
0.0988581180573
1371645299.34
0.100259065628
1371645299.44
0.102288961411
1371645299.54
0.0978739261627
1371645299.64
0.101022958755
1371645299.74
0.0985901355743
1371645299.84
0.100213050842
1371645300.1
0.262804985046
1371645300.1
0.00301384925842
1371645300.14
0.0343589782715
1371645300.24
0.100494146347
1371645300.34
0.0988850593567
1371645300.44
0.103480815887
1371645300.54
0.0976769924164
1371645300.64
0.100273132324
1371645300.74
0.100561857224
1371645300.84
0.0992829799652
1371645300.94
0.0999841690063
1371645301.04
0.0999598503113
1371645301.14
0.101004123688
1371645301.24
0.0987870693207
1371645301.34
0.100101947784
1371645301.44
0.100658893585
1371645301.54
0.0992760658264
1371645301.64
0.100177049637
1371645301.74
0.099848985672
1371645301.84
0.10099697113
1371645301.94
0.101804018021
1371645302.04
0.0992338657379
1371645302.32
0.284107208252
1371645302.33
0.00274085998535
1371645302.34
0.0179381370544
1371645302.44
0.0941188335419
1371645302.54
0.0994889736176
1371645302.64
0.100373029709
1371645302.74
0.0989580154419
1371645302.84
0.101386070251
1371645302.94
0.0999829769135
1371645303.04
0.10017490387
1371645303.14
0.0996050834656
1371645303.24
0.10035610199
1371645303.34
0.0997579097748
1371645303.44
0.0999019145966
1371645303.54
0.100629091263
1371645303.64
0.099781036377
1371645303.74
0.0996170043945
1371645303.84
0.100379943848
1371645303.94
0.0996499061584
1371645304.04
0.100645065308
1371645304.14
0.0989949703217
1371645304.24
0.100593090057
1371645304.34
0.0997009277344
1371645304.44
0.102566003799
1371645304.54
0.0997049808502
1371645304.64
0.0981111526489
1371645304.74
0.100104808807
1371645304.84
0.100568056107
1371645304.94
0.0991320610046
1371645305.04
0.0999898910522
1371645305.14
0.100068092346
1371645305.24
0.102416038513
1371645305.34
0.0994019508362
1371645305.44
0.100853919983
1371645305.54
0.098051071167
1371645305.64
0.10005903244
1371645305.74
0.100297927856
1371645305.84
0.100209951401
1371645305.94
0.100504159927
1371645306.04
0.0996859073639
1371645306.14
0.100198984146
1371645306.24
0.0990810394287
1371645306.34
0.100343942642
1371645306.61
0.268555164337
1371645306.61
1.19209289551e-05
1371645306.64
0.0311188697815
1371645306.74
0.100286006927
1371645306.84
0.101866006851
1371645306.94
0.0981659889221
1371645307.04
0.100421190262
1371645307.14
0.0993888378143
1371645307.24
0.100059986115
1371645307.34
0.100129127502
1371645307.44
0.0998270511627
1371645307.54
0.0999479293823
1371645307.64
0.101219892502
1371645307.74
0.0990121364594
1371645307.86
0.124258995056
1371645308.17
0.304271936417
1371645308.18
0.00926804542542
1371645308.18
0.000194072723389
1371645308.24
0.0643799304962
1371645308.34
0.098121881485
1371645308.44
0.101027011871
1371645308.54
0.0994701385498
1371645308.64
0.100165843964
1371645308.74
0.0999979972839
1371645308.84
0.0996911525726
1371645308.94
0.100312948227
1371645309.04
0.100557088852
1371645309.14
0.0999848842621
1371645309.24
0.0992660522461
1371645309.34
0.100140094757
1371645309.44
0.0998089313507
1371645309.54
0.100172996521
1371645309.64
0.100148916245
1371645309.74
0.0998320579529
1371645309.84
0.100337982178
1371645309.94
0.0994191169739
1371645310.04
0.101687908173
1371645310.14
0.0981900691986
1371645310.24
0.101001024246
1371645310.34
0.0999889373779
1371645310.44
0.100597858429
1371645310.54
0.0998930931091
1371645310.64
0.0995268821716
1371645310.74
0.10165810585
1371645310.84
0.101068973541
1371645310.94
0.0978140830994
1371645311.04
0.100046873093
1371645311.14
0.100946187973
1371645311.24
0.099084854126
1371645311.34
0.100021123886
1371645311.44
0.100816965103
1371645311.54
0.0990579128265
1371645311.64
0.0993480682373
1371645311.74
0.100379943848
1371645311.84
0.0999069213867
1371645311.94
0.10003900528
1371645312.04
0.099974155426
1371645312.14
0.100611925125
1371645312.41
0.266912937164
1371645312.41
1.21593475342e-05
1371645312.44
0.0328438282013
1371645312.54
0.100258111954
1371645312.64
0.0993940830231
1371645312.74
0.101534843445
1371645312.84
0.100568056107
1371645312.94
0.100115060806
1371645313.04
0.0990788936615
1371645313.3
0.260818958282
1371645313.31
0.000807046890259
1371645313.34
0.0386619567871
1371645313.44
0.0993909835815
1371645313.54
0.100023984909
1371645313.64
0.1003510952
1371645313.74
0.0996749401093
1371645313.84
0.100450992584
1371645313.94
0.0997681617737
1371645314.04
0.100912809372
1371645314.14
0.0994560718536
1371645314.24
0.0995440483093
1371645314.34
0.0998210906982
1371645314.44
0.100214004517
1371645314.54
0.0996398925781
1371645314.64
0.101063966751
1371645314.74
0.100579977036
1371645314.84
0.0981061458588
1371645314.94
0.100550889969
1371645315.04
0.100228071213
1371645315.14
0.0993888378143
1371645315.24
0.100479125977
1371645315.34
0.100884914398
1371645315.45
0.101328134537
1371645315.55
0.0994148254395
1371645315.64
0.0993661880493
1371645315.74
0.0999720096588
1371645315.84
0.100015878677
1371645315.95
0.103083133698
1371645316.14
0.196947813034
1371645316.25
0.100948095322
1371645316.34
0.0990889072418
1371645316.44
0.10005402565
1371645316.54
0.0997471809387
1371645316.64
0.0998928546906
1371645316.74
0.0997979640961
1371645316.84
0.100322008133
1371645316.94
0.100501060486
1371645317.04
0.0998361110687
1371645317.14
0.0993418693542
1371645317.41
0.265459060669
1371645317.41
1.09672546387e-05
1371645317.44
0.0353899002075
1371645317.54
0.0994410514832
1371645317.64
0.100613117218
1371645317.75
0.100463867188
1371645317.85
0.0999281406403
1371645317.95
0.102527856827
1371645318.05
0.0973539352417
1371645318.15
0.100818157196
1371645318.25
0.101219892502
1371645318.34
0.0976960659027
1371645318.45
0.102953910828
1371645318.55
0.0979290008545
1371645318.65
0.0998661518097
1371645318.75
0.0994880199432
1371645318.85
0.101087808609
1371645318.95
0.100483179092
1371645319.05
0.0985949039459
1371645319.15
0.10036110878
1371645319.26
0.111078023911
1371645319.56
0.299350976944
1371645319.56
0.000469923019409
1371645319.56
1.4066696167e-05
1371645319.65
0.090423822403
1371645319.74
0.097873210907
1371645319.84
0.100091934204
1371645319.95
0.10014796257
1371645320.05
0.100621938705
1371645320.15
0.101219177246
1371645320.26
0.10876584053
1371645320.35
0.0901720523834
1371645320.45
0.100807905197
1371645320.55
0.0991151332855
1371645320.65
0.100195884705
1371645320.75
0.10116314888
1371645320.85
0.0989320278168
1371645320.95
0.0999348163605
1371645321.05
0.100238084793
1371645321.15
0.100143909454
1371645321.25
0.0996830463409
1371645321.35
0.0999779701233
1371645321.45
0.100130081177
1371645321.55
0.100959062576
1371645321.65
0.0989909172058
1371645321.75
0.100783109665
1371645321.85
0.100260972977
1371645321.95
0.0990519523621
1371645322.05
0.0998959541321
1371645322.15
0.101016044617
1371645322.25
0.0992529392242
1371645322.35
0.100258111954
1371645322.45
0.0995938777924
1371645322.55
0.100322008133
1371645322.65
0.100003957748
1371645322.75
0.10481595993
1371645322.85
0.0967531204224
1371645322.95
0.0988659858704
1371645323.05
0.101161003113
1371645323.15
0.0986731052399
1371645323.25
0.099996805191
1371645323.35
0.101217985153
1371645323.45
0.0998740196228
1371645323.55
0.0990331172943
1371645323.82
0.268615007401
1371645323.82
0.0014009475708
1371645323.85
0.0304019451141
1371645323.95
0.099897146225
1371645324.05
0.099958896637
1371645324.15
0.0997729301453
1371645324.25
0.100131034851
1371645324.35
0.102705955505
1371645324.45
0.0991291999817
1371645324.55
0.0988228321075
1371645324.65
0.100025177002
1371645324.75
0.100247859955
1371645324.85
0.0999269485474
1371645324.95
0.0996830463409
1371645325.05
0.0997669696808
1371645325.15
0.0997960567474
1371645325.25
0.101639986038
1371645325.35
0.0998010635376
1371645325.45
0.0998129844666
1371645325.55
0.0995509624481
1371645325.65
0.100728988647
1371645325.75
0.0992901325226
1371645326.03
0.286462783813
1371645326.04
0.00214004516602
1371645326.05
0.0118720531464
1371645326.15
0.101037979126
1371645326.26
0.107039928436
1371645326.35
0.0919480323792
1371645326.45
0.0999941825867
1371645326.55
0.0999360084534
1371645326.65
0.0993838310242
1371645326.75
0.100029945374
1371645326.85
0.100948095322
1371645326.95
0.100505113602
1371645327.05
0.0991759300232
1371645327.15
0.0995409488678
1371645327.25
0.0997760295868
1371645327.35
0.100269079208
1371645327.45
0.10010099411
1371645327.55
0.0997359752655
1371645327.65
0.100608825684
1371645327.75
0.100395202637
1371645327.85
0.100872993469
1371645327.95
0.0994048118591
1371645328.05
0.103832006454
1371645328.15
0.0999350547791
1371645328.25
0.0961210727692
1371645328.35
0.10014796257
1371645328.45
0.100095033646
1371645328.55
0.0999829769135
1371645328.65
0.099916934967
1371645328.75
0.0996849536896
1371645328.85
0.0999782085419
1371645328.95
0.10076379776
1371645329.05
0.0992782115936
1371645329.15
0.100878000259
1371645329.26
0.110131978989
1371645329.35
0.089861869812
1371645329.45
0.0994889736176
1371645329.55
0.101122140884
1371645329.65
0.0988578796387
1371645329.75
0.100399017334
1371645329.85
0.0996780395508
1371645329.95
0.100594997406
1371645330.23
0.275394916534
1371645330.23
7.91549682617e-05
1371645330.25
0.0256628990173
1371645330.35
0.0988230705261
1371645330.45
0.100589990616
1371645330.55
0.099466085434
1371645330.65
0.100133895874
1371645330.75
0.100313901901
1371645330.85
0.100342988968
1371645330.95
0.0996470451355
1371645331.05
0.100208997726
1371645331.15
0.101851940155
1371645331.25
0.0974280834198
1371645331.35
0.100286960602
1371645331.45
0.100198984146
1371645331.55
0.100136995316
1371645331.65
0.0998811721802
1371645331.75
0.100131034851
1371645331.85
0.0998558998108
1371645331.95
0.0996038913727
1371645332.05
0.100409030914
1371645332.15
0.100311040878
1371645332.25
0.0998101234436
1371645332.51
0.258735895157
1371645332.51
0.000996112823486
1371645332.56
0.0459859371185
1371645332.65
0.0950410366058
1371645332.75
0.0994718074799
1371645332.85
0.100215196609
1371645332.95
0.100467920303
1371645333.05
0.101145029068
1371645333.15
0.0986769199371
1371645333.25
0.100167036057
1371645333.35
0.100847005844
1371645333.45
0.0993568897247
1371645333.55
0.100143194199
1371645333.65
0.100276947021
1371645333.75
0.099310874939
1371645333.85
0.100427150726
1371645333.95
0.100023984909
1371645334.05
0.0997178554535
1371645334.16
0.104480981827
1371645334.25
0.095123052597
1371645334.35
0.100609064102
1371645334.45
0.0993490219116
1371645334.55
0.100439071655
1371645334.65
0.0999460220337
1371645334.75
0.100003957748
1371645334.85
0.0995788574219
1371645334.95
0.100519180298
1371645335.05
0.0995140075684
1371645335.16
0.105153799057
1371645335.25
0.0963799953461
1371645335.35
0.0996301174164
1371645335.45
0.100667953491
1371645335.55
0.099219083786
1371645335.65
0.100786924362
1371645335.75
0.100336074829
1371645335.85
0.0989799499512
1371645335.95
0.100167036057
1371645336.05
0.0999848842621
1371645336.15
0.100205183029
1371645336.25
0.0998578071594
1371645336.36
0.103141069412
1371645336.6
0.244188070297
1371645336.6
0.00332498550415
1371645336.65
0.0496189594269
1371645336.75
0.0995841026306
1371645336.85
0.100091934204
1371645336.95
0.0997660160065
1371645337.05
0.100003957748
1371645337.15
0.100471019745
1371645337.25
0.0998120307922
1371645337.35
0.0999629497528
1371645337.45
0.0998320579529
1371645337.55
0.100399971008
1371645337.66
0.102349042892
1371645337.75
0.0982539653778
1371645337.86
0.102735996246
1371645337.95
0.0969049930573
1371645338.05
0.101004838943
1371645338.15
0.0995671749115
1371645338.25
0.100143909454
1371645338.35
0.100610971451
1371645338.67
0.315549135208
1371645338.67
0.00159192085266
1371645338.67
1.69277191162e-05
1371645338.75
0.0816559791565
1371645338.85
0.100102186203
1371645338.95
0.0999889373779
1371645339.05
0.0998969078064
1371645339.15
0.100167989731
1371645339.25
0.0997841358185
1371645339.35
0.100361824036
1371645339.45
0.100198030472
1371645339.55
0.0996150970459
1371645339.65
0.100308895111
1371645339.75
0.0999300479889
1371645339.85
0.0998549461365
1371645339.96
0.102240085602
1371645340.06
0.100383043289
1371645340.15
0.0985050201416
1371645340.25
0.100060939789
1371645340.36
0.100912094116
1371645340.45
0.0987088680267
1371645340.55
0.100291967392
1371645340.65
0.100368022919
1371645340.75
0.0990920066833
1371645340.86
0.104314088821
1371645340.95
0.095978975296
1371645341.06
0.10104393959
1371645341.15
0.0992419719696
1371645341.25
0.0996999740601
1371645341.35
0.0997521877289
1371645341.45
0.100764989853
1371645341.55
0.0991959571838
1371645341.65
0.10066986084
1371645341.75
0.100077152252
1371645341.85
0.0996160507202
1371645341.95
0.100775957108
1371645342.05
0.0990378856659
1371645342.16
0.101125001907
1371645342.25
0.0994729995728
1371645342.35
0.0994420051575
1371645342.46
0.101326942444
1371645342.55
0.0992121696472
1371645342.85
0.291192054749
1371645342.85
0.0038468837738
1371645342.86
0.00623989105225
1371645342.95
0.0989551544189
1371645343.06
0.100394010544
1371645343.16
0.101644039154
1371645343.26
0.0983448028564
1371645343.36
0.100227117538
1371645343.46
0.0998198986053
1371645343.56
0.0997371673584
1371645343.66
0.100572824478
1371645343.76
0.0998301506042
1371645343.86
0.100837945938
1371645343.96
0.0991590023041
1371645344.06
0.100032091141
1371645344.16
0.101035833359
1371645344.26
0.0987091064453
1371645344.36
0.0998640060425
1371645344.46
0.10045003891
1371645344.56
0.099800825119
1371645344.66
0.100545167923
1371645344.77
0.111498832703
1371645345.07
0.306670188904
1371645345.07
0.000700950622559
1371645345.07
1.59740447998e-05
1371645345.16
0.081531047821
1371645345.26
0.100494861603
1371645345.36
0.100212097168
1371645345.46
0.0993669033051
1371645345.56
0.0998959541321
1371645345.66
0.100294113159
1371645345.76
0.0997750759125
1371645345.86
0.10013794899
1371645345.96
0.101168870926
1371645346.06
0.0984680652618
1371645346.16
0.100476980209
1371645346.26
0.100087165833
1371645346.36
0.0992858409882
1371645346.46
0.101441144943
1371645346.56
0.0998418331146
1371645346.66
0.0990121364594
1371645346.76
0.10049200058
1371645346.86
0.100173950195
1371645346.96
0.0996248722076
1371645347.06
0.100529193878
1371645347.16
0.103011846542
1371645347.26
0.0991151332855
1371645347.36
0.0971348285675
1371645347.46
0.0997071266174
1371645347.56
0.100821971893
1371645347.66
0.099748134613
1371645347.76
0.100822925568
1371645347.86
0.100542068481
1371645347.96
0.0991389751434
1371645348.06
0.100576877594
1371645348.16
0.0995330810547
1371645348.26
0.100026845932
1371645348.36
0.102176189423
1371645348.46
0.10190486908
1371645348.56
0.0966420173645
1371645348.66
0.0996451377869
1371645348.76
0.0993938446045
1371645348.86
0.101032018661
1371645348.96
0.0993621349335
1371645349.06
0.0996789932251
1371645349.31
0.252501010895
1371645349.31
0.00260496139526
1371645349.36
0.0454618930817
1371645349.46
0.100247144699
1371645349.56
0.0999059677124
1371645349.66
0.100453853607
1371645349.76
0.0993201732635
1371645349.86
0.100709915161
1371645349.96
0.0987410545349
1371645350.06
0.0991199016571
1371645350.16
0.101737976074
1371645350.26
0.101496934891
1371645350.36
0.0990540981293
1371645350.46
0.10088801384
1371645350.56
0.0996959209442
1371645350.66
0.102135181427
1371645350.76
0.0972399711609
1371645351.04
0.277727842331
1371645351.04
0.00556612014771
1371645351.06
0.0172839164734
1371645351.16
0.0993101596832
1371645351.26
0.100428819656
1371645351.36
0.0996210575104
1371645351.46
0.100511074066
1371645351.56
0.100038051605
1371645351.66
0.0998458862305
1371645351.76
0.0994820594788
1371645351.86
0.100652933121
1371645351.96
0.0995221138
1371645352.06
0.100360870361
1371645352.16
0.100476980209
1371645352.26
0.0987570285797
1371645352.36
0.100562095642
1371645352.46
0.0995359420776
1371645352.56
0.100727081299
1371645352.66
0.101705789566
1371645352.76
0.0981290340424
1371645352.86
0.100965976715
1371645352.96
0.0998961925507
1371645353.06
0.0994279384613
1371645353.17
0.109559059143
1371645353.26
0.0908918380737
1371645353.36
0.0997631549835
1371645353.46
0.0998358726501
1371645353.56
0.10036611557
1371645353.66
0.0999569892883
1371645353.76
0.100141048431
1371645353.86
0.0995309352875
1371645353.96
0.101206064224
1371645354.06
0.0996289253235
1371645354.16
0.10006403923
1371645354.26
0.0990269184113
1371645354.36
0.100246906281
1371645354.46
0.101308107376
1371645354.56
0.0988140106201
1371645354.66
0.100419998169
1371645354.76
0.0997099876404
1371645354.86
0.0999369621277
1371645354.96
0.100253105164
1371645355.06
0.0997178554535
1371645355.3
0.245257139206
1371645355.3
1.09672546387e-05
1371645355.36
0.0559730529785
1371645355.46
0.0993418693542
1371645355.56
0.100458145142
1371645355.66
0.0995948314667
1371645355.76
0.100474119186
1371645355.86
0.101979017258
1371645355.96
0.0981588363647
1371645356.06
0.0995399951935
1371645356.16
0.100672006607
1371645356.26
0.100072145462
1371645356.36
0.0994319915771
1371645356.46
0.0998420715332
1371645356.56
0.0999398231506
1371645356.66
0.100667953491
1371645356.76
0.0999021530151
1371645356.86
0.0999760627747
1371645356.96
0.100005865097
1371645357.06
0.100526094437
1371645357.16
0.100412845612
1371645357.26
0.0990760326385
1371645357.36
0.0996990203857
1371645357.64
0.276165962219
1371645357.64
0.0022280216217
1371645357.66
0.0228099822998
1371645357.76
0.0997610092163
1371645357.86
0.102312088013
1371645357.96
0.0982809066772
1371645358.06
0.100409030914
1371645358.16
0.0988190174103
1371645358.26
0.10098195076
1371645358.36
0.100332975388
1371645358.46
0.0992431640625
1371645358.56
0.100149869919
1371645358.66
0.10001707077
1371645358.76
0.0995869636536
1371645358.86
0.100170135498
1371645358.96
0.0998718738556
1371645359.06
0.0998070240021
1371645359.16
0.0999479293823
1371645359.26
0.0997049808502
1371645359.36
0.102319002151
1371645359.46
0.0973830223083
1371645359.56
0.100886106491
1371645359.66
0.0992679595947
1371645359.76
0.100291013718
1371645359.86
0.100455999374
1371645359.96
0.100102901459
1371645360.06
0.100241184235
1371645360.16
0.10061788559
1371645360.26
0.0996420383453
1371645360.36
0.0997400283813
1371645360.46
0.101480960846
1371645360.56
0.0989410877228
1371645360.76
0.200204849243
1371645360.86
0.0999031066895
1371645360.96
0.100066900253
1371645361.06
0.099858045578
1371645361.16
0.0996260643005
1371645361.26
0.100420951843
1371645361.36
0.100208997726
1371645361.46
0.0996999740601
1371645361.69
0.223289966583
1371645361.69
1.4066696167e-05
1371645361.76
0.0770070552826
1371645361.86
0.0995779037476
1371645361.96
0.100052118301
1371645362.06
0.100125789642
1371645362.16
0.0996701717377
1371645362.26
0.0999748706818
1371645362.36
0.0998599529266
1371645362.46
0.100620031357
1371645362.56
0.10026717186
1371645362.66
0.100688934326
1371645362.76
0.0996608734131
1371645362.86
0.100247144699
1371645362.97
0.101958990097
1371645363.06
0.0980958938599
1371645363.16
0.100061178207
1371645363.26
0.10032582283
1371645363.36
0.0999920368195
1371645363.46
0.0996849536896
1371645363.57
0.101736068726
1371645363.91
0.340621948242
1371645363.91
0.000518083572388
1371645363.91
1.28746032715e-05
1371645363.96
0.0566990375519
1371645364.06
0.10050702095
1371645364.16
0.099622964859
1371645364.26
0.100255012512
1371645364.36
0.0999050140381
1371645364.46
0.10081911087
1371645364.56
0.0993189811707
1371645364.66
0.0998618602753
1371645364.76
0.100581169128
1371645364.86
0.0999100208282
1371645364.96
0.0991048812866
1371645365.06
0.10183596611
1371645365.17
0.100496053696
1371645365.27
0.10356092453
1371645365.36
0.0950210094452
1371645365.46
0.100223064423
1371645365.56
0.100244045258
1371645365.66
0.0997538566589
1371645365.76
0.100596189499
1371645365.86
0.0995500087738
1371645365.96
0.100245952606
1371645366.07
0.100712060928
1371645366.16
0.0990889072418
1371645366.27
0.100837945938
1371645366.36
0.0987601280212
1371645366.46
0.10051202774
1371645366.56
0.0998477935791
1371645366.66
0.100121021271
1371645366.76
0.100639104843
1371645366.86
0.099426984787
1371645366.97
0.100786924362
1371645367.06
0.0988190174103
1371645367.16
0.100355148315
1371645367.26
0.0998358726501
1371645367.37
0.108078956604
1371645367.47
0.0929400920868
1371645367.56
0.0992450714111
1371645367.67
0.100770950317
1371645367.77
0.100045919418
1371645367.87
0.0999510288239
1371645368.11
0.242614030838
1371645368.11
1.19209289551e-05
1371645368.17
0.0575129985809
1371645368.27
0.100345134735
1371645368.37
0.100615978241
1371645368.47
0.0989680290222
1371645368.57
0.100390911102
1371645368.67
0.10017991066
1371645368.77
0.106386184692
1371645368.87
0.0931708812714
1371645368.97
0.100095033646
1371645369.06
0.099426984787
1371645369.17
0.100121974945
1371645369.27
0.109384059906
1371645369.37
0.0906150341034
1371645369.47
0.100554943085
1371645369.57
0.0999279022217
1371645369.67
0.100392103195
1371645369.77
0.0994808673859
1371645369.87
0.100289106369
1371645369.97
0.0997960567474
1371645370.31
0.345676898956
1371645370.33
0.0180280208588
1371645370.33
2.69412994385e-05
1371645370.37
0.0372111797333
1371645370.47
0.0999648571014
1371645370.57
0.100079059601
1371645370.67
0.0995409488678
1371645370.77
0.100101947784
1371645370.87
0.100342988968
1371645370.97
0.100432157516
1371645371.07
0.0990898609161
1371645371.17
0.100171089172
1371645371.27
0.101435899734
1371645371.37
0.0985970497131
1371645371.47
0.099769115448
1371645371.57
0.100494861603
1371645371.67
0.10130405426
1371645371.77
0.0984890460968
1371645371.87
0.0997240543365
1371645371.97
0.100973844528
1371645372.07
0.0990080833435
1371645372.17
0.100322008133
1371645372.27
0.100086927414
1371645372.37
0.0995240211487
1371645372.47
0.101042032242
1371645372.57
0.100867986679
1371645372.67
0.0994820594788
1371645372.77
0.103291988373
1371645372.87
0.0974869728088
1371645372.97
0.0994670391083
1371645373.07
0.100457906723
1371645373.17
0.0991339683533
1371645373.27
0.100154161453
1371645373.37
0.100211858749
1371645373.47
0.0997891426086
1371645373.57
0.100594997406
1371645373.67
0.0998129844666
1371645373.77
0.100131034851
1371645373.87
0.0999879837036
1371645373.97
0.0998389720917
1371645374.07
0.0997588634491
1371645374.17
0.0999681949615
1371645374.27
0.0999159812927
1371645374.51
0.24135184288
1371645374.51
1.4066696167e-05
1371645374.57
0.0593240261078
1371645374.67
0.0992860794067
1371645374.77
0.100456953049
1371645374.87
0.0999820232391
1371645374.97
0.0995628833771
1371645375.07
0.099897146225
1371645375.17
0.101073980331
1371645375.37
0.20115685463
1371645375.47
0.0996119976044
1371645375.57
0.099466085434
1371645375.67
0.0998840332031
1371645375.77
0.099869966507
1371645375.87
0.0999619960785
1371645375.97
0.0999128818512
1371645376.07
0.100136995316
1371645376.17
0.100350141525
1371645376.27
0.100030899048
1371645376.38
0.114174127579
1371645376.71
0.32497382164
1371645376.71
0.00624108314514
1371645376.71
1.59740447998e-05
1371645376.77
0.0538980960846
1371645376.87
0.100318908691
1371645376.97
0.0999829769135
1371645377.07
0.101680994034
1371645377.17
0.0984270572662
1371645377.27
0.100369930267
1371645377.37
0.0996541976929
1371645377.47
0.100629806519
1371645377.57
0.100340127945
1371645377.67
0.100075006485
1371645377.77
0.0998799800873
1371645377.87
0.100069999695
1371645377.97
0.102041959763
1371645378.07
0.0983428955078
1371645378.17
0.0995481014252
1371645378.27
0.101162910461
1371645378.37
0.0991020202637
1371645378.47
0.0996580123901
1371645378.57
0.100435972214
1371645378.67
0.0999851226807
1371645378.77
0.0996329784393
1371645378.87
0.101130962372
1371645378.97
0.098464012146
1371645379.07
0.1005859375
1371645379.17
0.0995609760284
1371645379.27
0.100257158279
1371645379.37
0.100275039673
1371645379.47
0.102891921997
1371645379.57
0.0970659255981
1371645379.67
0.0995969772339
1371645379.77
0.101005077362
1371645379.87
0.0990378856659
1371645379.97
0.101381063461
1371645380.07
0.0999190807343
1371645380.17
0.100072860718
1371645380.27
0.0998520851135
1371645380.37
0.0997629165649
1371645380.47
0.0997500419617
1371645380.57
0.10081911087
1371645380.67
0.099506855011
1371645380.91
0.240047216415
1371645380.91
0.000892877578735
1371645380.98
0.066260099411
1371645381.07
0.0943858623505
1371645381.17
0.0983381271362
1371645381.27
0.100400924683
1371645381.37
0.0999751091003
1371645381.47
0.099898815155
1371645381.57
0.100648164749
1371645381.67
0.0989899635315
1371645381.87
0.200722932816
1371645381.97
0.0993640422821
1371645382.07
0.100028038025
1371645382.17
0.10017490387
1371645382.27
0.0998270511627
1371645382.37
0.10060095787
1371645382.47
0.0998709201813
1371645382.57
0.101068019867
1371645382.67
0.0999619960785
1371645382.8
0.126501083374
1371645382.87
0.0748710632324
1371645383.21
0.33833694458
1371645383.21
8.01086425781e-05
1371645383.21
1.09672546387e-05
1371645383.27
0.0598568916321
1371645383.37
0.0998439788818
1371645383.47
0.10009098053
1371645383.57
0.099977016449
1371645383.67
0.100343942642
1371645383.77
0.100045204163
1371645383.87
0.0997560024261
1371645383.97
0.101674795151
1371645384.07
0.099160194397
1371645384.17
0.0986149311066
1371645384.27
0.102480888367
1371645384.37
0.0981051921844
1371645384.47
0.0997538566589
1371645384.57
0.100242137909
1371645384.67
0.0999398231506
1371645384.77
0.100162029266
1371645384.87
0.100521087646
1371645384.98
0.108658075333
1371645385.07
0.0924439430237
1371645385.17
0.0986988544464
1371645385.27
0.100306987762
1371645385.37
0.0998470783234
1371645385.47
0.0999839305878
1371645385.57
0.100987195969
1371645385.67
0.0995819568634
1371645385.77
0.0999839305878
1371645385.87
0.099828004837
1371645385.97
0.0994648933411
1371645386.07
0.100797176361
1371645386.17
0.0997910499573
1371645386.27
0.099595785141
1371645386.37
0.101360082626
1371645386.47
0.0988440513611
1371645386.57
0.0999109745026
1371645386.67
0.0999619960785
1371645386.77
0.100481033325
1371645386.88
0.108893871307
1371645386.97
0.0909481048584
1371645387.07
0.0994400978088
1371645387.29
0.221368789673
1371645387.3
0.00607419013977
1371645387.37
0.0736927986145
1371645387.47
0.100435018539
1371645387.57
0.0996279716492
1371645387.68
0.108839035034
1371645387.77
0.0915260314941
1371645387.87
0.0999660491943
1371645387.97
0.100059986115
1371645388.07
0.0996639728546
1371645388.17
0.100070953369
1371645388.28
0.102375984192
1371645388.37
0.097813129425
1371645388.47
0.100144863129
1371645388.57
0.100026130676
1371645388.67
0.10001206398
1371645388.77
0.099956035614
1371645388.87
0.0996689796448
1371645388.97
0.0999248027802
1371645389.07
0.100910186768
1371645389.21
0.135915994644
1371645389.27
0.0640399456024
1371645389.6
0.324007034302
1371645389.6
0.000298976898193
1371645389.6
1.09672546387e-05
1371645389.67
0.0750970840454
1371645389.77
0.101405858994
1371645389.87
0.0984480381012
1371645389.97
0.099818944931
1371645390.07
0.101261138916
1371645390.18
0.101126909256
1371645390.27
0.0989561080933
1371645390.37
0.0999739170074
1371645390.47
0.0997960567474
1371645390.58
0.100924968719
1371645390.67
0.0990190505981
1371645390.77
0.0998158454895
1371645390.87
0.10070514679
1371645390.97
0.099732875824
1371645391.07
0.100087165833
1371645391.18
0.101073980331
1371645391.27
0.098659992218
1371645391.37
0.100793838501
1371645391.47
0.0993180274963
1371645391.57
0.0997750759125
1371645391.67
0.099809885025
1371645391.77
0.100268125534
1371645391.87
0.100353956223
1371645391.98
0.10061788559
1371645392.07
0.0990571975708
1371645392.17
0.0998499393463
1371645392.28
0.103082895279
1371645392.37
0.0971701145172
1371645392.48
0.101408958435
1371645392.58
0.0996029376984
1371645392.68
0.0998361110687
1371645392.78
0.100588083267
1371645392.88
0.0993568897247
1371645392.97
0.0999190807343
1371645393.08
0.102953910828
1371645393.18
0.0977399349213
1371645393.28
0.0997891426086
1371645393.38
0.0998449325562
1371645393.48
0.100104093552
1371645393.7
0.223328828812
1371645393.7
0.00149011611938
1371645393.78
0.0759868621826
1371645393.88
0.0992131233215
1371645393.98
0.1001329422
1371645394.08
0.0997891426086
1371645394.18
0.100070953369
1371645394.28
0.100303888321
1371645394.38
0.100101947784
1371645394.48
0.0994281768799
1371645394.58
0.100499868393
1371645394.68
0.0999100208282
1371645394.78
0.0995600223541
1371645395.1
0.322225093842
1371645395.1
0.000715017318726
1371645395.1
9.77516174316e-06
1371645395.18
0.079469203949
1371645395.28
0.0986180305481
1371645395.38
0.0997588634491
1371645395.48
0.101187944412
1371645395.58
0.0988211631775
1371645395.68
0.10022187233
1371645395.78
0.100016117096
1371645395.88
0.0999479293823
1371645395.98
0.100147008896
1371645396.08
0.0996248722076
1371645396.18
0.102066040039
1371645396.28
0.0977890491486
1371645396.38
0.100574016571
1371645396.48
0.0995960235596
1371645396.58
0.10022187233
1371645396.68
0.100441217422
1371645396.78
0.0999128818512
1371645396.88
0.100070953369
1371645396.98
0.0998849868774
1371645397.08
0.0995581150055
1371645397.18
0.10010099411
1371645397.28
0.100363969803
1371645397.38
0.100156068802
1371645397.48
0.100633859634
1371645397.58
0.0995380878448
1371645397.68
0.102387905121
1371645397.79
0.106887102127
1371645397.88
0.091372013092
1371645397.98
0.0998039245605
1371645398.08
0.100621938705
1371645398.18
0.0992860794067
1371645398.28
0.103153944016
1371645398.38
0.0970900058746
1371645398.48
0.0999720096588
1371645398.58
0.104041099548
1371645398.68
0.0960519313812
1371645398.78
0.099445104599
1371645398.88
0.100284814835
1371645398.98
0.100092172623
1371645399.22
0.239248037338
1371645399.22
0.00670981407166
1371645399.28
0.0548951625824
1371645399.38
0.0991599559784
1371645399.48
0.0999710559845
1371645399.58
0.09983086586
1371645399.68
0.100074052811
1371645399.78
0.100908041
1371645399.88
0.100553035736
1371645400.24
0.358363866806
1371645400.24
0.00611901283264
1371645400.24
1.31130218506e-05
1371645400.41
0.16733288765
1371645400.41
5.41210174561e-05
1371645400.48
0.068619966507
1371645400.58
0.0986180305481
1371645400.68
0.100113868713
1371645400.78
0.100352048874
1371645400.88
0.0998818874359
1371645400.98
0.099858045578
1371645401.08
0.0999660491943
1371645401.18
0.100352048874
1371645401.28
0.100641965866
1371645401.38
0.0995659828186
1371645401.48
0.10001206398
1371645401.58
0.100224018097
1371645401.68
0.100126028061
1371645401.78
0.0993509292603
1371645401.88
0.100555896759
1371645401.98
0.10133099556
1371645402.08
0.0985991954803
1371645402.18
0.101673841476
1371645402.28
0.0979990959167
1371645402.38
0.100118875504
1371645402.48
0.102499961853
1371645402.58
0.0984771251678
1371645402.68
0.103058099747
1371645402.78
0.096795797348
1371645402.88
0.100318193436
1371645402.98
0.100791931152
1371645403.08
0.0991370677948
1371645403.18
0.0993809700012
1371645403.28
0.100414991379
1371645403.38
0.0994429588318
1371645403.48
0.100406885147
1371645403.58
0.100471019745
1371645403.68
0.0997979640961
1371645403.78
0.0992181301117
1371645403.88
0.101427078247
1371645403.98
0.0998849868774
1371645404.08
0.099408864975
1371645404.18
0.0999281406403
1371645404.39
0.213313817978
1371645404.39
0.00116515159607
1371645404.48
0.0849959850311
1371645404.58
0.100156068802
1371645404.68
0.100601911545
1371645404.78
0.099219083786
1371645404.88
0.10141992569
1371645404.98
0.0993049144745
1371645405.08
0.104187011719
1371645405.18
0.0983591079712
1371645405.28
0.0979199409485
1371645405.38
0.103062868118
1371645405.48
0.0977671146393
1371645405.58
0.0987260341644
1371645405.68
0.100827932358
1371645405.78
0.100090026855
1371645405.88
0.0999789237976
1371645405.98
0.10121512413
1371645406.08
0.0988368988037
1371645406.18
0.0995740890503
1371645406.28
0.0998170375824
1371645406.64
0.35763502121
1371645406.65
0.00899791717529
1371645406.65
1.69277191162e-05
1371645406.8
0.157688140869
1371645406.81
0.00170803070068
1371645406.88
0.0745007991791
1371645406.98
0.0996429920197
1371645407.08
0.1001060009
1371645407.18
0.100141048431
1371645407.28
0.100594043732
1371645407.38
0.100594997406
1371645407.48
0.0995180606842
1371645407.58
0.100436925888
1371645407.68
0.0999739170074
1371645407.78
0.100344181061
1371645407.88
0.0993459224701
1371645407.98
0.10079908371
1371645408.08
0.0993349552155
1371645408.18
0.103059053421
1371645408.28
0.097470998764
1371645408.38
0.0996789932251
1371645408.48
0.0994248390198
1371645408.58
0.100604057312
1371645408.68
0.0998599529266
1371645408.79
0.10391998291
1371645408.88
0.0960721969604
1371645408.98
0.100142002106
1371645409.08
0.0996959209442
1371645409.18
0.0996658802032
1371645409.28
0.100094079971
1371645409.38
0.100346088409
1371645409.48
0.0996580123901
1371645409.58
0.100317001343
1371645409.68
0.0995399951935
1371645409.78
0.0998408794403
1371645409.88
0.100167989731
1371645409.98
0.101503133774
1371645410.08
0.0999548435211
1371645410.19
0.102916002274
1371645410.28
0.0974099636078
1371645410.38
0.0999460220337
1371645410.48
0.0994520187378
1371645410.58
0.100273132324
1371645410.81
0.228222846985
1371645410.82
0.00600409507751
1371645410.88
0.0659420490265
1371645410.98
0.100121021271
1371645411.08
0.0995428562164
1371645411.18
0.100327014923
1371645411.28
0.0996849536896
1371645411.38
0.0995881557465
1371645411.49
0.106951951981
1371645411.58
0.0938720703125
1371645411.68
0.0993738174438
1371645411.78
0.100270986557
1371645411.88
0.0998802185059
1371645411.98
0.100129842758
1371645412.08
0.100270032883
1371645412.18
0.0994601249695
1371645412.28
0.100327968597
1371645412.38
0.101094007492
1371645412.49
0.102118968964
1371645412.58
0.0992438793182
1371645412.68
0.0986449718475
1371645413.01
0.323312997818
1371645413.01
0.00109601020813
1371645413.01
1.90734863281e-05
1371645413.08
0.0755259990692
1371645413.18
0.0998349189758
1371645413.28
0.100395202637
1371645413.38
0.0994338989258
1371645413.48
0.100281000137
1371645413.58
0.100197076797
1371645413.68
0.100252866745
1371645413.78
0.0993540287018
1371645413.88
0.100525140762
1371645413.98
0.100059986115
1371645414.08
0.0998239517212
1371645414.18
0.0994288921356
1371645414.28
0.101715087891
1371645414.38
0.0987019538879
1371645414.48
0.0999450683594
1371645414.58
0.0999269485474
1371645414.68
0.100394010544
1371645414.78
0.100249052048
1371645414.88
0.099711894989
1371645414.98
0.100973129272
1371645415.08
0.100375890732
1371645415.18
0.0995600223541
1371645415.28
0.10042309761
1371645415.38
0.0990989208221
1371645415.48
0.100113868713
1371645415.58
0.100587129593
1371645415.7
0.113615989685
1371645415.78
0.0857889652252
1371645415.88
0.0999269485474
1371645415.98
0.100481033325
1371645416.09
0.100577116013
1371645416.18
0.0991380214691
1371645416.28
0.0999448299408
1371645416.38
0.0997881889343
1371645416.48
0.100399971008
1371645416.58
0.100121974945
1371645416.68
0.0999670028687
1371645416.78
0.0999610424042
1371645416.88
0.0996038913727
1371645417.13
0.246578931808
1371645417.13
0.00151014328003
1371645417.18
0.0518398284912
1371645417.28
0.100406169891
1371645417.39
0.100668907166
1371645417.49
0.100162029266
1371645417.59
0.101871967316
1371645417.69
0.0983679294586
1371645417.79
0.0996131896973
1371645417.89
0.10037779808
1371645417.98
0.0994491577148
1371645418.09
0.100887060165
1371645418.19
0.0994107723236
1371645418.29
0.0998911857605
1371645418.39
0.103524923325
1371645418.49
0.0966958999634
1371645418.59
0.100654125214
1371645418.69
0.100020885468
1371645418.79
0.100569009781
1371645418.89
0.0989329814911
1371645418.99
0.0998771190643
1371645419.09
0.100364923477
1371645419.43
0.347187995911
1371645419.44
0.00305414199829
1371645419.44
1.09672546387e-05
1371645419.58
0.144335031509
1371645419.59
0.00508403778076
1371645419.69
0.0996868610382
1371645419.79
0.101428031921
1371645419.89
0.0995569229126
1371645419.99
0.0997869968414
1371645420.09
0.100579023361
1371645420.19
0.0994729995728
1371645420.29
0.101351976395
1371645420.4
0.108770132065
1371645420.49
0.0898108482361
1371645420.59
0.100360155106
1371645420.69
0.10062789917
1371645420.79
0.099769115448
1371645420.89
0.0991640090942
1371645420.99
0.100541830063
1371645421.09
0.0993230342865
1371645421.19
0.10519695282
1371645421.29
0.0953271389008
1371645421.39
0.0999338626862
1371645421.49
0.100175142288
1371645421.59
0.0997219085693
1371645421.69
0.100372076035
1371645421.79
0.101013898849
1371645421.89
0.0990660190582
1371645421.99
0.100083112717
1371645422.09
0.0996718406677
1371645422.19
0.0999691486359
1371645422.29
0.100208044052
1371645422.39
0.0997018814087
1371645422.49
0.10188293457
1371645422.59
0.0988571643829
1371645422.69
0.099956035614
1371645422.79
0.100272893906
1371645422.89
0.100600004196
1371645422.99
0.0993130207062
1371645423.09
0.100565910339
1371645423.19
0.0995311737061
1371645423.29
0.100560903549
1371645423.39
0.0997569561005
1371645423.59
0.198286056519
1371645423.59
0.00246000289917
1371645423.69
0.099102973938
1371645423.79
0.0999360084534
1371645423.89
0.100723028183
1371645423.99
0.099632024765
1371645424.09
0.100891828537
1371645424.19
0.098405122757
1371645424.29
0.100719928741
1371645424.39
0.0995390415192
1371645424.49
0.100327014923
1371645424.59
0.0997540950775
1371645424.69
0.100003004074
1371645424.79
0.10048699379
1371645424.89
0.10107088089
1371645424.99
0.0996799468994
1371645425.09
0.0996081829071
1371645425.19
0.100691795349
1371645425.29
0.100365161896
1371645425.39
0.100517988205
1371645425.49
0.0986549854279
1371645425.83
0.340064048767
1371645425.83
0.00180792808533
1371645425.83
1.00135803223e-05
1371645425.89
0.0584678649902
1371645425.99
0.0994491577148
1371645426.09
0.100168943405
1371645426.19
0.0998339653015
1371645426.29
0.100397109985
1371645426.39
0.0999028682709
1371645426.49
0.0997431278229
1371645426.59
0.100065946579
1371645426.69
0.100671052933
1371645426.79
0.0993888378143
1371645426.89
0.0997672080994
1371645426.99
0.100219964981
1371645427.09
0.10006403923
1371645427.19
0.0998809337616
1371645427.29
0.101315021515
1371645427.39
0.0994670391083
1371645427.49
0.101354837418
1371645427.59
0.0996420383453
1371645427.69
0.0991680622101
1371645427.79
0.0999228954315
1371645427.89
0.100679159164
1371645428.0
0.109362840652
1371645428.09
0.0904130935669
1371645428.19
0.100029945374
1371645428.29
0.101371049881
1371645428.39
0.0984990596771
1371645428.49
0.0998818874359
1371645428.59
0.100934028625
1371645428.69
0.0989570617676
1371645428.79
0.100915908813
1371645428.89
0.0992391109467
1371645428.99
0.0997018814087
1371645429.09
0.105214118958
1371645429.19
0.0953488349915
1371645429.29
0.100322008133
1371645429.39
0.100011110306
1371645429.49
0.100020885468
1371645429.59
0.0989639759064
1371645429.69
0.100525140762
1371645429.79
0.100024938583
1371645430.01
0.220861911774
1371645430.01
0.00296807289124
1371645430.09
0.0791549682617
1371645430.19
0.09867811203
1371645430.29
0.0993449687958
1371645430.39
0.10119509697
1371645430.49
0.0999319553375
1371645430.59
0.0993468761444
1371645430.69
0.101901054382
1371645430.79
0.1000020504
1371645430.89
0.0977339744568
1371645430.99
0.10112786293
1371645431.09
0.100318193436
1371645431.19
0.101886034012
1371645431.29
0.100016832352
1371645431.39
0.0982980728149
1371645431.49
0.0981628894806
1371645431.59
0.101633071899
1371645431.7
0.103317975998
1371645431.79
0.0969569683075
1371645431.89
0.102051973343
1371645432.21
0.311427116394
1371645432.21
0.000452041625977
1371645432.21
1.19209289551e-05
1371645432.3
0.0902779102325
1371645432.39
0.0969641208649
1371645432.49
0.0983180999756
1371645432.59
0.0996778011322
1371645432.7
0.104663133621
1371645432.79
0.0972020626068
1371645432.89
0.0991468429565
1371645432.99
0.101959943771
1371645433.09
0.0980741977692
1371645433.2
0.103986978531
1371645433.3
0.100383996964
1371645433.39
0.0967099666595
1371645433.49
0.0989880561829
1371645433.6
0.104954004288
1371645433.69
0.0954079627991
1371645433.79
0.0999388694763
1371645433.89
0.0984070301056
1371645434.0
0.103917121887
1371645434.1
0.102304935455
1371645434.19
0.0950169563293
1371645434.3
0.103385925293
1371645434.39
0.0955190658569
1371645434.49
0.100925922394
1371645434.59
0.101002216339
1371645434.7
0.110193967819
1371645434.79
0.0903089046478
1371645434.9
0.10333609581
1371645434.99
0.0961058139801
1371645435.09
0.101293087006
1371645435.19
0.0988969802856
1371645435.29
0.100614070892
1371645435.39
0.0981230735779
1371645435.49
0.101950883865
1371645435.59
0.0992720127106
1371645435.7
0.102786064148
1371645435.79
0.095988035202
1371645435.9
0.104138851166
1371645435.99
0.096764087677
1371645436.09
0.100069999695
1371645436.41
0.316345930099
1371645436.41
0.000648021697998
1371645436.41
9.05990600586e-06
1371645436.49
0.0837600231171
1371645436.59
0.0990998744965
1371645436.7
0.103814125061
1371645436.8
0.0982258319855
1371645436.89
0.0972862243652
1371645436.99
0.101535797119
1371645437.09
0.101011037827
1371645437.19
0.0975439548492
1371645437.29
0.101521015167
1371645437.4
0.103022098541
1371645437.49
0.0971939563751
1371645437.59
0.100264072418
1371645437.7
0.100589036942
1371645437.8
0.100411891937
1371645437.89
0.0986931324005
1371645438.0
0.105695962906
1371645438.09
0.0935618877411
1371645438.2
0.102360963821
1371645438.51
0.312222003937
1371645438.51
0.00489711761475
1371645438.51
1.09672546387e-05
1371645438.59
0.0811750888824
1371645438.69
0.100158929825
1371645438.79
0.100528001785
1371645438.89
0.100197076797
1371645439.0
0.100907802582
1371645439.1
0.0992040634155
1371645439.19
0.0990710258484
1371645439.29
0.100506067276
1371645439.39
0.0985670089722
1371645439.5
0.105185031891
1371645439.59
0.0958898067474
1371645439.69
0.100363969803
1371645439.8
0.105003118515
1371645439.89
0.0953109264374
1371645440.0
0.100250005722
1371645440.1
0.100270986557
1371645440.2
0.100342988968
1371645440.3
0.100445985794
1371645440.4
0.0990660190582
1371645440.49
0.0983200073242
1371645440.59
0.100563049316
1371645440.69
0.100256919861
1371645440.8
0.102205038071
1371645440.9
0.100208997726
1371645441.0
0.0989730358124
1371645441.1
0.0996279716492
1371645441.2
0.100669145584
1371645441.29
0.0983259677887
1371645441.4
0.101258039474
1371645441.5
0.102705001831
1371645441.59
0.096305847168
1371645441.7
0.101683139801
1371645441.8
0.100000858307
1371645441.89
0.097843170166
1371645441.99
0.100011825562
1371645442.1
0.101001977921
1371645442.2
0.101399183273
1371645442.3
0.10112285614
1371645442.61
0.315279006958
1371645442.62
0.00444912910461
1371645442.62
1.09672546387e-05
1371645442.7
0.0778620243073
1371645442.8
0.0997478961945
1371645442.9
0.100390911102
1371645443.0
0.100278139114
1371645443.1
0.100188016891
1371645443.2
0.103981018066
1371645443.3
0.0962338447571
1371645443.39
0.0987060070038
1371645443.5
0.100557088852
1371645443.6
0.100518941879
1371645443.7
0.0995180606842
1371645443.8
0.100482940674
1371645443.9
0.0990960597992
1371645444.0
0.100610971451
1371645444.1
0.099277973175
1371645444.2
0.100743055344
1371645444.31
0.119083881378
1371645444.66
0.344457149506
1371645444.66
0.00323891639709
1371645444.66
1.59740447998e-05
1371645444.7
0.0367641448975
1371645444.8
0.0967350006104
1371645444.9
0.101238012314
1371645445.0
0.100312948227
1371645445.1
0.10014796257
1371645445.2
0.100687980652
1371645445.3
0.0977470874786
1371645445.4
0.100020885468
1371645445.5
0.0999009609222
1371645445.6
0.100388050079
1371645445.7
0.0994999408722
1371645445.8
0.103263139725
1371645445.9
0.097461938858
1371645446.0
0.0995440483093
1371645446.1
0.0997569561005
1371645446.2
0.106673955917
1371645446.3
0.0943520069122
1371645446.4
0.0995171070099
1371645446.5
0.0993099212646
1371645446.6
0.102010965347
1371645446.71
0.108603954315
1371645446.8
0.0896360874176
1371645446.91
0.109064102173
1371645447.0
0.0967609882355
1371645447.1
0.0950849056244
1371645447.2
0.100409984589
1371645447.3
0.100836038589
1371645447.4
0.0996599197388
1371645447.5
0.0992560386658
1371645447.6
0.0999760627747
1371645447.7
0.100604057312
1371645447.8
0.0993888378143
1371645447.9
0.102432012558
1371645448.0
0.0974881649017
1371645448.1
0.100812911987
1371645448.2
0.100300073624
1371645448.3
0.10018491745
1371645448.4
0.100265979767
1371645448.5
0.0993530750275
1371645448.79
0.296412944794
1371645448.79
0.000327110290527
1371645448.8
0.00507378578186
1371645448.9
0.100289106369
1371645449.0
0.0974049568176
1371645449.1
0.0994441509247
1371645449.2
0.100838899612
1371645449.3
0.0996088981628
1371645449.4
0.10168504715
1371645449.5
0.100116968155
1371645449.6
0.0985250473022
1371645449.7
0.102041959763
1371645449.8
0.0980451107025
1371645449.9
0.100257873535
1371645450.0
0.100141048431
1371645450.1
0.10013794899
1371645450.2
0.0998342037201
1371645450.3
0.100987911224
1371645450.4
0.0999450683594
1371645450.5
0.100651025772
1371645450.6
0.105069875717
1371645450.7
0.0939109325409
1371645451.01
0.309859991074
1371645451.01
0.000610113143921
1371645451.01
2.69412994385e-05
1371645451.1
0.0890049934387
1371645451.2
0.101395130157
1371645451.3
0.0990529060364
1371645451.4
0.0995879173279
1371645451.5
0.099701166153
1371645451.6
0.0999069213867
1371645451.7
0.100276947021
1371645451.8
0.100801944733
1371645451.9
0.0991170406342
1371645452.0
0.100312948227
1371645452.1
0.105020999908
1371645452.2
0.0956451892853
1371645452.3
0.100914001465
1371645452.4
0.102017879486
1371645452.5
0.0970540046692
1371645452.6
0.100326061249
1371645452.7
0.0999269485474
1371645452.8
0.100084066391
1371645452.9
0.101081848145
1371645453.0
0.0988140106201
1371645453.1
0.0999531745911
1371645453.2
0.100657939911
1371645453.3
0.0997750759125
1371645453.4
0.0997149944305
1371645453.5
0.0997259616852
1371645453.6
0.100730895996
1371645453.7
0.0996379852295
1371645453.8
0.0998840332031
1371645453.9
0.100248098373
1371645454.0
0.0989458560944
1371645454.1
0.100824117661
1371645454.2
0.100368022919
1371645454.3
0.100852012634
1371645454.4
0.0988149642944
1371645454.5
0.0997898578644
1371645454.6
0.100978136063
1371645454.7
0.100795984268
1371645454.8
0.0998249053955
1371645455.08
0.276751041412
1371645455.08
0.00198411941528
1371645455.1
0.0209119319916
1371645455.21
0.105841875076
1371645455.31
0.0988621711731
1371645455.4
0.0953419208527
1371645455.5
0.100328922272
1371645455.6
0.10245513916
1371645455.7
0.0970978736877
1371645455.8
0.100422143936
1371645455.9
0.103103876114
1371645456.0
0.0975489616394
1371645456.1
0.0982902050018
1371645456.2
0.101749897003
1371645456.3
0.0992588996887
1371645456.4
0.099328994751
1371645456.5
0.100249052048
1371645456.6
0.100881099701
1371645456.7
0.0993480682373
1371645456.8
0.100467920303
1371645456.9
0.0994038581848
1371645457.0
0.101418018341
1371645457.33
0.326053142548
1371645457.33
0.00215697288513
1371645457.33
1.09672546387e-05
1371645457.4
0.071170091629
1371645457.5
0.10115981102
1371645457.6
0.0997040271759
1371645457.7
0.0993320941925
1371645457.8
0.0995590686798
1371645457.9
0.101120948792
1371645458.0
0.100409984589
1371645458.1
0.0983870029449
1371645458.2
0.100822925568
1371645458.31
0.10508108139
1371645458.4
0.0944759845734
1371645458.5
0.0998890399933
1371645458.6
0.100792884827
1371645458.7
0.100176095963
1371645458.8
0.099417924881
1371645458.9
0.101246118546
1371645459.0
0.0997908115387
1371645459.1
0.0990791320801
1371645459.2
0.0998260974884
1371645459.3
0.100793838501
1371645459.4
0.0994081497192
1371645459.5
0.0991928577423
1371645459.6
0.101217985153
1371645459.7
0.100175142288
1371645459.8
0.100234031677
1371645459.9
0.100299835205
1371645460.0
0.0989191532135
1371645460.1
0.101090908051
1371645460.2
0.0996758937836
1371645460.31
0.103981018066
1371645460.4
0.0962150096893
1371645460.5
0.101469039917
1371645460.6
0.0997879505157
1371645460.7
0.0984861850739
1371645460.8
0.100827932358
1371645460.9
0.100077867508
1371645461.0
0.0992741584778
1371645461.1
0.100503921509
1371645461.2
0.0989310741425
1371645461.48
0.279386043549
1371645461.48
0.00186991691589
1371645461.5
0.0200729370117
1371645461.6
0.100158929825
1371645461.7
0.100197076797
1371645461.8
0.0987470149994
1371645461.9
0.0996539592743
1371645462.0
0.100341081619
1371645462.1
0.101191997528
1371645462.2
0.100511074066
1371645462.3
0.0990979671478
1371645462.4
0.100354909897
1371645462.5
0.100343942642
1371645462.6
0.10031414032
1371645462.71
0.105865955353
1371645462.8
0.0943820476532
1371645462.9
0.0990250110626
1371645463.0
0.100088834763
1371645463.11
0.103649139404
1371645463.2
0.0963380336761
1371645463.3
0.0998229980469
1371645463.4
0.101269006729
1371645463.51
0.101431846619
1371645463.87
0.36429810524
1371645463.87
0.00312685966492
1371645463.87
1.00135803223e-05
1371645463.9
0.030179977417
1371645464.0
0.0990211963654
1371645464.11
0.105217933655
1371645464.2
0.0953478813171
1371645464.3
0.1000020504
1371645464.4
0.100620031357
1371645464.5
0.0985820293427
1371645464.6
0.101078987122
1371645464.7
0.100954055786
1371645464.8
0.0998208522797
1371645464.9
0.100505113602
1371645465.01
0.100379943848
1371645465.1
0.0995531082153
1371645465.2
0.0995578765869
1371645465.3
0.099974155426
1371645465.41
0.103328943253
1371645465.5
0.0961048603058
1371645465.6
0.100404977798
1371645465.7
0.100011110306
1371645465.8
0.100243091583
1371645465.9
0.099634885788
1371645466.0
0.0998060703278
1371645466.1
0.100157022476
1371645466.2
0.100873947144
1371645466.3
0.0995900630951
1371645466.4
0.10015296936
1371645466.51
0.103693962097
1371645466.61
0.0968770980835
1371645466.7
0.098582983017
1371645466.81
0.101697921753
1371645466.91
0.0998730659485
1371645467.0
0.0986478328705
1371645467.11
0.10105919838
1371645467.21
0.100601911545
1371645467.31
0.10008597374
1371645467.41
0.100093126297
1371645467.51
0.0995628833771
1371645467.61
0.104096889496
1371645467.71
0.0960130691528
1371645468.0
0.296875953674
1371645468.01
0.00425720214844
1371645468.01
0.00328683853149
1371645468.11
0.0950269699097
1371645468.21
0.100327014923
1371645468.31
0.100180149078
1371645468.41
0.099869966507
1371645468.51
0.100177049637
1371645468.61
0.0996508598328
1371645468.71
0.100476980209
1371645468.8
0.0990390777588
1371645468.91
0.100797891617
1371645469.0
0.0993270874023
1371645469.11
0.10170507431
1371645469.21
0.0995390415192
1371645469.31
0.0994439125061
1371645469.41
0.101388931274
1371645469.51
0.0984399318695
1371645469.61
0.100087165833
1371645469.71
0.100992918015
1371645469.81
0.10044002533
1371645469.91
0.0994529724121
1371645470.21
0.302438020706
1371645470.22
0.00838088989258
1371645470.22
1.50203704834e-05
1371645470.31
0.0887861251831
1371645470.41
0.100113868713
1371645470.51
0.100052118301
1371645470.61
0.100073099136
1371645470.71
0.100070953369
1371645470.81
0.100247859955
1371645470.91
0.0997891426086
1371645471.01
0.0999929904938
1371645471.11
0.0997679233551
1371645471.21
0.100377082825
1371645471.31
0.09983086586
1371645471.41
0.0996081829071
1371645471.51
0.100087881088
1371645471.61
0.100660085678
1371645471.71
0.0996010303497
1371645471.81
0.0994358062744
1371645471.91
0.100723028183
1371645472.01
0.0999190807343
1371645472.11
0.101162910461
1371645472.21
0.0996210575104
1371645472.31
0.100050926208
1371645472.41
0.100064992905
1371645472.51
0.100695133209
1371645472.61
0.0994989871979
1371645472.71
0.100369930267
1371645472.81
0.099102973938
1371645472.91
0.102252006531
1371645473.01
0.0982551574707
1371645473.11
0.100186824799
1371645473.21
0.0996270179749
1371645473.31
0.100610971451
1371645473.41
0.0996940135956
1371645473.51
0.10014295578
1371645473.61
0.100271224976
1371645473.71
0.0999670028687
1371645473.81
0.0992178916931
1371645473.91
0.0999639034271
1371645474.01
0.100542068481
1371645474.11
0.100523948669
1371645474.4
0.293840169907
1371645474.4
1.59740447998e-05
1371645474.41
0.00516200065613
1371645474.51
0.103857040405
1371645474.61
0.0968267917633
1371645474.71
0.101686000824
1371645474.81
0.0985770225525
1371645474.91
0.100020170212
1371645475.01
0.10037279129
1371645475.11
0.100338220596
1371645475.21
0.100124835968
1371645475.31
0.0995020866394
1371645475.41
0.100530862808
1371645475.51
0.0999391078949
1371645475.61
0.0997750759125
1371645475.71
0.102596998215
1371645475.81
0.0971260070801
1371645475.91
0.0996429920197
1371645476.01
0.100661039352
1371645476.11
0.100292921066
1371645476.5
0.38642001152
1371645476.5
0.00227999687195
1371645476.5
1.59740447998e-05
1371645476.52
0.019012928009
1371645476.61
0.0919761657715
1371645476.71
0.0996279716492
1371645476.81
0.0999310016632
1371645476.91
0.100437879562
1371645477.01
0.100162029266
1371645477.11
0.100373983383
1371645477.21
0.100008964539
1371645477.31
0.101246118546
1371645477.41
0.0989499092102
1371645477.51
0.099869966507
1371645477.61
0.101744174957
1371645477.71
0.0982527732849
1371645477.81
0.100784063339
1371645477.91
0.100242137909
1371645478.01
0.0987768173218
1371645478.11
0.0997650623322
1371645478.21
0.100539922714
1371645478.31
0.099552154541
1371645478.41
0.100066900253
1371645478.51
0.100744009018
1371645478.61
0.0993800163269
1371645478.71
0.0998101234436
1371645478.81
0.100334882736
1371645478.91
0.0999450683594
1371645479.01
0.0999000072479
1371645479.11
0.100188016891
1371645479.21
0.101141929626
1371645479.31
0.0989511013031
1371645479.41
0.0996308326721
1371645479.51
0.0998771190643
1371645479.61
0.101387023926
1371645479.71
0.100169897079
1371645479.82
0.1092441082
1371645479.91
0.0909399986267
1371645480.01
0.0999639034271
1371645480.11
0.0995750427246
1371645480.21
0.100363016129
1371645480.31
0.0999810695648
1371645480.54
0.227667808533
1371645480.54
1.31130218506e-05
1371645480.61
0.0734958648682
1371645480.71
0.101085186005
1371645480.81
0.0973138809204
1371645480.91
0.100548028946
1371645481.01
0.100522041321
1371645481.11
0.0992410182953
1371645481.21
0.0995819568634
1371645481.31
0.101453065872
1371645481.41
0.0988318920135
1371645481.51
0.0999701023102
1371645481.61
0.100477933884
1371645481.71
0.0999710559845
1371645481.81
0.0996758937836
1371645481.91
0.100008010864
1371645482.01
0.101145029068
1371645482.11
0.100074052811
1371645482.21
0.100754022598
1371645482.31
0.0988149642944
1371645482.41
0.0998959541321
1371645482.52
0.104182958603
1371645482.85
0.333868980408
1371645482.85
9.79900360107e-05
1371645482.85
1.81198120117e-05
1371645483.05
0.199305057526
1371645483.05
0.00391387939453
1371645483.11
0.0595071315765
1371645483.21
0.0989480018616
1371645483.31
0.100703001022
1371645483.42
0.107437849045
1371645483.51
0.0920350551605
1371645483.61
0.100845098495
1371645483.71
0.0990679264069
1371645483.81
0.100331068039
1371645483.91
0.100033998489
1371645484.01
0.0997869968414
1371645484.11
0.0997018814087
1371645484.21
0.100711107254
1371645484.31
0.0997159481049
1371645484.41
0.10019993782
1371645484.51
0.0993440151215
1371645484.61
0.101435899734
1371645484.71
0.0998430252075
1371645484.81
0.100076198578
1371645484.91
0.100133895874
1371645485.01
0.100382089615
1371645485.11
0.0996878147125
1371645485.21
0.0998151302338
1371645485.31
0.099417924881
1371645485.41
0.100181102753
1371645485.51
0.0999360084534
1371645485.61
0.100463867188
1371645485.71
0.100471973419
1371645485.81
0.099151134491
1371645485.91
0.101058959961
1371645486.01
0.0997259616852
1371645486.12
0.102463960648
1371645486.21
0.0970649719238
1371645486.31
0.100066184998
1371645486.41
0.099800825119
1371645486.51
0.0997471809387
1371645486.61
0.100165843964
1371645486.71
0.100466966629
1371645487.03
0.315050125122
1371645487.03
0.00519704818726
1371645487.04
0.00435400009155
1371645487.11
0.076593875885
1371645487.22
0.102313995361
1371645487.31
0.0973191261292
1371645487.41
0.100431919098
1371645487.51
0.0995850563049
1371645487.61
0.0999639034271
1371645487.71
0.0995919704437
1371645487.81
0.100532054901
1371645487.91
0.0995519161224
1371645488.01
0.101445198059
1371645488.11
0.0988438129425
1371645488.21
0.0996479988098
1371645488.31
0.100912094116
1371645488.41
0.0999739170074
1371645488.51
0.099445104599
1371645488.61
0.100018978119
1371645488.71
0.0999109745026
1371645488.81
0.10041308403
1371645488.91
0.101022005081
1371645489.27
0.351644039154
1371645489.27
0.00206398963928
1371645489.27
1.28746032715e-05
1371645489.31
0.0453500747681
1371645489.41
0.100718975067
1371645489.52
0.103163957596
1371645489.61
0.0967149734497
1371645489.71
0.100203037262
1371645489.81
0.100111961365
1371645489.91
0.0996270179749
1371645490.01
0.100400924683
1371645490.12
0.101366996765
1371645490.21
0.0987231731415
1371645490.31
0.0997450351715
1371645490.42
0.100647926331
1371645490.51
0.0994989871979
1371645490.61
0.100074052811
1371645490.71
0.0999348163605
1371645490.81
0.0994000434875
1371645490.91
0.100183010101
1371645491.01
0.0996570587158
1371645491.11
0.100229978561
1371645491.21
0.100618124008
1371645491.31
0.0994470119476
1371645491.41
0.099946975708
1371645491.51
0.100727796555
1371645491.61
0.099338054657
1371645491.71
0.100352048874
1371645491.81
0.0995440483093
1371645491.92
0.101250886917
1371645492.01
0.0989561080933
1371645492.12
0.101209878922
1371645492.22
0.100142002106
1371645492.32
0.100167989731
1371645492.42
0.0994300842285
1371645492.52
0.100260972977
1371645492.62
0.0999290943146
1371645492.72
0.0999138355255
1371645492.82
0.100323200226
1371645492.92
0.0999948978424
1371645493.02
0.100246906281
1371645493.12
0.0995171070099
1371645493.38
0.268791913986
1371645493.39
0.00244903564453
1371645493.41
0.0283360481262
1371645493.52
0.100250959396
1371645493.62
0.100149154663
1371645493.72
0.100039958954
1371645493.82
0.0998709201813
1371645493.92
0.0998289585114
1371645494.02
0.100286960602
1371645494.12
0.10030913353
1371645494.22
0.0993318557739
1371645494.32
0.100273132324
1371645494.42
0.101489067078
1371645494.52
0.102939844131
1371645494.62
0.0964801311493
1371645494.72
0.099958896637
1371645494.82
0.101387023926
1371645494.92
0.101969003677
1371645495.02
0.0975971221924
1371645495.12
0.0994198322296
1371645495.22
0.100651979446
1371645495.32
0.0993721485138
1371645495.67
0.3528008461
1371645495.84
0.172805070877
1371645495.84
3.09944152832e-05
1371645495.85
0.00736999511719
1371645495.85
1.31130218506e-05
1371645495.92
0.0672028064728
1371645496.02
0.0999341011047
1371645496.12
0.100855112076
1371645496.22
0.0988869667053
1371645496.32
0.10032582283
1371645496.42
0.100167036057
1371645496.52
0.103969097137
1371645496.62
0.098002910614
1371645496.72
0.097589969635
1371645496.82
0.0995090007782
1371645496.92
0.100363016129
1371645497.02
0.101005077362
1371645497.12
0.10559797287
1371645497.22
0.098109960556
1371645497.32
0.096204996109
1371645497.42
0.10001206398
1371645497.52
0.101605892181
1371645497.62
0.0986452102661
1371645497.72
0.100670814514
1371645497.82
0.100891113281
1371645497.92
0.0991609096527
1371645498.02
0.0999720096588
1371645498.12
0.101125001907
1371645498.22
0.0993280410767
1371645498.32
0.0990240573883
1371645498.42
0.099956035614
1371645498.52
0.102813959122
1371645498.62
0.096727848053
1371645498.72
0.100233078003
1371645498.82
0.101020097733
1371645498.92
0.0996668338776
1371645499.02
0.100275039673
1371645499.12
0.0987131595612
1371645499.22
0.100144863129
1371645499.32
0.100557088852
1371645499.42
0.0996868610382
1371645499.52
0.100890159607
1371645499.78
0.260608911514
1371645499.78
0.00137710571289
1371645499.82
0.0385708808899
1371645499.92
0.0993211269379
1371645500.02
0.0997908115387
1371645500.12
0.100419044495
1371645500.22
0.0998530387878
1371645500.32
0.100630998611
1371645500.42
0.0992751121521
1371645500.52
0.0999548435211
1371645500.62
0.100840091705
1371645500.72
0.100578069687
1371645500.82
0.0989978313446
1371645500.92
0.100327968597
1371645501.02
0.100162982941
1371645501.12
0.102477073669
1371645501.52
0.402471065521
1371645501.53
0.00423002243042
1371645501.53
3.00407409668e-05
1371645501.62
0.0908238887787
1371645501.72
0.100333929062
1371645501.82
0.0997850894928
1371645501.92
0.100267887115
1371645502.02
0.100641012192
1371645502.12
0.0994901657104
1371645502.22
0.100793838501
1371645502.32
0.0991551876068
1371645502.42
0.100077867508
1371645502.52
0.100990056992
1371645502.62
0.0993790626526
1371645502.72
0.099848985672
1371645502.82
0.0993719100952
1371645502.92
0.100811004639
1371645503.02
0.0988459587097
1371645503.12
0.101513147354
1371645503.22
0.0987968444824
1371645503.32
0.101211071014
1371645503.42
0.0985429286957
1371645503.52
0.100224018097
1371645503.62
0.0998749732971
1371645503.72
0.100614070892
1371645503.82
0.100003957748
1371645503.92
0.100268125534
1371645504.02
0.0998229980469
1371645504.12
0.0995709896088
1371645504.22
0.100010871887
1371645504.32
0.100016117096
1371645504.42
0.0995318889618
1371645504.52
0.10161113739
1371645504.62
0.0998628139496
1371645504.73
0.111937046051
1371645504.82
0.0880391597748
1371645505.02
0.19997382164
1371645505.12
0.100111961365
1371645505.22
0.103120088577
1371645505.32
0.0970120429993
1371645505.42
0.100801944733
1371645505.52
0.099228143692
1371645505.73
0.2058198452
1371645505.73
0.000365018844604
1371645505.82
0.0936551094055
1371645505.92
0.099977016449
1371645506.02
0.100565910339
1371645506.12
0.100481987
1371645506.22
0.0989170074463
1371645506.32
0.10068488121
1371645506.42
0.0993452072144
1371645506.52
0.100430011749
1371645506.62
0.0999748706818
1371645506.72
0.0992650985718
1371645506.83
0.105967998505
1371645506.92
0.0957138538361
1371645507.02
0.0992870330811
1371645507.12
0.10155415535
1371645507.22
0.0990228652954
1371645507.33
0.106307029724
1371645507.42
0.0943729877472
1371645507.52
0.100291967392
1371645507.86
0.337834119797
1371645507.86
0.000416994094849
1371645507.86
1.09672546387e-05
1371645507.92
0.0605919361115
1371645508.02
0.100441932678
1371645508.12
0.09956407547
1371645508.22
0.0999200344086
1371645508.32
0.100264072418
1371645508.42
0.0996170043945
1371645508.52
0.100806951523
1371645508.62
0.0993850231171
1371645508.72
0.0998828411102
1371645508.82
0.100053071976
1371645508.92
0.100071907043
1371645509.02
0.0999410152435
1371645509.12
0.0995202064514
1371645509.22
0.101236820221
1371645509.32
0.100412130356
1371645509.42
0.0999720096588
1371645509.52
0.100237846375
1371645509.62
0.0992381572723
1371645509.72
0.100418806076
1371645509.82
0.102013111115
1371645509.92
0.0981769561768
1371645510.02
0.101488113403
1371645510.12
0.0985510349274
1371645510.22
0.0992138385773
1371645510.32
0.100394964218
1371645510.42
0.100367069244
1371645510.52
0.100116968155
1371645510.62
0.0999281406403
1371645510.72
0.0991969108582
1371645510.82
0.100295066833
1371645510.92
0.0998740196228
1371645511.03
0.104084014893
1371645511.12
0.0964698791504
1371645511.22
0.100229978561
1371645511.32
0.0996191501617
1371645511.42
0.100326776505
1371645511.52
0.100310087204
1371645511.62
0.0994229316711
1371645511.72
0.100583076477
1371645511.82
0.0991139411926
1371645511.92
0.101090192795
1371645512.02
0.100084781647
1371645512.12
0.100172042847
1371645512.22
0.0995380878448
1371645512.32
0.100308895111
1371645512.43
0.101879119873
1371645512.52
0.0982189178467
1371645512.62
0.0999319553375
1371645512.72
0.100769042969
1371645512.82
0.0990309715271
1371645512.92
0.0998001098633
1371645513.02
0.10051202774
s=237.795922041
i=2371
Avg=0.1003
