1371645275.33
1371645275.76
0.430605888367
1371645275.91
0.146961927414
1371645275.91
1.59740447998e-05
1371645275.91
1.31130218506e-05
1371645275.91
0.000235080718994
1371645275.93
0.0243389606476
1371645276.03
0.0989890098572
1371645276.13
0.0988609790802
1371645276.23
0.100148916245
1371645276.33
0.0999331474304
1371645276.43
0.100736856461
1371645276.53
0.0991549491882
1371645276.63
0.101600170135
1371645276.73
0.098662853241
1371645276.83
0.10121011734
1371645276.93
0.0990290641785
1371645277.03
0.0997338294983
1371645277.13
0.100093126297
1371645277.25
0.120054006577
1371645277.57
0.320394039154
1371645277.57
0.00160694122314
1371645277.57
1.38282775879e-05
1371645277.63
0.0578122138977
1371645277.73
0.10004401207
1371645277.83
0.0999028682709
1371645277.93
0.101067066193
1371645278.03
0.0989830493927
1371645278.13
0.100924015045
1371645278.23
0.0991017818451
1371645278.33
0.0999851226807
1371645278.43
0.10001707077
1371645278.53
0.0997178554535
1371645278.63
0.10081911087
1371645278.73
0.0993568897247
1371645278.83
0.0999901294708
1371645278.93
0.10564994812
1371645279.03
0.0943779945374
1371645279.13
0.100064992905
1371645279.23
0.0999040603638
1371645279.33
0.100250959396
1371645279.43
0.0998220443726
1371645279.53
0.0997958183289
1371645279.63
0.10004901886
1371645279.73
0.100689172745
1371645279.83
0.0994148254395
1371645279.93
0.0999991893768
1371645280.03
0.100907802582
1371645280.13
0.0991320610046
1371645280.23
0.0999381542206
1371645280.33
0.100038766861
1371645280.43
0.100205183029
1371645280.53
0.0997939109802
1371645280.63
0.102037906647
1371645280.73
0.0989360809326
1371645280.83
0.101402997971
1371645280.93
0.097489118576
1371645281.03
0.099956035614
1371645281.13
0.100146770477
1371645281.23
0.100089073181
1371645281.33
0.100834131241
1371645281.43
0.0990669727325
1371645281.53
0.100141048431
1371645281.78
0.250050783157
1371645281.78
0.00163817405701
1371645281.83
0.0490310192108
1371645281.93
0.0993008613586
1371645282.03
0.102190971375
1371645282.13
0.0977599620819
1371645282.23
0.0999472141266
1371645282.33
0.0999410152435
1371645282.43
0.100052833557
1371645282.53
0.0998711585999
1371645282.63
0.100099802017
1371645282.73
0.100008010864
1371645282.83
0.0999050140381
1371645282.93
0.104374170303
1371645283.03
0.0989367961884
1371645283.13
0.0966711044312
1371645283.23
0.100331068039
1371645283.33
0.0998799800873
1371645283.43
0.104794979095
1371645283.53
0.0960519313812
1371645283.63
0.0995700359344
1371645283.9
0.274565935135
1371645283.9
5.31673431396e-05
1371645283.93
0.0253839492798
1371645284.03
0.0997078418732
1371645284.13
0.10000705719
1371645284.13
0.000364065170288
1371645284.13
0.000124931335449
1371645284.13
1.50203704834e-05
1371645284.23
0.0992679595947
1371645284.23
7.79628753662e-05
1371645284.23
1.12056732178e-05
1371645284.33
0.0999948978424
1371645284.43
0.100419044495
1371645284.53
0.0994319915771
1371645284.63
0.101623058319
1371645284.73
0.0984838008881
1371645284.83
0.100069046021
1371645284.93
0.0999419689178
1371645285.03
0.0998799800873
1371645285.13
0.100243091583
1371645285.13
0.000690937042236
1371645285.23
0.099053144455
1371645285.23
4.88758087158e-05
1371645285.33
0.100072145462
1371645285.33
6.38961791992e-05
1371645285.43
0.0998311042786
1371645285.43
0.00032901763916
1371645285.53
0.0997388362885
1371645285.53
6.31809234619e-05
1371645285.63
0.0998678207397
1371645285.63
9.01222229004e-05
1371645285.73
0.0999979972839
1371645285.83
0.103072881699
1371645285.83
0.000385999679565
1371645285.83
1.31130218506e-05
1371645285.93
0.0967810153961
1371645285.93
0.00391793251038
1371645285.93
1.31130218506e-05
1371645286.03
0.0957579612732
1371645286.13
0.100112915039
1371645286.23
0.0998089313507
1371645286.33
0.100197076797
1371645286.43
0.0998110771179
1371645286.53
0.100256919861
1371645286.63
0.099867105484
1371645286.73
0.0999488830566
1371645286.83
0.0999979972839
1371645286.93
0.100170135498
1371645287.03
0.0998179912567
1371645287.13
0.105551958084
1371645287.23
0.0943439006805
1371645287.33
0.100177049637
1371645287.43
0.0998160839081
1371645287.53
0.100136995316
1371645287.63
0.0999658107758
1371645287.73
0.100074052811
1371645287.98
0.250512123108
1371645287.98
0.00669598579407
1371645288.03
0.0427138805389
1371645288.13
0.100075960159
1371645288.23
0.100852012634
1371645288.33
0.0990920066833
1371645288.43
0.0999791622162
1371645288.53
0.100941896439
1371645288.63
0.105586051941
1371645288.73
0.0943999290466
1371645288.83
0.0991380214691
1371645288.93
0.104209899902
1371645289.03
0.0960340499878
1371645289.13
0.105381965637
1371645289.13
1.00135803223e-05
1371645289.23
0.0946941375732
1371645289.23
0.000598907470703
1371645289.33
0.0993230342865
1371645289.6
0.27491402626
1371645289.6
0.00145602226257
1371645289.6
1.19209289551e-05
1371645289.6
7.15255737305e-06
1371645289.63
0.0234088897705
1371645289.63
9.79900360107e-05
1371645289.63
1.09672546387e-05
1371645289.73
0.100661039352
1371645289.73
0.00138807296753
1371645289.73
1.50203704834e-05
1371645289.83
0.103351831436
1371645289.83
0.000293970108032
1371645289.83
2.00271606445e-05
1371645289.93
0.0949981212616
1371645289.93
9.79900360107e-05
1371645289.93
1.00135803223e-05
1371645290.03
0.0989210605621
1371645290.03
9.48905944824e-05
1371645290.03
1.00135803223e-05
1371645290.13
0.0999009609222
1371645290.13
9.3936920166e-05
1371645290.23
0.100685119629
1371645290.33
0.0992920398712
1371645290.43
0.0999410152435
1371645290.53
0.100104808807
1371645290.63
0.100305080414
1371645290.73
0.0998659133911
1371645290.83
0.0996561050415
1371645290.93
0.100164890289
1371645291.03
0.10003900528
1371645291.13
0.0999882221222
1371645291.23
0.0999047756195
1371645291.33
0.100030183792
1371645291.43
0.100083827972
1371645291.53
0.0998570919037
1371645291.63
0.100944042206
1371645291.73
0.099221944809
1371645291.83
0.0998449325562
1371645291.93
0.100043058395
1371645292.03
0.099846124649
1371645292.13
0.100143909454
1371645292.23
0.103893041611
1371645292.33
0.0961709022522
1371645292.43
0.100051164627
1371645292.53
0.0999739170074
1371645292.63
0.0998859405518
1371645292.73
0.0999319553375
1371645292.83
0.0999720096588
1371645292.93
0.100059986115
1371645293.03
0.100143194199
1371645293.13
0.10012793541
1371645293.23
0.0997979640961
1371645293.33
0.100091934204
1371645293.43
0.0998361110687
1371645293.53
0.100074052811
1371645293.78
0.252561807632
1371645293.78
0.00225520133972
1371645293.83
0.0451209545135
1371645293.93
0.100143909454
1371645294.03
0.0999541282654
1371645294.13
0.0999579429626
1371645294.23
0.100260972977
1371645294.33
0.100609064102
1371645294.43
0.0990159511566
1371645294.53
0.100107908249
1371645294.63
0.0999021530151
1371645294.73
0.100117921829
1371645294.83
0.100009918213
1371645294.93
0.100104093552
1371645295.03
0.100102901459
1371645295.13
0.100306034088
1371645295.23
0.0993499755859
1371645295.33
0.104951143265
1371645295.43
0.0953199863434
1371645295.53
0.10138297081
1371645295.63
0.0987870693207
1371645295.91
0.284537792206
1371645295.92
0.0103120803833
1371645295.93
0.00711607933044
1371645296.03
0.0980548858643
1371645296.13
0.0996661186218
1371645296.23
0.100117921829
1371645296.33
0.0998799800873
1371645296.43
0.100121021271
1371645296.53
0.0998311042786
1371645296.63
0.100104808807
1371645296.73
0.100238084793
1371645296.83
0.0995659828186
1371645296.93
0.100984096527
1371645297.03
0.0993418693542
1371645297.13
0.0996921062469
1371645297.23
0.100185871124
1371645297.33
0.100756168365
1371645297.43
0.0992488861084
1371645297.53
0.100003957748
1371645297.63
0.0998811721802
1371645297.73
0.10098195076
1371645297.83
0.0992710590363
1371645297.93
0.103010892868
1371645298.03
0.0973839759827
1371645298.13
0.0993161201477
1371645298.23
0.100188970566
1371645298.33
0.0998468399048
1371645298.43
0.100128173828
1371645298.53
0.100508928299
1371645298.63
0.0993530750275
1371645298.73
0.10010099411
1371645298.83
0.100023984909
1371645298.93
0.0999059677124
1371645299.03
0.100136995316
1371645299.13
0.10385799408
1371645299.23
0.0959460735321
1371645299.33
0.100096940994
1371645299.43
0.100000858307
1371645299.53
0.100165128708
1371645299.63
0.0998430252075
1371645299.73
0.100299835205
1371645299.83
0.0995671749115
1371645300.1
0.274103879929
1371645300.1
0.00137996673584
1371645300.13
0.02476811409
1371645300.23
0.0997519493103
1371645300.33
0.101109981537
1371645300.43
0.0988690853119
1371645300.53
0.100061893463
1371645300.63
0.101241111755
1371645300.73
0.0988099575043
1371645300.83
0.0997970104218
1371645300.93
0.100042104721
1371645301.03
0.100180864334
1371645301.13
0.0998558998108
1371645301.23
0.100126028061
1371645301.23
1.12056732178e-05
1371645301.33
0.0999538898468
1371645301.33
1.69277191162e-05
1371645301.43
0.100566148758
1371645301.53
0.0995569229126
1371645301.63
0.100161075592
1371645301.73
0.0997400283813
1371645301.83
0.10266494751
1371645301.83
0.00297093391418
1371645301.93
0.0947060585022
1371645302.03
0.104171037674
1371645302.32
0.291787862778
1371645302.32
0.000689029693604
1371645302.32
1.59740447998e-05
1371645302.32
1.00135803223e-05
1371645302.33
0.00407695770264
1371645302.33
0.0010039806366
1371645302.43
0.0979239940643
1371645302.53
0.105590105057
1371645302.53
0.0016450881958
1371645302.63
0.100101947784
1371645302.64
0.000335931777954
1371645302.73
0.0921900272369
1371645302.73
0.000984907150269
1371645302.83
0.0990350246429
1371645302.93
0.100074052811
1371645302.93
0.000128030776978
1371645303.03
0.0999479293823
1371645303.03
0.000839948654175
1371645303.13
0.0988430976868
1371645303.23
0.100223064423
1371645303.33
0.0998530387878
1371645303.43
0.10014295578
1371645303.53
0.100913047791
1371645303.63
0.0990788936615
1371645303.73
0.10001206398
1371645303.83
0.100200891495
1371645303.93
0.100296974182
1371645304.03
0.0995709896088
1371645304.13
0.0998160839081
1371645304.23
0.100085020065
1371645304.33
0.100073099136
1371645304.43
0.10023188591
1371645304.53
0.103296995163
1371645304.63
0.0963530540466
1371645304.73
0.100198984146
1371645304.83
0.100146055222
1371645304.93
0.0997478961945
1371645305.03
0.0998709201813
1371645305.13
0.100078105927
1371645305.23
0.101836919785
1371645305.33
0.0986709594727
1371645305.43
0.0995581150055
1371645305.53
0.100038051605
1371645305.63
0.103822946548
1371645305.73
0.0961599349976
1371645305.83
0.0999131202698
1371645305.93
0.100146055222
1371645306.03
0.105567932129
1371645306.13
0.0945670604706
1371645306.23
0.100332975388
1371645306.33
0.0996918678284
1371645306.61
0.278502941132
1371645306.61
1.50203704834e-05
1371645306.63
0.0211741924286
1371645306.73
0.100020885468
1371645306.83
0.100040912628
1371645306.93
0.0999851226807
1371645307.03
0.100111961365
1371645307.13
0.100760936737
1371645307.23
0.100191116333
1371645307.33
0.0991468429565
1371645307.43
0.0999000072479
1371645307.53
0.10005903244
1371645307.63
0.103624105453
1371645307.73
0.096186876297
1371645307.83
0.100915193558
1371645308.18
0.350426912308
1371645308.18
0.00203990936279
1371645308.18
1.50203704834e-05
1371645308.23
0.0465080738068
1371645308.33
0.1001060009
1371645308.43
0.100149869919
1371645308.53
0.100158214569
1371645308.63
0.0997087955475
1371645308.73
0.100124120712
1371645308.83
0.099809885025
1371645308.93
0.100281000137
1371645308.93
0.000254154205322
1371645309.03
0.0996060371399
1371645309.03
7.58171081543e-05
1371645309.13
0.0997622013092
1371645309.23
0.101409912109
1371645309.33
0.0987389087677
1371645309.33
0.00019097328186
1371645309.43
0.10466003418
1371645309.43
0.00088906288147
1371645309.43
0.000905990600586
1371645309.43
3.19480895996e-05
1371645309.53
0.0941751003265
1371645309.53
8.48770141602e-05
1371645309.63
0.0991570949554
1371645309.63
6.19888305664e-05
1371645309.63
1.00135803223e-05
1371645309.73
0.0998849868774
1371645309.73
0.000134944915771
1371645309.83
0.100626945496
1371645309.83
0.000171184539795
1371645309.83
1.00135803223e-05
1371645309.93
0.0992498397827
1371645309.93
5.81741333008e-05
1371645309.93
1.00135803223e-05
1371645310.03
0.0996918678284
1371645310.13
0.0998589992523
1371645310.23
0.0999970436096
1371645310.33
0.099956035614
1371645310.43
0.100275993347
1371645310.53
0.100788831711
1371645310.63
0.103942155838
1371645310.73
0.0950839519501
1371645310.83
0.107227087021
1371645310.93
0.0937399864197
1371645311.03
0.10195684433
1371645311.13
0.0971210002899
1371645311.23
0.100045204163
1371645311.23
6.5803527832e-05
1371645311.33
0.0998551845551
1371645311.33
0.000115871429443
1371645311.33
0.000185012817383
1371645311.33
9.29832458496e-05
1371645311.43
0.100111961365
1371645311.43
0.000440120697021
1371645311.43
2.69412994385e-05
1371645311.43
2.00271606445e-05
1371645311.53
0.0992939472198
1371645311.53
0.000142097473145
1371645311.63
0.101769924164
1371645311.63
8.39233398438e-05
1371645311.73
0.0976910591125
1371645311.73
4.79221343994e-05
1371645311.73
3.09944152832e-05
1371645311.83
0.100140094757
1371645311.83
5.79357147217e-05
1371645311.93
0.100783109665
1371645311.93
0.00627088546753
1371645312.03
0.0934309959412
1371645312.13
0.0999360084534
1371645312.13
0.000214099884033
1371645312.41
0.279608011246
1371645312.41
1.28746032715e-05
1371645312.41
8.10623168945e-06
1371645312.41
7.86781311035e-06
1371645312.43
0.0198261737823
1371645312.53
0.099828004837
1371645312.63
0.0998568534851
1371645312.73
0.100128173828
1371645312.83
0.104348897934
1371645312.93
0.095762014389
1371645313.03
0.100601911545
1371645313.3
0.269174098969
1371645313.31
0.00746703147888
1371645313.33
0.0224349498749
1371645313.43
0.100059986115
1371645313.53
0.0999500751495
1371645313.63
0.0999958515167
1371645313.73
0.0998721122742
1371645313.83
0.100440979004
1371645313.93
0.09996509552
1371645314.03
0.0996959209442
1371645314.13
0.100396871567
1371645314.23
0.0995271205902
1371645314.33
0.100069999695
1371645314.33
5.60283660889e-05
1371645314.43
0.0999529361725
1371645314.43
7.89165496826e-05
1371645314.43
1.21593475342e-05
1371645314.53
0.10001206398
1371645314.53
0.00499200820923
1371645314.63
0.0952317714691
1371645314.63
0.000166177749634
1371645314.73
0.0995628833771
1371645314.83
0.0999231338501
1371645314.83
0.000102996826172
1371645314.83
1.19209289551e-05
1371645314.83
8.10623168945e-06
1371645314.93
0.100549936295
1371645314.93
7.29560852051e-05
1371645315.03
0.0995020866394
1371645315.03
0.000252962112427
1371645315.03
8.79764556885e-05
1371645315.13
0.0994789600372
1371645315.23
0.10010099411
1371645315.23
0.000133991241455
1371645315.33
0.0999660491943
1371645315.33
0.000113964080811
1371645315.33
2.31266021729e-05
1371645315.43
0.0995907783508
1371645315.43
0.000102996826172
1371645315.53
0.10028719902
1371645315.53
0.000169992446899
1371645315.63
0.100046873093
1371645315.63
7.91549682617e-05
1371645315.63
1.09672546387e-05
1371645315.73
0.100298881531
1371645315.73
0.001384973526
1371645315.83
0.0980401039124
1371645315.83
7.9870223999e-05
1371645315.83
4.10079956055e-05
1371645315.83
9.05990600586e-06
1371645315.93
0.0994739532471
1371645315.93
7.79628753662e-05
1371645316.03
0.10000705719
1371645316.13
0.100027084351
1371645316.23
0.104448080063
1371645316.33
0.0953249931335
1371645316.43
0.100156784058
1371645316.53
0.1000020504
1371645316.63
0.0999491214752
1371645316.73
0.0999908447266
1371645316.83
0.10004401207
1371645316.93
0.100077152252
1371645317.03
0.100822925568
1371645317.13
0.100196123123
1371645317.41
0.279596805573
1371645317.41
1.09672546387e-05
1371645317.43
0.0192651748657
1371645317.53
0.100126981735
1371645317.63
0.10006403923
1371645317.73
0.0998589992523
1371645317.83
0.0999088287354
1371645317.93
0.100018024445
1371645318.03
0.0999269485474
1371645318.13
0.100101232529
1371645318.23
0.0998938083649
1371645318.33
0.101518154144
1371645318.43
0.0986969470978
1371645318.53
0.0999150276184
1371645318.63
0.100175857544
1371645318.73
0.0999109745026
1371645318.83
0.100091218948
1371645318.93
0.100094795227
1371645319.03
0.100669145584
1371645319.13
0.0993268489838
1371645319.23
0.100280046463
1371645319.56
0.330121994019
1371645319.56
0.00220799446106
1371645319.56
1.31130218506e-05
1371645319.63
0.0672979354858
1371645319.73
0.0996999740601
1371645319.83
0.100136041641
1371645319.93
0.0998859405518
1371645320.03
0.100068092346
1371645320.13
0.100077867508
1371645320.23
0.0999441146851
1371645320.33
0.100136041641
1371645320.43
0.0999238491058
1371645320.53
0.0998821258545
1371645320.63
0.100149869919
1371645320.73
0.100978136063
1371645320.83
0.0989589691162
1371645320.93
0.102561950684
1371645321.03
0.0983271598816
1371645321.13
0.0989918708801
1371645321.23
0.100151062012
1371645321.33
0.099907875061
1371645321.43
0.100078105927
1371645321.53
0.100172042847
1371645321.63
0.0999300479889
1371645321.73
0.100855827332
1371645321.83
0.0991079807281
1371645321.93
0.0999150276184
1371645322.03
0.0999729633331
1371645322.13
0.0999150276184
1371645322.23
0.100518941879
1371645322.33
0.0995352268219
1371645322.43
0.100953817368
1371645322.53
0.0991570949554
1371645322.63
0.0999460220337
1371645322.73
0.100589036942
1371645322.83
0.0995469093323
1371645322.93
0.0999729633331
1371645323.03
0.100419998169
1371645323.13
0.101278066635
1371645323.23
0.098207950592
1371645323.33
0.0999691486359
1371645323.43
0.0999457836151
1371645323.53
0.100008010864
1371645323.82
0.287731170654
1371645323.82
0.00255489349365
1371645323.83
0.00981402397156
1371645323.93
0.100845098495
1371645324.03
0.0991690158844
1371645324.13
0.100071907043
1371645324.23
0.0998439788818
1371645324.33
0.100105047226
1371645324.43
0.100818872452
1371645324.53
0.0990869998932
1371645324.63
0.100224018097
1371645324.73
0.0997381210327
1371645324.83
0.10008597374
1371645324.93
0.100081920624
1371645325.03
0.0997641086578
1371645325.13
0.100214004517
1371645325.23
0.100019931793
1371645325.33
0.100092887878
1371645325.43
0.0997350215912
1371645325.53
0.100215196609
1371645325.63
0.0998628139496
1371645325.73
0.10031414032
1371645326.03
0.30578494072
1371645326.04
0.00755000114441
1371645326.04
1.19209289551e-05
1371645326.13
0.0863809585571
1371645326.23
0.100832223892
1371645326.33
0.099161863327
1371645326.43
0.0999500751495
1371645326.53
0.0999820232391
1371645326.63
0.103140830994
1371645326.73
0.0968279838562
1371645326.83
0.100513219833
1371645326.93
0.0995090007782
1371645327.03
0.0999569892883
1371645327.13
0.1010658741
1371645327.23
0.0989000797272
1371645327.33
0.100033044815
1371645327.43
0.100878000259
1371645327.53
0.0995240211487
1371645327.63
0.100097894669
1371645327.73
0.0996699333191
1371645327.83
0.0999531745911
1371645327.93
0.100059986115
1371645328.03
0.100506782532
1371645328.13
0.0993151664734
1371645328.23
0.100110054016
1371645328.33
0.0998427867889
1371645328.43
0.100229024887
1371645328.53
0.100095033646
1371645328.63
0.10006403923
1371645328.73
0.0997090339661
1371645328.83
0.101821899414
1371645328.93
0.101783037186
1371645329.03
0.0962550640106
1371645329.13
0.10191988945
1371645329.23
0.0982110500336
1371645329.33
0.0999240875244
1371645329.43
0.101016998291
1371645329.53
0.0991458892822
1371645329.63
0.0998330116272
1371645329.73
0.103534936905
1371645329.83
0.096559047699
1371645329.93
0.100008964539
1371645330.22
0.296932220459
1371645330.22
6.29425048828e-05
1371645330.23
0.00337195396423
1371645330.33
0.0995309352875
1371645330.43
0.101032972336
1371645330.53
0.0989780426025
1371645330.63
0.100008964539
1371645330.73
0.100970029831
1371645330.83
0.100783109665
1371645330.93
0.0984899997711
1371645331.03
0.0997219085693
1371645331.13
0.100302934647
1371645331.23
0.100741147995
1371645331.33
0.0999970436096
1371645331.43
0.10395693779
1371645331.53
0.0955140590668
1371645331.63
0.100157976151
1371645331.73
0.100394010544
1371645331.83
0.100004911423
1371645331.93
0.0990691184998
1371645332.03
0.100940942764
1371645332.13
0.0995209217072
1371645332.23
0.0997970104218
1371645332.51
0.279678106308
1371645332.51
0.002769947052
1371645332.53
0.0188388824463
1371645332.63
0.102363109589
1371645332.73
0.096107006073
1371645332.83
0.099928855896
1371645332.93
0.0999231338501
1371645333.03
0.100213050842
1371645333.13
0.0998759269714
1371645333.23
0.103962898254
1371645333.33
0.095988035202
1371645333.43
0.10005903244
1371645333.53
0.100013017654
1371645333.63
0.101753950119
1371645333.73
0.098247051239
1371645333.83
0.100927114487
1371645333.93
0.0990288257599
1371645334.03
0.0999670028687
1371645334.13
0.105312108994
1371645334.23
0.095645904541
1371645334.23
5.10215759277e-05
1371645334.33
0.0990381240845
1371645334.33
8.48770141602e-05
1371645334.33
1.19209289551e-05
1371645334.43
0.100288152695
1371645334.43
0.000149965286255
1371645334.43
1.50203704834e-05
1371645334.53
0.0995440483093
1371645334.63
0.0999670028687
1371645334.73
0.100055932999
1371645334.83
0.0998899936676
1371645334.93
0.100006103516
1371645335.04
0.108961820602
1371645335.04
0.00395107269287
1371645335.04
4.19616699219e-05
1371645335.13
0.0879321098328
1371645335.23
0.102443933487
1371645335.33
0.0966498851776
1371645335.43
0.100136041641
1371645335.53
0.0997519493103
1371645335.63
0.10023021698
1371645335.63
0.000834941864014
1371645335.73
0.0993349552155
1371645335.73
0.000144004821777
1371645335.83
0.0995938777924
1371645335.83
0.000914096832275
1371645335.93
0.0991609096527
1371645335.93
5.91278076172e-05
1371645335.93
9.05990600586e-06
1371645336.03
0.0997858047485
1371645336.03
0.000958204269409
1371645336.03
1.00135803223e-05
1371645336.13
0.0991687774658
1371645336.13
7.31945037842e-05
1371645336.23
0.0998840332031
1371645336.23
7.79628753662e-05
1371645336.33
0.100435018539
1371645336.33
0.000440835952759
1371645336.33
1.21593475342e-05
1371645336.6
0.271430015564
1371645336.6
1.78813934326e-05
1371645336.6
0.00136590003967
1371645336.6
1.62124633789e-05
1371645336.6
1.28746032715e-05
1371645336.63
0.0261769294739
1371645336.63
1.31130218506e-05
1371645336.73
0.10009098053
1371645336.73
1.31130218506e-05
1371645336.83
0.100304841995
1371645336.83
0.000108003616333
1371645336.83
1.4066696167e-05
1371645336.93
0.0996930599213
1371645336.93
1.50203704834e-05
1371645337.03
0.100066900253
1371645337.03
1.90734863281e-05
1371645337.03
8.82148742676e-06
1371645337.03
8.10623168945e-06
1371645337.13
0.0998289585114
1371645337.13
0.000103950500488
1371645337.23
0.101375102997
1371645337.33
0.0992269515991
1371645337.33
0.00118207931519
1371645337.43
0.0978209972382
1371645337.43
4.79221343994e-05
1371645337.53
0.100045919418
1371645337.53
7.20024108887e-05
1371645337.63
0.100848197937
1371645337.63
0.00493884086609
1371645337.73
0.0941209793091
1371645337.73
0.000913143157959
1371645337.83
0.0994589328766
1371645337.83
0.000545978546143
1371645337.93
0.100244045258
1371645337.93
0.000189065933228
1371645338.03
0.0991268157959
1371645338.03
0.000562191009521
1371645338.13
0.099308013916
1371645338.13
0.000111818313599
1371645338.23
0.100144147873
1371645338.35
0.123615980148
1371645338.67
0.318021059036
1371645338.67
0.00131487846375
1371645338.67
1.81198120117e-05
1371645338.73
0.0564429759979
1371645338.83
0.100060939789
1371645338.93
0.0999350547791
1371645339.03
0.0999639034271
1371645339.13
0.1003510952
1371645339.23
0.0997428894043
1371645339.33
0.0999250411987
1371645339.43
0.0999989509583
1371645339.53
0.100073099136
1371645339.63
0.100021839142
1371645339.73
0.0998830795288
1371645339.73
5.41210174561e-05
1371645339.83
0.10097193718
1371645339.83
0.00143694877625
1371645339.93
0.0977640151978
1371645339.93
0.000710964202881
1371645339.93
1.09672546387e-05
1371645339.93
0.00399398803711
1371645340.03
0.0960221290588
1371645340.03
4.50611114502e-05
1371645340.03
0.00401496887207
1371645340.13
0.0950059890747
1371645340.13
6.29425048828e-05
1371645340.13
1.09672546387e-05
1371645340.23
0.100033998489
1371645340.23
0.000787019729614
1371645340.23
4.00543212891e-05
1371645340.33
0.0992090702057
1371645340.33
7.89165496826e-05
1371645340.43
0.0998768806458
1371645340.43
0.000833988189697
1371645340.43
1.21593475342e-05
1371645340.53
0.0991249084473
1371645340.53
0.000833988189697
1371645340.63
0.0991680622101
1371645340.63
0.000888109207153
1371645340.73
0.0989758968353
1371645340.73
0.000974893569946
1371645340.83
0.0990149974823
1371645340.83
0.000240087509155
1371645340.93
0.0999441146851
1371645340.93
7.48634338379e-05
1371645340.93
1.09672546387e-05
1371645341.03
0.099897146225
1371645341.03
0.000826835632324
1371645341.13
0.0990841388702
1371645341.14
0.01322889328
1371645341.14
0.00016713142395
1371645341.14
1.38282775879e-05
1371645341.23
0.0915291309357
1371645341.23
0.000113964080811
1371645341.23
1.4066696167e-05
1371645341.23
1.09672546387e-05
1371645341.33
0.0948538780212
1371645341.43
0.100221157074
1371645341.43
7.20024108887e-05
1371645341.53
0.0999200344086
1371645341.53
4.29153442383e-05
1371645341.63
0.100034952164
1371645341.63
0.000668048858643
1371645341.73
0.102632045746
1371645341.73
0.00298380851746
1371645341.73
8.10623168945e-05
1371645341.83
0.0935499668121
1371645341.83
9.60826873779e-05
1371645341.83
1.69277191162e-05
1371645341.93
0.101644992828
1371645341.93
0.000194072723389
1371645342.03
0.0980250835419
1371645342.03
0.000787019729614
1371645342.03
5.79357147217e-05
1371645342.13
0.0990369319916
1371645342.13
0.000123977661133
1371645342.23
0.100164175034
1371645342.23
0.000202894210815
1371645342.23
6.29425048828e-05
1371645342.23
1.09672546387e-05
1371645342.33
0.0993521213531
1371645342.33
0.000114917755127
1371645342.33
1.21593475342e-05
1371645342.43
0.100108861923
1371645342.53
0.0999689102173
1371645342.63
0.0999610424042
1371645342.85
0.223438978195
1371645342.85
1.4066696167e-05
1371645342.93
0.0763339996338
1371645343.03
0.100193977356
1371645343.13
0.100188016891
1371645343.13
1.19209289551e-05
1371645343.23
0.0997960567474
1371645343.23
1.31130218506e-05
1371645343.33
0.100009918213
1371645343.33
1.4066696167e-05
1371645343.43
0.100116968155
1371645343.43
2.28881835938e-05
1371645343.43
1.21593475342e-05
1371645343.53
0.100033998489
1371645343.53
1.78813934326e-05
1371645343.63
0.0999131202698
1371645343.63
2.19345092773e-05
1371645343.63
8.20159912109e-05
1371645343.73
0.0997109413147
1371645343.73
7.91549682617e-05
1371645343.84
0.109402894974
1371645343.84
7.60555267334e-05
1371645343.84
0.00571894645691
1371645343.84
1.69277191162e-05
1371645343.93
0.0848140716553
1371645344.03
0.103776931763
1371645344.13
0.0960731506348
1371645344.23
0.100059986115
1371645344.33
0.100042819977
1371645344.43
0.100931167603
1371645344.44
0.00703001022339
1371645344.44
8.58306884766e-05
1371645344.53
0.0954780578613
1371645344.53
0.000111103057861
1371645344.63
0.0972929000854
1371645344.63
0.00149703025818
1371645344.73
0.100649118423
1371645344.73
0.00193691253662
1371645344.83
0.0951509475708
1371645345.07
0.246109962463
1371645345.08
0.00434613227844
1371645345.08
1.19209289551e-05
1371645345.08
1.00135803223e-05
1371645345.08
1.09672546387e-05
1371645345.13
0.052992105484
1371645345.13
0.000320911407471
1371645345.13
1.50203704834e-05
1371645345.13
1.19209289551e-05
1371645345.23
0.0960409641266
1371645345.23
0.000102996826172
1371645345.23
1.21593475342e-05
1371645345.33
0.099781036377
1371645345.33
5.19752502441e-05
1371645345.33
9.05990600586e-06
1371645345.33
7.86781311035e-06
1371645345.43
0.100172996521
1371645345.43
0.000112056732178
1371645345.53
0.0996398925781
1371645345.53
0.000147104263306
1371645345.63
0.0998549461365
1371645345.63
0.00014591217041
1371645345.73
0.100133180618
1371645345.73
0.000612020492554
1371645345.83
0.0991928577423
1371645345.83
0.000100135803223
1371645345.83
1.09672546387e-05
1371645345.93
0.100077867508
1371645345.93
7.41481781006e-05
1371645346.03
0.0996370315552
1371645346.13
0.100930929184
1371645346.13
0.000114917755127
1371645346.13
1.59740447998e-05
1371645346.23
0.0990359783173
1371645346.23
0.000859022140503
1371645346.23
1.21593475342e-05
1371645346.23
6.5803527832e-05
1371645346.33
0.0990869998932
1371645346.33
0.00494003295898
1371645346.43
0.095055103302
1371645346.43
8.29696655273e-05
1371645346.54
0.108721017838
1371645346.54
5.19752502441e-05
1371645346.63
0.0923109054565
1371645346.63
0.00356817245483
1371645346.64
0.010223865509
1371645346.73
0.0851190090179
1371645346.83
0.0997920036316
1371645346.83
0.00556302070618
1371645346.83
1.50203704834e-05
1371645346.93
0.0943689346313
1371645346.93
8.51154327393e-05
1371645347.03
0.0999209880829
1371645347.13
0.100286006927
1371645347.13
0.000617027282715
1371645347.23
0.100082874298
1371645347.23
4.6968460083e-05
1371645347.33
0.0990099906921
1371645347.33
9.32216644287e-05
1371645347.33
1.09672546387e-05
1371645347.43
0.099967956543
1371645347.43
0.0030210018158
1371645347.43
0.000239849090576
1371645347.53
0.0967481136322
1371645347.63
0.0998640060425
1371645347.73
0.100982904434
1371645347.83
0.0992000102997
1371645347.93
0.0998151302338
1371645348.03
0.100116014481
1371645348.13
0.100870847702
1371645348.23
0.099130153656
1371645348.33
0.0999369621277
1371645348.43
0.100655078888
1371645348.53
0.0994169712067
1371645348.63
0.100034952164
1371645348.73
0.099925994873
1371645348.83
0.100203990936
1371645348.93
0.0997009277344
1371645349.03
0.100151062012
1371645349.31
0.281559944153
1371645349.31
0.00326800346375
1371645349.33
0.0152549743652
1371645349.43
0.103271961212
1371645349.53
0.0967252254486
1371645349.63
0.0999648571014
1371645349.73
0.0998179912567
1371645349.83
0.10104393959
1371645349.93
0.0990011692047
1371645350.03
0.100019931793
1371645350.13
0.100594043732
1371645350.23
0.0994958877563
1371645350.23
0.000117063522339
1371645350.33
0.0998289585114
1371645350.43
0.10088300705
1371645350.43
1.81198120117e-05
1371645350.53
0.102392911911
1371645350.53
0.000113010406494
1371645350.63
0.0964970588684
1371645350.73
0.107440948486
1371645351.04
0.301162958145
1371645351.04
0.00296592712402
1371645351.04
2.59876251221e-05
1371645351.04
2.62260437012e-05
1371645351.04
0.00267791748047
1371645351.04
1.09672546387e-05
1371645351.04
8.10623168945e-06
1371645351.13
0.0862247943878
1371645351.13
0.0060031414032
1371645351.13
1.09672546387e-05
1371645351.23
0.0935919284821
1371645351.23
0.00486612319946
1371645351.33
0.0953629016876
1371645351.43
0.0996329784393
1371645351.53
0.100164175034
1371645351.63
0.0999238491058
1371645351.63
0.000132083892822
1371645351.73
0.100079059601
1371645351.73
0.000137805938721
1371645351.83
0.0999031066895
1371645351.83
7.5101852417e-05
1371645351.83
6.07967376709e-05
1371645351.83
1.4066696167e-05
1371645351.93
0.0996899604797
1371645351.93
0.000108957290649
1371645352.03
0.099748134613
1371645352.13
0.0999829769135
1371645352.23
0.100082874298
1371645352.33
0.0999381542206
1371645352.43
0.100071907043
1371645352.53
0.100121974945
1371645352.64
0.109774112701
1371645352.73
0.0933508872986
1371645352.83
0.0969550609589
1371645352.93
0.0997490882874
1371645352.93
6.48498535156e-05
1371645353.03
0.0998630523682
1371645353.13
0.100031137466
1371645353.13
0.000114917755127
1371645353.23
0.0999538898468
1371645353.33
0.100044965744
1371645353.43
0.0998771190643
1371645353.53
0.100142002106
1371645353.63
0.0999479293823
1371645353.73
0.100317955017
1371645353.73
5.41210174561e-05
1371645353.83
0.0998919010162
1371645353.83
0.000115156173706
1371645353.83
1.69277191162e-05
1371645353.93
0.100461959839
1371645353.93
5.00679016113e-05
1371645353.93
9.05990600586e-06
1371645354.03
0.0990519523621
1371645354.13
0.100067853928
1371645354.23
0.100062131882
1371645354.33
0.099739074707
1371645354.33
4.38690185547e-05
1371645354.43
0.100039958954
1371645354.54
0.111762046814
1371645354.54
0.00153112411499
1371645354.63
0.0866329669952
1371645354.73
0.100244998932
1371645354.83
0.0997838973999
1371645354.93
0.0999939441681
1371645355.03
0.100120067596
1371645355.3
0.273427009583
1371645355.3
1.81198120117e-05
1371645355.3
1.50203704834e-05
1371645355.33
0.0267028808594
1371645355.33
1.59740447998e-05
1371645355.43
0.0997729301453
1371645355.43
1.50203704834e-05
1371645355.53
0.100013971329
1371645355.53
1.12056732178e-05
1371645355.63
0.100173950195
1371645355.63
1.09672546387e-05
1371645355.73
0.100533008575
1371645355.73
0.000242948532104
1371645355.83
0.0989670753479
1371645355.93
0.0999848842621
1371645356.03
0.0999870300293
1371645356.13
0.10019993782
1371645356.23
0.0997610092163
1371645356.33
0.100186109543
1371645356.43
0.100183010101
1371645356.43
0.000643014907837
1371645356.53
0.0990509986877
1371645356.63
0.100008964539
1371645356.73
0.100286960602
1371645356.83
0.0999150276184
1371645356.93
0.100363969803
1371645356.93
0.000389099121094
1371645357.03
0.0991358757019
1371645357.03
0.000161170959473
1371645357.16
0.12903380394
1371645357.16
0.000846147537231
1371645357.23
0.0705049037933
1371645357.34
0.108299970627
1371645357.64
0.300258159637
1371645357.64
0.00034499168396
1371645357.64
1.28746032715e-05
1371645357.73
0.0906410217285
1371645357.73
0.00202393531799
1371645357.83
0.097932100296
1371645357.93
0.100404024124
1371645358.03
0.0997469425201
1371645358.13
0.099739074707
1371645358.23
0.0999619960785
1371645358.33
0.1002368927
1371645358.43
0.0997121334076
1371645358.43
0.00349187850952
1371645358.53
0.0970530509949
1371645358.53
0.000139951705933
1371645358.63
0.0993590354919
1371645358.63
9.48905944824e-05
1371645358.63
0.000218152999878
1371645358.73
0.100628852844
1371645358.73
0.000549077987671
1371645358.83
0.0985150337219
1371645358.93
0.100713968277
1371645358.93
0.000251054763794
1371645359.03
0.0990109443665
1371645359.13
0.100138902664
1371645359.14
0.0105261802673
1371645359.23
0.0895488262177
1371645359.34
0.107964038849
1371645359.34
0.000352144241333
1371645359.43
0.0924890041351
1371645359.43
0.00337100028992
1371645359.43
0.00020694732666
1371645359.53
0.0955889225006
1371645359.53
7.29560852051e-05
1371645359.53
1.21593475342e-05
1371645359.63
0.0998320579529
1371645359.73
0.0999698638916
1371645359.83
0.100887060165
1371645359.93
0.0999958515167
1371645360.03
0.0991580486298
1371645360.13
0.101169109344
1371645360.23
0.0990200042725
1371645360.23
0.000110864639282
1371645360.33
0.100552082062
1371645360.33
0.00137209892273
1371645360.43
0.0977728366852
1371645360.43
0.000115156173706
1371645360.53
0.0997350215912
1371645360.53
0.000115871429443
1371645360.63
0.0998909473419
1371645360.73
0.0999920368195
1371645360.83
0.101022958755
1371645360.83
6.60419464111e-05
1371645360.93
0.0990409851074
1371645360.93
7.10487365723e-05
1371645361.03
0.0999929904938
1371645361.13
0.0999190807343
1371645361.23
0.100978851318
1371645361.33
0.0990869998932
1371645361.33
7.41481781006e-05
1371645361.43
0.0999410152435
1371645361.43
4.88758087158e-05
1371645361.68
0.256681919098
1371645361.69
0.00130009651184
1371645361.73
0.0427961349487
1371645361.83
0.0990078449249
1371645361.93
0.100024938583
1371645362.03
0.100047111511
1371645362.13
0.100934028625
1371645362.23
0.0993869304657
1371645362.23
2.00271606445e-05
1371645362.33
0.0995790958405
1371645362.33
1.19209289551e-05
1371645362.43
0.100188970566
1371645362.53
0.100505113602
1371645362.63
0.099328994751
1371645362.73
0.100998878479
1371645362.73
1.4066696167e-05
1371645362.73
9.05990600586e-06
1371645362.83
0.0989170074463
1371645362.93
0.0999529361725
1371645363.03
0.100338935852
1371645363.13
0.100238084793
1371645363.23
0.0995428562164
1371645363.23
6.19888305664e-05
1371645363.33
0.101082086563
1371645363.43
0.100195884705
1371645363.53
0.101418018341
1371645363.63
0.097373008728
1371645363.9
0.275681018829
1371645363.9
7.29560852051e-05
1371645363.9
1.4066696167e-05
1371645363.93
0.0247311592102
1371645363.93
0.0053927898407
1371645363.93
4.31537628174e-05
1371645363.93
1.50203704834e-05
1371645364.03
0.0944490432739
1371645364.03
0.000529766082764
1371645364.13
0.0999441146851
1371645364.13
8.10623168945e-05
1371645364.23
0.0988800525665
1371645364.23
7.79628753662e-05
1371645364.33
0.0999789237976
1371645364.33
6.19888305664e-05
1371645364.33
1.00135803223e-05
1371645364.43
0.100414037704
1371645364.53
0.09974193573
1371645364.63
0.0999491214752
1371645364.73
0.100864887238
1371645364.73
0.000431060791016
1371645364.83
0.098669052124
1371645364.83
8.70227813721e-05
1371645364.93
0.0999269485474
1371645365.03
0.0999908447266
1371645365.13
0.0998070240021
1371645365.23
0.100038051605
1371645365.33
0.100394964218
1371645365.43
0.0997221469879
1371645365.53
0.100031852722
1371645365.63
0.100027084351
1371645365.73
0.0999119281769
1371645365.83
0.100144147873
1371645365.93
0.0998787879944
1371645366.03
0.0998420715332
1371645366.13
0.100080013275
1371645366.23
0.0998930931091
1371645366.33
0.100041866302
1371645366.43
0.0999209880829
1371645366.53
0.10009098053
1371645366.53
0.000113010406494
1371645366.63
0.100037097931
1371645366.63
0.000163078308105
1371645366.63
1.59740447998e-05
1371645366.73
0.10621881485
1371645366.74
0.00238800048828
1371645366.83
0.0911560058594
1371645366.83
0.00015115737915
1371645366.93
0.100188016891
1371645366.93
0.00163388252258
1371645367.03
0.0982480049133
1371645367.03
8.51154327393e-05
1371645367.13
0.0996119976044
1371645367.23
0.100275993347
1371645367.33
0.0996329784393
1371645367.43
0.101207971573
1371645367.53
0.0988690853119
1371645367.63
0.0999000072479
1371645367.73
0.100086927414
1371645367.83
0.10013794899
1371645368.1
0.277281045914
1371645368.1
1.50203704834e-05
1371645368.13
0.0227048397064
1371645368.23
0.0998191833496
1371645368.33
0.100301980972
1371645368.43
0.0998530387878
1371645368.53
0.0999689102173
1371645368.63
0.100008010864
1371645368.63
1.09672546387e-05
1371645368.73
0.101300954819
1371645368.73
4.81605529785e-05
1371645368.83
0.0987989902496
1371645368.83
1.19209289551e-05
1371645368.83
0.000696897506714
1371645368.83
1.00135803223e-05
1371645368.93
0.100135087967
1371645369.03
0.0989630222321
1371645369.13
0.0999100208282
1371645369.13
8.60691070557e-05
1371645369.23
0.099928855896
1371645369.23
0.000113010406494
1371645369.33
0.0997979640961
1371645369.33
0.00108003616333
1371645369.33
1.19209289551e-05
1371645369.43
0.0993161201477
1371645369.43
9.48905944824e-05
1371645369.53
0.10036611557
1371645369.63
0.099946975708
1371645369.63
6.89029693604e-05
1371645369.73
0.0994989871979
1371645369.73
9.70363616943e-05
1371645369.83
0.100089073181
1371645369.83
0.000958919525146
1371645369.93
0.10053896904
1371645369.93
9.20295715332e-05
1371645370.03
0.0984990596771
1371645370.03
0.000446081161499
1371645370.31
0.282153844833
1371645370.31
4.81605529785e-05
1371645370.31
1.00135803223e-05
1371645370.31
6.91413879395e-06
1371645370.33
0.0170269012451
1371645370.33
0.00673317909241
1371645370.43
0.0932719707489
1371645370.53
0.0999460220337
1371645370.53
0.000515937805176
1371645370.63
0.100369930267
1371645370.73
0.0989680290222
1371645370.73
0.000107049942017
1371645370.84
0.109685897827
1371645370.84
4.91142272949e-05
1371645370.93
0.0931839942932
1371645370.94
0.00683403015137
1371645370.94
3.79085540771e-05
1371645371.03
0.0909039974213
1371645371.03
8.89301300049e-05
1371645371.13
0.09938621521
1371645371.13
0.000109910964966
1371645371.13
1.50203704834e-05
1371645371.23
0.0995478630066
1371645371.23
6.91413879395e-05
1371645371.33
0.0999109745026
1371645371.43
0.100133895874
1371645371.43
8.60691070557e-05
1371645371.53
0.100006103516
1371645371.53
0.00361180305481
1371645371.53
1.71661376953e-05
1371645371.63
0.09690284729
1371645371.63
6.00814819336e-05
1371645371.73
0.0994050502777
1371645371.73
0.000810861587524
1371645371.73
1.31130218506e-05
1371645371.73
1.00135803223e-05
1371645371.83
0.0992269515991
1371645371.83
0.000102996826172
1371645371.83
6.103515625e-05
1371645371.83
0.00288105010986
1371645371.93
0.0970330238342
1371645371.93
0.000216960906982
1371645372.03
0.0997219085693
1371645372.03
7.10487365723e-05
1371645372.03
1.00135803223e-05
1371645372.13
0.099790096283
1371645372.23
0.103326797485
1371645372.33
0.0964531898499
1371645372.43
0.100170850754
1371645372.53
0.0998611450195
1371645372.63
0.100117921829
1371645372.74
0.108871936798
1371645372.83
0.0911960601807
1371645372.93
0.101270914078
1371645373.03
0.0985481739044
1371645373.13
0.100042819977
1371645373.23
0.100365161896
1371645373.33
0.099625825882
1371645373.43
0.100189208984
1371645373.53
0.100016832352
1371645373.63
0.0997910499573
1371645373.73
0.100157022476
1371645373.83
0.100182056427
1371645373.93
0.0997619628906
1371645374.03
0.100004911423
1371645374.13
0.099848985672
1371645374.23
0.100033044815
1371645374.51
0.28152012825
1371645374.51
1.69277191162e-05
1371645374.53
0.0199029445648
1371645374.63
0.101360082626
1371645374.73
0.0973329544067
1371645374.83
0.0998899936676
1371645374.93
0.100061893463
1371645375.03
0.100072145462
1371645375.13
0.100018978119
1371645375.23
0.0998668670654
1371645375.33
0.100019216537
1371645375.43
0.100116968155
1371645375.53
0.100198984146
1371645375.63
0.0995898246765
1371645375.73
0.100103139877
1371645375.83
0.100964069366
1371645375.93
0.0992097854614
1371645376.03
0.0998251438141
1371645376.13
0.100131988525
1371645376.23
0.100327014923
1371645376.38
0.153779983521
1371645376.71
0.323945045471
1371645376.71
0.00761103630066
1371645376.71
1.09672546387e-05
1371645376.73
0.0190289020538
1371645376.83
0.0951321125031
1371645376.93
0.099967956543
1371645377.03
0.100106954575
1371645377.13
0.100073099136
1371645377.23
0.0999939441681
1371645377.33
0.0999698638916
1371645377.43
0.0999541282654
1371645377.53
0.10086107254
1371645377.63
0.100033998489
1371645377.73
0.100008010864
1371645377.83
0.0990707874298
1371645377.93
0.099986076355
1371645378.03
0.100640058517
1371645378.13
0.0995059013367
1371645378.23
0.0999581813812
1371645378.33
0.100046873093
1371645378.43
0.0998070240021
1371645378.53
0.100029945374
1371645378.63
0.100918054581
1371645378.73
0.10004401207
1371645378.83
0.0991730690002
1371645378.93
0.0999789237976
1371645379.03
0.0999450683594
1371645379.13
0.103933811188
1371645379.23
0.0959951877594
1371645379.33
0.102499008179
1371645379.43
0.0977449417114
1371645379.53
0.0999329090118
1371645379.63
0.100213050842
1371645379.73
0.0995059013367
1371645379.83
0.100003004074
1371645379.93
0.10005903244
1371645380.03
0.1000020504
1371645380.13
0.100201129913
1371645380.23
0.0998799800873
1371645380.33
0.100000858307
1371645380.43
0.0998890399933
1371645380.53
0.100130081177
1371645380.63
0.0999100208282
1371645380.91
0.282183885574
1371645380.91
1.31130218506e-05
1371645380.93
0.0179460048676
1371645381.03
0.0999109745026
1371645381.13
0.0999138355255
1371645381.23
0.100322008133
1371645381.33
0.0998530387878
1371645381.43
0.100116968155
1371645381.53
0.0999171733856
1371645381.63
0.0997660160065
1371645381.73
0.100012779236
1371645381.83
0.100478172302
1371645381.93
0.0998048782349
1371645382.03
0.099846124649
1371645382.13
0.0998220443726
1371645382.23
0.100276947021
1371645382.33
0.100934028625
1371645382.43
0.0990679264069
1371645382.53
0.099867105484
1371645382.63
0.102210998535
1371645382.73
0.0984618663788
1371645382.83
0.0995349884033
1371645383.21
0.385842084885
1371645383.22
0.00216293334961
1371645383.22
1.81198120117e-05
1371645383.23
0.0117568969727
1371645383.33
0.100042104721
1371645383.43
0.100183963776
1371645383.53
0.100746870041
1371645383.63
0.0993959903717
1371645383.73
0.099848985672
1371645383.83
0.100808143616
1371645383.93
0.0999019145966
1371645384.03
0.0993330478668
1371645384.13
0.100482940674
1371645384.23
0.099415063858
1371645384.33
0.0999579429626
1371645384.43
0.100167036057
1371645384.53
0.0999319553375
1371645384.63
0.100080966949
1371645384.73
0.0998020172119
1371645384.83
0.100703954697
1371645384.93
0.0993812084198
1371645385.03
0.100728988647
1371645385.13
0.100008964539
1371645385.23
0.0993540287018
1371645385.33
0.0997698307037
1371645385.33
0.000169992446899
1371645385.43
0.100013971329
1371645385.43
0.000686168670654
1371645385.43
1.00135803223e-05
1371645385.53
0.102383852005
1371645385.53
0.000971078872681
1371645385.53
2.00271606445e-05
1371645385.53
1.4066696167e-05
1371645385.63
0.0971310138702
1371645385.63
0.000314950942993
1371645385.73
0.0983459949493
1371645385.73
0.00020694732666
1371645385.73
1.50203704834e-05
1371645385.83
0.0999910831451
1371645385.83
0.000638961791992
1371645385.93
0.0994160175323
1371645385.93
0.000588893890381
1371645386.03
0.0991461277008
1371645386.03
0.000221014022827
1371645386.13
0.0998079776764
1371645386.13
0.000585794448853
1371645386.23
0.099219083786
1371645386.23
6.60419464111e-05
1371645386.33
0.102345943451
1371645386.33
0.00173711776733
1371645386.43
0.0958938598633
1371645386.43
0.000111103057861
1371645386.43
1.28746032715e-05
1371645386.53
0.0998811721802
1371645386.53
9.89437103271e-05
1371645386.63
0.100836992264
1371645386.63
5.3882598877e-05
1371645386.63
9.05990600586e-06
1371645386.73
0.0999281406403
1371645386.83
0.0993177890778
1371645386.83
0.000192165374756
1371645386.93
0.100807905197
1371645387.03
0.0992939472198
1371645387.29
0.265923023224
1371645387.29
5.41210174561e-05
1371645387.33
0.0335669517517
1371645387.43
0.100591897964
1371645387.53
0.0994939804077
1371645387.63
0.0999331474304
1371645387.73
0.0999269485474
1371645387.83
0.104933023453
1371645387.93
0.0973529815674
1371645388.03
0.0989279747009
1371645388.13
0.0990281105042
1371645388.23
0.100859880447
1371645388.33
0.0989279747009
1371645388.43
0.0999159812927
1371645388.53
0.100311040878
1371645388.63
0.100288152695
1371645388.73
0.0996928215027
1371645388.83
0.100681066513
1371645388.93
0.100209951401
1371645389.03
0.100084066391
1371645389.13
0.0987279415131
1371645389.23
0.101585149765
1371645389.6
0.366941928864
1371645389.6
0.00145101547241
1371645389.6
2.00271606445e-05
1371645389.63
0.0308048725128
1371645389.73
0.0994601249695
1371645389.73
0.00011682510376
1371645389.83
0.100882053375
1371645389.83
0.000570058822632
1371645389.93
0.0999939441681
1371645390.03
0.0985071659088
1371645390.13
0.0998129844666
1371645390.23
0.100092887878
1371645390.33
0.100256919861
1371645390.43
0.0997221469879
1371645390.53
0.0997788906097
1371645390.63
0.100087165833
1371645390.73
0.10010099411
1371645390.83
0.100223779678
1371645390.93
0.0995950698853
1371645391.03
0.10046505928
1371645391.03
0.000101089477539
1371645391.13
0.104632854462
1371645391.13
9.20295715332e-05
1371645391.23
0.0948920249939
1371645391.23
5.79357147217e-05
1371645391.33
0.0998110771179
1371645391.33
9.70363616943e-05
1371645391.43
0.100227832794
1371645391.43
4.41074371338e-05
1371645391.53
0.0999529361725
1371645391.53
0.000578165054321
1371645391.63
0.103006839752
1371645391.74
0.105357170105
1371645391.74
0.000319004058838
1371645391.83
0.0911538600922
1371645391.83
0.00020694732666
1371645391.93
0.0989971160889
1371645391.93
0.000294923782349
1371645392.03
0.099879026413
1371645392.03
0.000116109848022
1371645392.03
0.000188827514648
1371645392.13
0.0996351242065
1371645392.13
0.000138998031616
1371645392.23
0.100023984909
1371645392.23
6.38961791992e-05
1371645392.33
0.101794958115
1371645392.43
0.098170042038
1371645392.53
0.100084066391
1371645392.63
0.0998198986053
1371645392.73
0.100840091705
1371645392.73
0.00397992134094
1371645392.83
0.0953390598297
1371645392.84
0.0101289749146
1371645392.85
0.00968194007874
1371645392.93
0.0803220272064
1371645392.94
0.00776600837708
1371645393.03
0.0920960903168
1371645393.13
0.100115060806
1371645393.23
0.100045919418
1371645393.23
0.000220060348511
1371645393.33
0.0995569229126
1371645393.33
0.000174045562744
1371645393.43
0.0995190143585
1371645393.7
0.269057035446
1371645393.7
0.00147104263306
1371645393.73
0.0306169986725
1371645393.73
1.28746032715e-05
1371645393.83
0.0990560054779
1371645393.83
1.50203704834e-05
1371645393.83
1.09672546387e-05
1371645393.93
0.10030412674
1371645393.93
3.60012054443e-05
1371645394.03
0.0995519161224
1371645394.13
0.100252866745
1371645394.13
1.4066696167e-05
1371645394.23
0.0997829437256
1371645394.23
1.71661376953e-05
1371645394.33
0.0999000072479
1371645394.43
0.100299835205
1371645394.53
0.0999221801758
1371645394.63
0.100023984909
1371645394.73
0.100421905518
1371645395.1
0.37020611763
1371645395.1
4.10079956055e-05
1371645395.1
8.82148742676e-06
1371645395.13
0.0298171043396
1371645395.13
0.000638008117676
1371645395.23
0.0987160205841
1371645395.33
0.100781917572
1371645395.33
0.000109910964966
1371645395.43
0.0991251468658
1371645395.43
6.69956207275e-05
1371645395.53
0.100381851196
1371645395.53
6.8187713623e-05
1371645395.53
5.3882598877e-05
1371645395.63
0.100219964981
1371645395.73
0.0989620685577
1371645395.73
5.29289245605e-05
1371645395.83
0.100459098816
1371645395.83
8.29696655273e-05
1371645395.93
0.103043079376
1371645395.93
8.98838043213e-05
1371645396.03
0.096372127533
1371645396.13
0.0999829769135
1371645396.13
4.38690185547e-05
1371645396.23
0.100259065628
1371645396.23
6.00814819336e-05
1371645396.23
1.00135803223e-05
1371645396.33
0.100550889969
1371645396.33
0.000180959701538
1371645396.43
0.0988020896912
1371645396.43
0.00104093551636
1371645396.53
0.100973129272
1371645396.53
6.98566436768e-05
1371645396.63
0.0985741615295
1371645396.63
0.000138998031616
1371645396.63
1.38282775879e-05
1371645396.73
0.0995771884918
1371645396.73
8.6784362793e-05
1371645396.73
1.50203704834e-05
1371645396.73
1.31130218506e-05
1371645396.83
0.100333929062
1371645396.93
0.0991139411926
1371645397.03
0.100048065186
1371645397.13
0.101233005524
1371645397.23
0.0987811088562
1371645397.33
0.100255966187
1371645397.43
0.0999238491058
1371645397.53
0.0999021530151
1371645397.63
0.100375890732
1371645397.73
0.0998411178589
1371645397.83
0.100065946579
1371645397.93
0.0996189117432
1371645398.03
0.100377082825
1371645398.13
0.100145101547
1371645398.23
0.10074877739
1371645398.33
0.0998589992523
1371645398.43
0.0990540981293
1371645398.53
0.100032091141
1371645398.63
0.100437879562
1371645398.73
0.0996680259705
1371645398.83
0.0998549461365
1371645398.93
0.100069046021
1371645399.22
0.291414022446
1371645399.22
0.00462412834167
1371645399.23
0.00414299964905
1371645399.33
0.0997688770294
1371645399.43
0.100136041641
1371645399.53
0.100223064423
1371645399.63
0.0999658107758
1371645399.73
0.0998899936676
1371645399.83
0.100485086441
1371645400.24
0.41597700119
1371645400.41
0.164252996445
1371645400.41
1.19209289551e-05
1371645400.41
1.00135803223e-05
1371645400.41
4.41074371338e-05
1371645400.43
0.0188739299774
1371645400.53
0.100263118744
1371645400.63
0.100775957108
1371645400.73
0.099091053009
1371645400.83
0.100181818008
1371645400.83
8.01086425781e-05
1371645400.93
0.0997099876404
1371645400.93
0.000503063201904
1371645400.93
4.6968460083e-05
1371645400.93
9.05990600586e-06
1371645401.03
0.0996499061584
1371645401.03
0.0001540184021
1371645401.13
0.0997719764709
1371645401.13
0.000242948532104
1371645401.13
4.50611114502e-05
1371645401.23
0.0996680259705
1371645401.23
0.00101184844971
1371645401.23
0.000170230865479
1371645401.33
0.0996577739716
1371645401.33
0.00015115737915
1371645401.43
0.099112033844
1371645401.43
6.48498535156e-05
1371645401.53
0.102394104004
1371645401.53
0.000405073165894
1371645401.53
1.47819519043e-05
1371645401.63
0.0971481800079
1371645401.63
8.89301300049e-05
1371645401.63
1.09672546387e-05
1371645401.63
8.10623168945e-06
1371645401.73
0.0998139381409
1371645401.83
0.100744962692
1371645401.93
0.0991621017456
1371645402.03
0.0998828411102
1371645402.13
0.100495100021
1371645402.23
0.100024938583
1371645402.33
0.099662065506
1371645402.43
0.100123882294
1371645402.43
0.000149011611938
1371645402.53
0.101531028748
1371645402.53
0.00172710418701
1371645402.63
0.0964679718018
1371645402.63
0.000169992446899
1371645402.73
0.0997650623322
1371645402.73
0.000365018844604
1371645402.73
0.000208854675293
1371645402.83
0.0993990898132
1371645402.83
9.48905944824e-05
1371645402.93
0.100505113602
1371645402.93
8.29696655273e-05
1371645403.03
0.100208044052
1371645403.03
9.70363616943e-05
1371645403.03
1.09672546387e-05
1371645403.13
0.101640939713
1371645403.13
4.29153442383e-05
1371645403.23
0.0974621772766
1371645403.23
0.000140905380249
1371645403.33
0.100003004074
1371645403.33
0.000571966171265
1371645403.43
0.100952148438
1371645403.43
8.58306884766e-05
1371645403.43
1.09672546387e-05
1371645403.43
1.00135803223e-05
1371645403.53
0.0991230010986
1371645403.63
0.098913192749
1371645403.73
0.099967956543
1371645403.83
0.100055932999
1371645403.93
0.100087881088
1371645404.03
0.106765031815
1371645404.13
0.0930750370026
1371645404.39
0.266606092453
1371645404.39
0.000566005706787
1371645404.43
0.032870054245
1371645404.53
0.100054979324
1371645404.63
0.0999639034271
1371645404.73
0.100130081177
1371645404.83
0.101776838303
1371645404.93
0.0982100963593
1371645405.03
0.100389957428
1371645405.13
0.0998251438141
1371645405.23
0.0998678207397
1371645405.33
0.10031414032
1371645405.43
0.0996830463409
1371645405.53
0.099898815155
1371645405.63
0.0999071598053
1371645405.73
0.100736856461
1371645405.83
0.100489139557
1371645405.93
0.0996549129486
1371645406.03
0.0993640422821
1371645406.13
0.0997669696808
1371645406.25
0.123034000397
1371645406.33
0.0776278972626
1371645406.64
0.311034202576
1371645406.64
0.000917911529541
1371645406.64
1.19209289551e-05
1371645406.8
0.161592006683
1371645406.83
0.0262629985809
1371645406.93
0.100172996521
1371645407.03
0.099228143692
1371645407.13
0.0999989509583
1371645407.23
0.100167036057
1371645407.33
0.100845813751
1371645407.43
0.099160194397
1371645407.53
0.0999510288239
1371645407.63
0.100559949875
1371645407.73
0.100504875183
1371645407.83
0.0989580154419
1371645407.93
0.0999031066895
1371645408.03
0.100168943405
1371645408.13
0.0999319553375
1371645408.23
0.0999491214752
1371645408.33
0.100170850754
1371645408.43
0.100259065628
1371645408.53
0.100044965744
1371645408.63
0.0996060371399
1371645408.73
0.100517988205
1371645408.83
0.0994930267334
1371645408.93
0.100121974945
1371645409.03
0.101283073425
1371645409.13
0.0986800193787
1371645409.23
0.0997278690338
1371645409.33
0.101508140564
1371645409.43
0.0995669364929
1371645409.53
0.0989489555359
1371645409.63
0.100201129913
1371645409.73
0.0998818874359
1371645409.83
0.100444078445
1371645409.93
0.100047826767
1371645410.03
0.100061178207
1371645410.13
0.100047826767
1371645410.23
0.0995810031891
1371645410.33
0.100207090378
1371645410.43
0.0998549461365
1371645410.53
0.0999081134796
1371645410.81
0.280824899673
1371645410.81
0.00347709655762
1371645410.83
0.0157418251038
1371645410.83
1.4066696167e-05
1371645410.93
0.100510120392
1371645410.93
3.00407409668e-05
1371645411.03
0.0997278690338
1371645411.03
1.00135803223e-05
1371645411.13
0.0998680591583
1371645411.13
2.28881835938e-05
1371645411.13
7.15255737305e-06
1371645411.23
0.0997188091278
1371645411.33
0.100028038025
1371645411.33
3.60012054443e-05
1371645411.43
0.0999200344086
1371645411.43
1.19209289551e-05
1371645411.53
0.100176095963
1371645411.53
3.91006469727e-05
1371645411.63
0.099916934967
1371645411.63
9.20295715332e-05
1371645411.63
4.88758087158e-05
1371645411.73
0.0998430252075
1371645411.73
0.0002601146698
1371645411.83
0.0996630191803
1371645411.83
0.000140905380249
1371645411.93
0.100301027298
1371645412.03
0.0999250411987
1371645412.13
0.099869966507
1371645412.23
0.10003900528
1371645412.33
0.099750995636
1371645412.33
0.000234842300415
1371645412.33
0.000222206115723
1371645412.43
0.100765943527
1371645412.43
5.69820404053e-05
1371645412.53
0.0990889072418
1371645412.53
0.000128984451294
1371645412.64
0.109312057495
1371645412.64
0.000110149383545
1371645413.01
0.368957996368
1371645413.01
0.00113892555237
1371645413.01
1.09672546387e-05
1371645413.01
9.05990600586e-06
1371645413.01
1.09672546387e-05
1371645413.01
0.00419998168945
1371645413.03
0.0158820152283
1371645413.03
7.39097595215e-05
1371645413.13
0.0997240543365
1371645413.13
0.000405073165894
1371645413.23
0.0996840000153
1371645413.33
0.100077867508
1371645413.33
0.000542163848877
1371645413.43
0.0996539592743
1371645413.43
6.69956207275e-05
1371645413.53
0.100920915604
1371645413.53
0.00177693367004
1371645413.63
0.0969271659851
1371645413.63
0.000598907470703
1371645413.63
1.09672546387e-05
1371645413.63
8.10623168945e-06
1371645413.73
0.0994379520416
1371645413.73
0.000109910964966
1371645413.73
2.09808349609e-05
1371645413.73
1.00135803223e-05
1371645413.83
0.0996329784393
1371645413.93
0.100292205811
1371645413.93
0.000118970870972
1371645414.03
0.0998079776764
1371645414.03
0.000172853469849
1371645414.13
0.0997650623322
1371645414.13
0.000297069549561
1371645414.23
0.0994579792023
1371645414.23
0.000266075134277
1371645414.23
1.59740447998e-05
1371645414.33
0.100107908249
1371645414.43
0.0996630191803
1371645414.43
0.000104904174805
1371645414.53
0.100538015366
1371645414.53
0.000244140625
1371645414.53
1.09672546387e-05
1371645414.63
0.104077100754
1371645414.63
8.48770141602e-05
1371645414.73
0.0958690643311
1371645414.73
0.00413799285889
1371645414.83
0.0952010154724
1371645414.83
0.000113010406494
1371645414.93
0.0998919010162
1371645414.93
0.000220060348511
1371645415.03
0.0993750095367
1371645415.03
0.000202894210815
1371645415.13
0.10027217865
1371645415.13
0.000165939331055
1371645415.23
0.0997159481049
1371645415.23
0.00021505355835
1371645415.33
0.0998759269714
1371645415.33
0.000575065612793
1371645415.33
1.19209289551e-05
1371645415.33
9.05990600586e-06
1371645415.43
0.0992588996887
1371645415.43
0.000127077102661
1371645415.43
1.69277191162e-05
1371645415.53
0.0998339653015
1371645415.63
0.100067138672
1371645415.73
0.0999789237976
1371645415.83
0.100057125092
1371645415.93
0.0998368263245
1371645416.03
0.100078105927
1371645416.13
0.0999879837036
1371645416.23
0.100126028061
1371645416.33
0.099956035614
1371645416.43
0.104728937149
1371645416.53
0.0951280593872
1371645416.53
0.00014591217041
1371645416.63
0.100085020065
1371645416.63
0.000588893890381
1371645416.63
1.71661376953e-05
1371645416.73
0.0995750427246
1371645416.83
0.0995688438416
1371645416.83
9.70363616943e-05
1371645416.93
0.0999879837036
1371645416.93
0.000149965286255
1371645416.93
1.59740447998e-05
1371645417.13
0.20393204689
1371645417.13
0.000161170959473
1371645417.13
0.00105690956116
1371645417.23
0.094918012619
1371645417.33
0.0996389389038
1371645417.43
0.100003004074
1371645417.53
0.0999970436096
1371645417.63
0.100214004517
1371645417.73
0.0997619628906
1371645417.83
0.10015296936
1371645417.84
0.00969505310059
1371645417.84
1.28746032715e-05
1371645417.93
0.0903429985046
1371645418.03
0.0998392105103
1371645418.13
0.10017991066
1371645418.23
0.100141048431
1371645418.23
0.000113010406494
1371645418.33
0.0995919704437
1371645418.33
0.000120878219604
1371645418.43
0.10006403923
1371645418.53
0.0997669696808
1371645418.63
0.100217103958
1371645418.73
0.100020885468
1371645418.83
0.10005402565
1371645418.93
0.101291179657
1371645419.03
0.103339910507
1371645419.13
0.0954608917236
1371645419.43
0.303510189056
1371645419.43
0.00174593925476
1371645419.43
1.19209289551e-05
1371645419.43
8.10623168945e-06
1371645419.43
7.86781311035e-06
1371645419.43
8.10623168945e-06
1371645419.43
0.00061297416687
1371645419.58
0.146027088165
1371645419.63
0.0477979183197
1371645419.63
8.48770141602e-05
1371645419.73
0.100061178207
1371645419.73
0.000288963317871
1371645419.83
0.0998668670654
1371645419.83
0.000128030776978
1371645419.93
0.099632024765
1371645419.93
0.000725030899048
1371645420.03
0.0990259647369
1371645420.13
0.100572109222
1371645420.23
0.0997848510742
1371645420.23
0.000580072402954
1371645420.33
0.0993549823761
1371645420.33
0.000684976577759
1371645420.33
1.4066696167e-05
1371645420.43
0.0991990566254
1371645420.53
0.100494861603
1371645420.53
0.000316143035889
1371645420.63
0.0990319252014
1371645420.63
0.000109910964966
1371645420.73
0.100125074387
1371645420.73
0.000104904174805
1371645420.73
1.00135803223e-05
1371645420.83
0.0996420383453
1371645420.83
5.91278076172e-05
1371645420.93
0.100000858307
1371645421.03
0.100147008896
1371645421.13
0.0998711585999
1371645421.23
0.100237846375
1371645421.33
0.099867105484
1371645421.43
0.0997688770294
1371645421.53
0.100212097168
1371645421.63
0.100080013275
1371645421.73
0.100198984146
1371645421.83
0.0996730327606
1371645421.93
0.0999610424042
1371645422.03
0.10019993782
1371645422.13
0.0998039245605
1371645422.23
0.0998950004578
1371645422.33
0.100129127502
1371645422.43
0.100069999695
1371645422.53
0.102449893951
1371645422.63
0.0974209308624
1371645422.73
0.100885152817
1371645422.83
0.0990319252014
1371645422.93
0.100147008896
1371645423.03
0.0999579429626
1371645423.13
0.100016117096
1371645423.23
0.100059986115
1371645423.33
0.099916934967
1371645423.59
0.259145021439
1371645423.59
0.00193405151367
1371645423.63
0.0397479534149
1371645423.73
0.0993089675903
1371645423.83
0.102020025253
1371645423.93
0.0980629920959
1371645424.03
0.0997989177704
1371645424.03
1.21593475342e-05
1371645424.13
0.100111961365
1371645424.13
2.19345092773e-05
1371645424.23
0.100747108459
1371645424.33
0.0991840362549
1371645424.33
1.8835067749e-05
1371645424.43
0.101058006287
1371645424.43
2.50339508057e-05
1371645424.43
1.19209289551e-05
1371645424.53
0.0995011329651
1371645424.53
1.69277191162e-05
1371645424.63
0.0995450019836
1371645424.63
0.000101089477539
1371645424.73
0.100477933884
1371645424.73
5.3882598877e-05
1371645424.83
0.0992012023926
1371645424.83
0.000108957290649
1371645424.93
0.100672006607
1371645424.93
8.60691070557e-05
1371645425.03
0.0999529361725
1371645425.03
8.89301300049e-05
1371645425.13
0.0996570587158
1371645425.13
0.00021505355835
1371645425.23
0.101190805435
1371645425.23
0.000136137008667
1371645425.33
0.0980479717255
1371645425.33
0.00118708610535
1371645425.43
0.0987520217896
1371645425.53
0.10013794899
1371645425.83
0.300276994705
1371645425.83
0.00206398963928
1371645425.83
1.50203704834e-05
1371645425.93
0.0973789691925
1371645426.03
0.0998690128326
1371645426.13
0.100139856339
1371645426.23
0.100169181824
1371645426.33
0.0996289253235
1371645426.43
0.101046085358
1371645426.53
0.0991427898407
1371645426.63
0.0997521877289
1371645426.73
0.100068807602
1371645426.83
0.0999979972839
1371645426.93
0.100105047226
1371645427.03
0.0999941825867
1371645427.13
0.100649833679
1371645427.13
6.103515625e-05
1371645427.13
9.05990600586e-06
1371645427.23
0.0996868610382
1371645427.23
0.000102996826172
1371645427.23
2.00271606445e-05
1371645427.23
3.40938568115e-05
1371645427.33
0.0993978977203
1371645427.43
0.100332021713
1371645427.43
0.00049901008606
1371645427.43
0.00406312942505
1371645427.53
0.0952959060669
1371645427.53
0.000740051269531
1371645427.53
0.000953912734985
1371645427.63
0.0983390808105
1371645427.73
0.100435018539
1371645427.74
0.0110628604889
1371645427.74
1.4066696167e-05
1371645427.83
0.0882539749146
1371645427.83
8.41617584229e-05
1371645427.93
0.100015878677
1371645427.93
0.000277996063232
1371645427.93
1.4066696167e-05
1371645428.03
0.100224018097
1371645428.03
0.000298976898193
1371645428.13
0.0993070602417
1371645428.13
0.000104904174805
1371645428.13
1.19209289551e-05
1371645428.23
0.0999569892883
1371645428.23
8.60691070557e-05
1371645428.33
0.099760055542
1371645428.33
0.000115871429443
1371645428.43
0.0999519824982
1371645428.43
8.20159912109e-05
1371645428.53
0.0999310016632
1371645428.53
0.000463008880615
1371645428.63
0.0998129844666
1371645428.63
0.000400066375732
1371645428.73
0.0992970466614
1371645428.83
0.100796937943
1371645428.93
0.0991659164429
1371645429.03
0.0998601913452
1371645429.13
0.100109815598
1371645429.23
0.0998601913452
1371645429.33
0.100086927414
1371645429.43
0.100081920624
1371645429.53
0.100790977478
1371645429.63
0.0990481376648
1371645429.73
0.10004401207
1371645430.01
0.278679847717
1371645430.01
0.00349020957947
1371645430.03
0.018040895462
1371645430.13
0.0999369621277
1371645430.23
0.100034952164
1371645430.33
0.0998079776764
1371645430.43
0.100052118301
1371645430.53
0.0998229980469
1371645430.63
0.100298881531
1371645430.73
0.100144147873
1371645430.83
0.0997560024261
1371645430.93
0.0998229980469
1371645431.03
0.100185871124
1371645431.13
0.0997760295868
1371645431.23
0.10174202919
1371645431.33
0.0987510681152
1371645431.43
0.099967956543
1371645431.53
0.101094961166
1371645431.63
0.0988020896912
1371645431.73
0.100730895996
1371645431.86
0.13599896431
1371645432.22
0.354999065399
1371645432.23
0.00901699066162
1371645432.23
1.81198120117e-05
1371645432.23
0.000121831893921
1371645432.33
0.0988471508026
1371645432.43
0.100133895874
1371645432.53
0.10095500946
1371645432.63
0.098953962326
1371645432.73
0.100175142288
1371645432.83
0.100026845932
1371645432.93
0.0999150276184
1371645433.03
0.100168943405
1371645433.13
0.0996820926666
1371645433.23
0.100995063782
1371645433.33
0.0990629196167
1371645433.43
0.100232124329
1371645433.53
0.0997869968414
1371645433.63
0.100209951401
1371645433.73
0.100303888321
1371645433.83
0.0995559692383
1371645433.93
0.100059986115
1371645434.03
0.09996509552
1371645434.13
0.100013017654
1371645434.23
0.0997610092163
1371645434.33
0.1055560112
1371645434.43
0.0946450233459
1371645434.53
0.0999000072479
1371645434.63
0.100888967514
1371645434.73
0.0992329120636
1371645434.83
0.100015163422
1371645434.93
0.100005865097
1371645435.03
0.100510120392
1371645435.13
0.0994338989258
1371645435.23
0.100075960159
1371645435.33
0.0999431610107
1371645435.43
0.100888967514
1371645435.43
0.00594997406006
1371645435.53
0.0932819843292
1371645435.53
0.000123023986816
1371645435.63
0.0998349189758
1371645435.63
8.20159912109e-05
1371645435.63
1.31130218506e-05
1371645435.73
0.0999097824097
1371645435.73
5.91278076172e-05
1371645435.83
0.0997231006622
1371645435.83
0.00014591217041
1371645435.93
0.100106954575
1371645435.93
5.50746917725e-05
1371645435.93
0.000232934951782
1371645435.93
5.91278076172e-05
1371645436.03
0.0994508266449
1371645436.03
0.00484704971313
1371645436.03
1.69277191162e-05
1371645436.13
0.0954480171204
1371645436.13
0.000108003616333
1371645436.41
0.280668020248
1371645436.41
0.00619506835938
1371645436.41
1.4066696167e-05
1371645436.43
0.0126478672028
1371645436.53
0.100317001343
1371645436.53
2.40802764893e-05
1371645436.63
0.0997228622437
1371645436.63
2.71797180176e-05
1371645436.63
1.78813934326e-05
1371645436.73
0.10000705719
1371645436.73
1.19209289551e-05
1371645436.73
8.10623168945e-06
1371645436.83
0.100069999695
1371645436.83
1.4066696167e-05
1371645436.83
8.82148742676e-06
1371645436.83
8.10623168945e-06
1371645436.93
0.101898908615
1371645436.93
1.4066696167e-05
1371645436.93
9.05990600586e-06
1371645437.03
0.0979199409485
1371645437.13
0.100091934204
1371645437.23
0.100072145462
1371645437.33
0.0997109413147
1371645437.43
0.100093841553
1371645437.53
0.100238084793
1371645437.63
0.0999619960785
1371645437.73
0.100039958954
1371645437.83
0.100285053253
1371645437.93
0.0996470451355
1371645438.03
0.10523891449
1371645438.13
0.0983240604401
1371645438.51
0.374475955963
1371645438.51
0.00215101242065
1371645438.51
1.31130218506e-05
1371645438.53
0.0199308395386
1371645438.63
0.0996921062469
1371645438.73
0.100000858307
1371645438.83
0.100027084351
1371645438.94
0.108850002289
1371645439.03
0.0910561084747
1371645439.13
0.100803852081
1371645439.23
0.0999531745911
1371645439.33
0.0994288921356
1371645439.43
0.100071907043
1371645439.53
0.0999732017517
1371645439.63
0.0997619628906
1371645439.73
0.0999898910522
1371645439.83
0.100244045258
1371645439.93
0.0999529361725
1371645440.03
0.0999341011047
1371645440.13
0.100000858307
1371645440.23
0.0999000072479
1371645440.33
0.100357055664
1371645440.43
0.0997619628906
1371645440.53
0.099995136261
1371645440.63
0.101824998856
1371645440.73
0.0981888771057
1371645440.83
0.104990005493
1371645440.83
0.00043511390686
1371645440.83
1.78813934326e-05
1371645440.93
0.094475030899
1371645441.03
0.100099086761
1371645441.03
6.38961791992e-05
1371645441.13
0.0999479293823
1371645441.13
0.000137090682983
1371645441.13
1.09672546387e-05
1371645441.23
0.0997669696808
1371645441.33
0.10040307045
1371645441.43
0.0996739864349
1371645441.53
0.100769042969
1371645441.53
0.000180006027222
1371645441.63
0.0993769168854
1371645441.73
0.0996811389923
1371645441.73
0.000128030776978
1371645441.83
0.0998849868774
1371645441.83
7.08103179932e-05
1371645441.93
0.0998752117157
1371645441.93
0.00080394744873
1371645442.03
0.099081993103
1371645442.13
0.10027885437
1371645442.13
0.000108003616333
1371645442.23
0.099837064743
1371645442.23
8.89301300049e-05
1371645442.23
1.00135803223e-05
1371645442.33
0.0999071598053
1371645442.33
5.98430633545e-05
1371645442.62
0.288268089294
1371645442.62
1.00135803223e-05
1371645442.62
9.05990600586e-06
1371645442.62
6.91413879395e-06
1371645442.62
0.000497102737427
1371645442.62
1.09672546387e-05
1371645442.62
6.91413879395e-06
1371645442.62
8.10623168945e-06
1371645442.63
0.011237859726
1371645442.63
2.8133392334e-05
1371645442.63
1.09672546387e-05
1371645442.63
1.09672546387e-05
1371645442.73
0.099839925766
1371645442.73
1.31130218506e-05
1371645442.73
7.86781311035e-06
1371645442.83
0.0999829769135
1371645442.83
2.59876251221e-05
1371645442.83
1.31130218506e-05
1371645442.93
0.0999810695648
1371645442.93
2.00271606445e-05
1371645443.03
0.100718975067
1371645443.03
1.50203704834e-05
1371645443.13
0.0992109775543
1371645443.13
0.000102043151855
1371645443.23
0.0999479293823
1371645443.23
0.000171899795532
1371645443.23
1.21593475342e-05
1371645443.33
0.0998558998108
1371645443.33
0.000588893890381
1371645443.33
1.00135803223e-05
1371645443.43
0.0991070270538
1371645443.53
0.101067066193
1371645443.63
0.0992729663849
1371645443.73
0.100009918213
1371645443.83
0.0998470783234
1371645443.93
0.100044965744
1371645444.03
0.100187063217
1371645444.13
0.099730014801
1371645444.23
0.101679086685
1371645444.33
0.0987539291382
1371645444.67
0.339726924896
1371645444.67
0.000643014907837
1371645444.67
1.31130218506e-05
1371645444.73
0.0596799850464
1371645444.83
0.0993838310242
1371645444.93
0.100130081177
1371645445.03
0.100086927414
1371645445.13
0.100057125092
1371645445.23
0.0998070240021
1371645445.33
0.0997829437256
1371645445.43
0.100153923035
1371645445.53
0.100119113922
1371645445.64
0.107428073883
1371645445.73
0.0923779010773
1371645445.83
0.100298881531
1371645445.93
0.099790096283
1371645446.03
0.0999510288239
1371645446.13
0.0999910831451
1371645446.23
0.101178884506
1371645446.33
0.0987849235535
1371645446.43
0.0999782085419
1371645446.53
0.0999758243561
1371645446.63
0.100214004517
1371645446.73
0.0999240875244
1371645446.83
0.0998539924622
1371645446.93
0.100110054016
1371645447.03
0.100057840347
1371645447.13
0.100108146667
1371645447.23
0.0998089313507
1371645447.33
0.100347042084
1371645447.43
0.0996758937836
1371645447.53
0.100073099136
1371645447.63
0.0999040603638
1371645447.73
0.100116014481
1371645447.83
0.0998737812042
1371645447.93
0.101924180984
1371645448.03
0.0989830493927
1371645448.13
0.100013971329
1371645448.23
0.0990159511566
1371645448.33
0.101042985916
1371645448.43
0.0991358757019
1371645448.53
0.0998940467834
1371645448.79
0.26611495018
1371645448.79
0.000612020492554
1371645448.83
0.0334811210632
1371645448.93
0.101413965225
1371645449.03
0.0984790325165
1371645449.13
0.100260972977
1371645449.23
0.0996739864349
1371645449.33
0.100145101547
1371645449.43
0.0997698307037
1371645449.53
0.1000020504
1371645449.63
0.10004401207
1371645449.73
0.100122928619
1371645449.83
0.0998570919037
1371645449.93
0.101526975632
1371645450.03
0.0986258983612
1371645450.13
0.100330114365
1371645450.23
0.0996510982513
1371645450.33
0.100812911987
1371645450.43
0.0994789600372
1371645450.53
0.100532054901
1371645450.63
0.0992240905762
1371645451.01
0.382497787476
1371645451.01
0.000372171401978
1371645451.01
1.00135803223e-05
1371645451.03
0.0168509483337
1371645451.13
0.101104021072
1371645451.23
0.0988779067993
1371645451.33
0.100229024887
1371645451.43
0.0998919010162
1371645451.53
0.10004401207
1371645451.63
0.100018978119
1371645451.73
0.100026130676
1371645451.84
0.111929893494
1371645451.93
0.0880250930786
1371645452.03
0.100205898285
1371645452.13
0.100646018982
1371645452.23
0.100048065186
1371645452.33
0.0989720821381
1371645452.43
0.101856946945
1371645452.53
0.099142074585
1371645452.63
0.0993399620056
1371645452.73
0.0998458862305
1371645452.83
0.100825071335
1371645452.93
0.0999939441681
1371645453.03
0.099748134613
1371645453.13
0.0993258953094
1371645453.23
0.100094079971
1371645453.33
0.100020885468
1371645453.43
0.100042104721
1371645453.53
0.0997569561005
1371645453.63
0.100186109543
1371645453.73
0.102578878403
1371645453.83
0.0974299907684
1371645453.93
0.0999829769135
1371645454.03
0.10018992424
1371645454.13
0.0998051166534
1371645454.23
0.100037097931
1371645454.33
0.101452827454
1371645454.43
0.0984160900116
1371645454.53
0.100568056107
1371645454.63
0.0994119644165
1371645454.73
0.100097894669
1371645454.83
0.100173950195
1371645455.08
0.25062417984
1371645455.08
0.0024528503418
1371645455.13
0.0467851161957
1371645455.23
0.104974031448
1371645455.33
0.0951409339905
1371645455.43
0.0998950004578
1371645455.53
0.100063085556
1371645455.63
0.0998089313507
1371645455.73
0.101278066635
1371645455.83
0.0988388061523
1371645455.93
0.100030183792
1371645456.03
0.100006818771
1371645456.13
0.0999472141266
1371645456.23
0.09991979599
1371645456.33
0.0998899936676
1371645456.43
0.100221157074
1371645456.53
0.100461006165
1371645456.63
0.0998840332031
1371645456.73
0.101625919342
1371645456.83
0.0981090068817
1371645456.93
0.10223698616
1371645457.03
0.0979270935059
1371645457.33
0.306548833847
1371645457.34
0.00143098831177
1371645457.34
1.21593475342e-05
1371645457.43
0.0919809341431
1371645457.53
0.0996499061584
1371645457.63
0.100443124771
1371645457.73
0.0996968746185
1371645457.83
0.099946975708
1371645457.93
0.0998702049255
1371645458.03
0.100215911865
1371645458.13
0.0998859405518
1371645458.23
0.100099086761
1371645458.33
0.0997970104218
1371645458.43
0.100506067276
1371645458.53
0.0995199680328
1371645458.63
0.100167036057
1371645458.73
0.0999948978424
1371645458.83
0.100033044815
1371645458.93
0.100091934204
1371645459.03
0.099867105484
1371645459.13
0.0999159812927
1371645459.23
0.100067853928
1371645459.33
0.0998389720917
1371645459.43
0.100160121918
1371645459.53
0.100877046585
1371645459.63
0.0991199016571
1371645459.73
0.099916934967
1371645459.83
0.100254058838
1371645459.93
0.0998771190643
1371645460.03
0.10116481781
1371645460.13
0.0987021923065
1371645460.23
0.100313901901
1371645460.33
0.0997068881989
1371645460.43
0.101767063141
1371645460.53
0.0982329845428
1371645460.63
0.100106954575
1371645460.73
0.0997262001038
1371645460.83
0.100013971329
1371645460.93
0.101032972336
1371645461.04
0.106751918793
1371645461.13
0.09246301651
1371645461.23
0.0997569561005
1371645461.48
0.256009101868
1371645461.48
5.3882598877e-05
1371645461.53
0.0441281795502
1371645461.63
0.100061893463
1371645461.73
0.10174703598
1371645461.83
0.0982949733734
1371645461.93
0.0996930599213
1371645462.03
0.100224971771
1371645462.13
0.0999960899353
1371645462.23
0.0999619960785
1371645462.33
0.09991979599
1371645462.43
0.100105047226
1371645462.53
0.100108146667
1371645462.63
0.0999128818512
1371645462.73
0.0999279022217
1371645462.83
0.102580070496
1371645462.93
0.0974740982056
1371645463.03
0.100244045258
1371645463.13
0.0999329090118
1371645463.23
0.100147008896
1371645463.33
0.0998299121857
1371645463.43
0.10008597374
1371645463.53
0.100107192993
1371645463.87
0.344891786575
1371645463.88
0.00348401069641
1371645463.88
1.12056732178e-05
1371645463.93
0.0510928630829
1371645464.03
0.101058006287
1371645464.13
0.09912109375
1371645464.23
0.0998330116272
1371645464.33
0.100345849991
1371645464.43
0.0997090339661
1371645464.53
0.100919961929
1371645464.63
0.0991191864014
1371645464.73
0.100005865097
1371645464.84
0.107495069504
1371645464.93
0.0930750370026
1371645465.03
0.0994038581848
1371645465.13
0.10004401207
1371645465.23
0.0998980998993
1371645465.33
0.100959062576
1371645465.43
0.099268913269
1371645465.53
0.0997869968414
1371645465.63
0.099967956543
1371645465.73
0.10006403923
1371645465.83
0.100784063339
1371645465.93
0.0993399620056
1371645466.03
0.100826978683
1371645466.13
0.0990459918976
1371645466.24
0.108931064606
1371645466.33
0.0910499095917
1371645466.43
0.100006103516
1371645466.53
0.0999557971954
1371645466.63
0.100088119507
1371645466.73
0.106008052826
1371645466.83
0.0939400196075
1371645466.93
0.100003004074
1371645467.03
0.100157022476
1371645467.13
0.100003004074
1371645467.23
0.0997619628906
1371645467.33
0.101045846939
1371645467.43
0.0991470813751
1371645467.53
0.101489067078
1371645467.63
0.0983579158783
1371645467.73
0.0999579429626
1371645468.01
0.281051158905
1371645468.01
1.09672546387e-05
1371645468.03
0.019868850708
1371645468.13
0.105928182602
1371645468.23
0.0933258533478
1371645468.33
0.0999481678009
1371645468.43
0.0999348163605
1371645468.53
0.0999109745026
1371645468.63
0.100099086761
1371645468.73
0.100069999695
1371645468.83
0.0998349189758
1371645468.93
0.100251197815
1371645469.03
0.0998239517212
1371645469.13
0.100163936615
1371645469.23
0.0997960567474
1371645469.33
0.100193023682
1371645469.43
0.101845979691
1371645469.53
0.0982949733734
1371645469.63
0.10066986084
1371645469.73
0.0995571613312
1371645469.83
0.100240945816
1371645470.21
0.380075931549
1371645470.21
0.000461101531982
1371645470.21
1.59740447998e-05
1371645470.23
0.0187609195709
1371645470.33
0.101093053818
1371645470.33
0.000177145004272
1371645470.43
0.0998129844666
1371645470.43
0.000442981719971
1371645470.53
0.098534822464
1371645470.53
0.000177145004272
1371645470.53
1.28746032715e-05
1371645470.53
1.00135803223e-05
1371645470.63
0.0997350215912
1371645470.63
0.000162124633789
1371645470.63
1.09672546387e-05
1371645470.73
0.0999908447266
1371645470.73
0.000116109848022
1371645470.73
1.31130218506e-05
1371645470.83
0.0998249053955
1371645470.83
0.000788927078247
1371645470.93
0.0990641117096
1371645470.93
0.00010085105896
1371645470.93
0.000100135803223
1371645471.03
0.105782032013
1371645471.03
0.00110602378845
1371645471.03
2.19345092773e-05
1371645471.13
0.0929489135742
1371645471.13
0.000107049942017
1371645471.23
0.0999939441681
1371645471.33
0.0997681617737
1371645471.43
0.10009598732
1371645471.53
0.099907875061
1371645471.63
0.0999979972839
1371645471.73
0.099986076355
1371645471.83
0.102658987045
1371645471.93
0.0983378887177
1371645472.03
0.100795030594
1371645472.13
0.0983250141144
1371645472.23
0.0999491214752
1371645472.33
0.100042819977
1371645472.43
0.0999920368195
1371645472.53
0.100157976151
1371645472.63
0.0998620986938
1371645472.73
0.100274085999
1371645472.83
0.0996148586273
1371645472.93
0.100033998489
1371645473.03
0.100129127502
1371645473.13
0.0997939109802
1371645473.23
0.100131988525
1371645473.33
0.100018024445
1371645473.43
0.0998530387878
1371645473.53
0.101008892059
1371645473.53
4.81605529785e-05
1371645473.63
0.0991628170013
1371645473.63
6.103515625e-05
1371645473.63
1.09672546387e-05
1371645473.73
0.100749015808
1371645473.83
0.099044084549
1371645473.93
0.100095033646
1371645473.93
8.98838043213e-05
1371645474.03
0.0999450683594
1371645474.03
5.29289245605e-05
1371645474.13
0.100327968597
1371645474.13
0.000112056732178
1371645474.13
1.90734863281e-05
1371645474.13
1.4066696167e-05
1371645474.4
0.274226903915
1371645474.4
1.4066696167e-05
1371645474.4
0.00193095207214
1371645474.4
1.50203704834e-05
1371645474.4
1.19209289551e-05
1371645474.43
0.0232560634613
1371645474.43
1.09672546387e-05
1371645474.53
0.100056886673
1371645474.63
0.0998291969299
1371645474.63
1.09672546387e-05
1371645474.73
0.100080966949
1371645474.83
0.100079059601
1371645474.83
1.09672546387e-05
1371645474.83
0.00077486038208
1371645474.93
0.099139213562
1371645474.93
1.47819519043e-05
1371645474.93
8.10623168945e-06
1371645475.03
0.102336883545
1371645475.03
0.000149011611938
1371645475.13
0.0974650382996
1371645475.23
0.100239992142
1371645475.33
0.0998191833496
1371645475.43
0.0998818874359
1371645475.53
0.100739955902
1371645475.63
0.100036144257
1371645475.73
0.0998079776764
1371645475.83
0.0996899604797
1371645475.93
0.101410865784
1371645475.93
0.00120615959167
1371645476.03
0.100687980652
1371645476.03
0.000165939331055
1371645476.13
0.0967240333557
1371645476.13
0.000281095504761
1371645476.49
0.366153001785
1371645476.49
0.000113964080811
1371645476.49
1.28746032715e-05
1371645476.49
1.09672546387e-05
1371645476.49
1.21593475342e-05
1371645476.49
1.09672546387e-05
1371645476.49
1.09672546387e-05
1371645476.49
1.09672546387e-05
1371645476.53
0.0338840484619
1371645476.53
0.000417947769165
1371645476.63
0.0994310379028
1371645476.63
9.79900360107e-05
1371645476.63
1.19209289551e-05
1371645476.63
1.00135803223e-05
1371645476.73
0.0990340709686
1371645476.73
7.9870223999e-05
1371645476.73
1.12056732178e-05
1371645476.73
7.86781311035e-06
1371645476.83
0.100016117096
1371645476.93
0.100005865097
1371645477.03
0.100069046021
1371645477.13
0.0999410152435
1371645477.23
0.0999319553375
1371645477.23
0.000993967056274
1371645477.23
1.09672546387e-05
1371645477.33
0.0991010665894
1371645477.33
8.10623168945e-05
1371645477.43
0.100482940674
1371645477.43
0.000128984451294
1371645477.53
0.0992529392242
1371645477.53
0.000226020812988
1371645477.63
0.0998220443726
1371645477.73
0.0997941493988
1371645477.83
0.101083993912
1371645477.93
0.0992209911346
1371645477.93
8.58306884766e-05
1371645478.03
0.0998041629791
1371645478.03
7.70092010498e-05
1371645478.03
1.28746032715e-05
1371645478.03
9.05990600586e-06
1371645478.13
0.1001060009
1371645478.13
0.000150918960571
1371645478.13
1.50203704834e-05
1371645478.23
0.0997760295868
1371645478.23
8.01086425781e-05
1371645478.23
1.09672546387e-05
1371645478.23
7.86781311035e-06
1371645478.33
0.0996820926666
1371645478.33
0.000298023223877
1371645478.43
0.100540876389
1371645478.43
7.00950622559e-05
1371645478.43
1.50203704834e-05
1371645478.53
0.09974193573
1371645478.53
0.000247955322266
1371645478.63
0.0990381240845
1371645478.63
0.000334978103638
1371645478.63
1.00135803223e-05
1371645478.73
0.0998158454895
1371645478.73
0.00211501121521
1371645478.83
0.097864151001
1371645478.83
0.00175499916077
1371645478.83
1.69277191162e-05
1371645478.93
0.0982151031494
1371645478.93
0.000830888748169
1371645479.03
0.0992929935455
1371645479.03
0.000119924545288
1371645479.13
0.0997421741486
1371645479.13
4.6968460083e-05
1371645479.13
9.05990600586e-06
1371645479.13
7.86781311035e-06
1371645479.23
0.101758003235
1371645479.23
0.00117897987366
1371645479.33
0.0985550880432
1371645479.43
0.0986049175262
1371645479.43
9.10758972168e-05
1371645479.53
0.0997459888458
1371645479.53
0.000134944915771
1371645479.63
0.0998649597168
1371645479.73
0.101876974106
1371645479.73
0.000129222869873
1371645479.73
1.19209289551e-05
1371645479.83
0.0980389118195
1371645479.83
8.70227813721e-05
1371645479.83
1.00135803223e-05
1371645479.93
0.100040912628
1371645479.93
9.20295715332e-05
1371645480.03
0.0997340679169
1371645480.03
0.000801086425781
1371645480.13
0.0990629196167
1371645480.23
0.0999839305878
1371645480.33
0.100170135498
1371645480.53
0.206836938858
1371645480.53
1.69277191162e-05
1371645480.63
0.0930969715118
1371645480.73
0.099977016449
1371645480.83
0.100126981735
1371645480.93
0.0997610092163
1371645481.03
0.100013971329
1371645481.13
0.100130081177
1371645481.23
0.100060939789
1371645481.33
0.105249166489
1371645481.43
0.0954868793488
1371645481.53
0.0991859436035
1371645481.63
0.100409984589
1371645481.73
0.0994012355804
1371645481.83
0.100643873215
1371645481.93
0.100466966629
1371645482.03
0.0992660522461
1371645482.13
0.10009098053
1371645482.23
0.100050926208
1371645482.33
0.099977016449
1371645482.43
0.100145101547
1371645482.53
0.0995008945465
1371645482.85
0.326545000076
1371645482.86
0.00345516204834
1371645482.86
1.09672546387e-05
1371645483.03
0.176326036453
1371645483.04
0.00370693206787
1371645483.13
0.09006690979
1371645483.23
0.0998690128326
1371645483.33
0.100181102753
1371645483.43
0.100033044815
1371645483.53
0.0998959541321
1371645483.63
0.0999410152435
1371645483.73
0.0999200344086
1371645483.83
0.100183010101
1371645483.93
0.0998368263245
1371645484.03
0.101684093475
1371645484.13
0.0983278751373
1371645484.23
0.101100206375
1371645484.33
0.0988059043884
1371645484.43
0.100050926208
1371645484.53
0.100700139999
1371645484.63
0.0991590023041
1371645484.73
0.100639820099
1371645484.83
0.0997030735016
1371645484.93
0.0999879837036
1371645485.03
0.0999429225922
1371645485.13
0.100805997849
1371645485.23
0.0990781784058
1371645485.33
0.100112915039
1371645485.43
0.0999541282654
1371645485.53
0.0998139381409
1371645485.63
0.100129842758
1371645485.73
0.100033044815
1371645485.83
0.100142002106
1371645485.93
0.100254058838
1371645486.03
0.100708961487
1371645486.13
0.0991990566254
1371645486.23
0.100645065308
1371645486.33
0.105108976364
1371645486.43
0.0945558547974
1371645486.53
0.099543094635
1371645486.63
0.100008964539
1371645486.73
0.100438117981
1371645487.03
0.299221992493
1371645487.03
0.00229287147522
1371645487.04
0.00645303726196
1371645487.13
0.0916590690613
1371645487.23
0.102181911469
1371645487.33
0.0975270271301
1371645487.43
0.101766109467
1371645487.53
0.0984058380127
1371645487.63
0.100097179413
1371645487.73
0.0997049808502
1371645487.83
0.100256919861
1371645487.93
0.100041866302
1371645488.03
0.100669145584
1371645488.13
0.0990750789642
1371645488.23
0.102430820465
1371645488.33
0.0981311798096
1371645488.43
0.099809885025
1371645488.53
0.10009598732
1371645488.63
0.100229024887
1371645488.73
0.104543924332
1371645488.83
0.0983021259308
1371645488.93
0.0971548557281
1371645489.26
0.336098194122
1371645489.27
0.00867199897766
1371645489.27
9.77516174316e-06
1371645489.33
0.0554890632629
1371645489.43
0.0991539955139
1371645489.53
0.100484132767
1371645489.63
0.099536895752
1371645489.73
0.100142002106
1371645489.83
0.100415945053
1371645489.93
0.0996601581573
1371645490.03
0.100576877594
1371645490.13
0.100101947784
1371645490.23
0.0989401340485
1371645490.33
0.100025892258
1371645490.43
0.0999701023102
1371645490.53
0.100220918655
1371645490.63
0.0999491214752
1371645490.73
0.100301980972
1371645490.83
0.100050926208
1371645490.93
0.0998759269714
1371645491.03
0.100584983826
1371645491.13
0.0999801158905
1371645491.23
0.0993800163269
1371645491.33
0.0997579097748
1371645491.33
0.000133037567139
1371645491.33
1.59740447998e-05
1371645491.43
0.100660085678
1371645491.44
0.010146856308
1371645491.53
0.0891060829163
1371645491.63
0.100198030472
1371645491.73
0.0999131202698
1371645491.83
0.099821805954
1371645491.93
0.102401971817
1371645492.03
0.0978140830994
1371645492.03
0.00066614151001
1371645492.13
0.100809812546
1371645492.13
0.00034499168396
1371645492.24
0.106364011765
1371645492.24
0.000158071517944
1371645492.33
0.0917239189148
1371645492.43
0.100432157516
1371645492.43
0.00238299369812
1371645492.53
0.0977628231049
1371645492.63
0.0991621017456
1371645492.73
0.100164890289
1371645492.83
0.100003004074
1371645492.83
0.000105142593384
1371645492.93
0.0999999046326
1371645492.93
0.000112056732178
1371645492.93
2.00271606445e-05
1371645493.03
0.099632024765
1371645493.03
5.79357147217e-05
1371645493.13
0.100984096527
1371645493.13
0.000159978866577
1371645493.38
0.255439996719
1371645493.38
0.000591039657593
1371645493.38
1.78813934326e-05
1371645493.38
1.31130218506e-05
1371645493.43
0.0427768230438
1371645493.43
2.8133392334e-05
1371645493.43
1.4066696167e-05
1371645493.53
0.105927944183
1371645493.63
0.0939528942108
1371645493.73
0.10005402565
1371645493.83
0.10014796257
1371645493.93
0.0998411178589
1371645494.03
0.100287914276
1371645494.13
0.100003957748
1371645494.23
0.0997071266174
1371645494.33
0.100610971451
1371645494.33
4.00543212891e-05
1371645494.43
0.100165843964
1371645494.43
0.00032901763916
1371645494.53
0.0987730026245
1371645494.63
0.100082159042
1371645494.73
0.100630998611
1371645494.83
0.099497795105
1371645494.93
0.100288152695
1371645495.03
0.0998518466949
1371645495.13
0.0999381542206
1371645495.23
0.100119829178
1371645495.33
0.0999541282654
1371645495.67
0.34087896347
1371645495.67
0.00359392166138
1371645495.67
1.31130218506e-05
1371645495.67
1.19209289551e-05
1371645495.67
9.05990600586e-06
1371645495.67
1.31130218506e-05
1371645495.67
1.09672546387e-05
1371645495.85
0.173494815826
1371645495.85
0.000529050827026
1371645495.85
1.00135803223e-05
1371645495.93
0.0812530517578
1371645496.03
0.100219011307
1371645496.03
9.79900360107e-05
1371645496.13
0.0997140407562
1371645496.13
0.000263929367065
1371645496.23
0.0995719432831
1371645496.23
7.79628753662e-05
1371645496.23
1.12056732178e-05
1371645496.23
6.91413879395e-06
1371645496.33
0.0998818874359
1371645496.33
0.000132083892822
1371645496.33
0.000771045684814
1371645496.43
0.0991978645325
1371645496.53
0.100320100784
1371645496.63
0.102505922318
1371645496.73
0.0973191261292
1371645496.83
0.0997469425201
1371645496.93
0.100745916367
1371645497.03
0.100096225739
1371645497.13
0.0991208553314
1371645497.23
0.100036144257
1371645497.33
0.100399971008
1371645497.43
0.0994639396667
1371645497.43
4.88758087158e-05
1371645497.43
3.40938568115e-05
1371645497.43
8.10623168945e-06
1371645497.53
0.100159883499
1371645497.53
0.000128984451294
1371645497.63
0.0997841358185
1371645497.63
7.89165496826e-05
1371645497.73
0.100746870041
1371645497.73
0.000132083892822
1371645497.83
0.0992441177368
1371645497.83
0.000111818313599
1371645497.83
1.21593475342e-05
1371645497.93
0.0998318195343
1371645498.03
0.100013017654
1371645498.13
0.099781036377
1371645498.13
9.01222229004e-05
1371645498.23
0.100302934647
1371645498.33
0.0997569561005
1371645498.33
9.29832458496e-05
1371645498.33
1.71661376953e-05
1371645498.43
0.0998599529266
1371645498.53
0.100128889084
1371645498.63
0.0999851226807
1371645498.73
0.0996580123901
1371645498.73
4.48226928711e-05
1371645498.83
0.099974155426
1371645498.83
8.48770141602e-05
1371645498.93
0.100094079971
1371645499.03
0.099958896637
1371645499.03
5.81741333008e-05
1371645499.13
0.0997838973999
1371645499.13
6.89029693604e-05
1371645499.23
0.100014209747
1371645499.23
6.69956207275e-05
1371645499.33
0.100201845169
1371645499.33
0.000149011611938
1371645499.43
0.099643945694
1371645499.43
0.000171184539795
1371645499.53
0.100677967072
1371645499.78
0.252051830292
1371645499.78
4.10079956055e-05
1371645499.83
0.0473611354828
1371645499.93
0.0995650291443
1371645500.03
0.100060939789
1371645500.13
0.100004911423
1371645500.23
0.10084605217
1371645500.33
0.0991680622101
1371645500.43
0.0999040603638
1371645500.53
0.100001811981
1371645500.63
0.105544090271
1371645500.73
0.0949280261993
1371645500.83
0.0999009609222
1371645500.93
0.100058078766
1371645501.03
0.100087881088
1371645501.13
0.100069046021
1371645501.53
0.400525093079
1371645501.53
5.98430633545e-05
1371645501.53
1.31130218506e-05
1371645501.53
5.69820404053e-05
1371645501.63
0.101758956909
1371645501.73
0.0972280502319
1371645501.83
0.0999538898468
1371645501.93
0.0998780727386
1371645502.03
0.100254058838
1371645502.13
0.099818944931
1371645502.23
0.0999751091003
1371645502.33
0.100361824036
1371645502.43
0.0996360778809
1371645502.53
0.100908994675
1371645502.63
0.0991370677948
1371645502.73
0.10005402565
1371645502.83
0.103576898575
1371645502.93
0.0962989330292
1371645503.03
0.100219011307
1371645503.13
0.0997381210327
1371645503.23
0.100556850433
1371645503.33
0.0995490550995
1371645503.43
0.100278139114
1371645503.53
0.101687908173
1371645503.63
0.0984060764313
1371645503.73
0.0996549129486
1371645503.83
0.100059986115
1371645503.93
0.100727081299
1371645504.03
0.0991899967194
1371645504.13
0.100050926208
1371645504.23
0.0999529361725
1371645504.33
0.100099086761
1371645504.43
0.103014945984
1371645504.53
0.0967690944672
1371645504.63
0.0999798774719
1371645504.73
0.103338003159
1371645504.83
0.0966761112213
1371645504.93
0.100432872772
1371645505.03
0.0996220111847
1371645505.13
0.100023031235
1371645505.23
0.101453065872
1371645505.33
0.0986850261688
1371645505.43
0.100169897079
1371645505.72
0.290151119232
1371645505.72
0.00603199005127
1371645505.73
0.00399088859558
1371645505.83
0.103089094162
1371645505.93
0.0965020656586
1371645506.03
0.100118875504
1371645506.13
0.0998740196228
1371645506.23
0.099967956543
1371645506.33
0.10084104538
1371645506.43
0.100086927414
1371645506.53
0.0996379852295
1371645506.63
0.0995111465454
1371645506.73
0.0999808311462
1371645506.83
0.104948043823
1371645506.93
0.095251083374
1371645507.03
0.100584030151
1371645507.13
0.0992178916931
1371645507.23
0.100138187408
1371645507.33
0.10081076622
1371645507.43
0.100835084915
1371645507.53
0.0986680984497
1371645507.86
0.330749988556
1371645507.86
5.88893890381e-05
1371645507.86
9.05990600586e-06
1371645507.93
0.0694010257721
1371645508.03
0.0994100570679
1371645508.13
0.0999228954315
1371645508.23
0.100147008896
1371645508.33
0.099956035614
1371645508.43
0.100198030472
1371645508.53
0.10033082962
1371645508.63
0.0992851257324
1371645508.73
0.100305080414
1371645508.83
0.0995359420776
1371645508.93
0.10010099411
1371645509.03
0.100169897079
1371645509.13
0.100046157837
1371645509.23
0.100430011749
1371645509.23
0.000168800354004
1371645509.33
0.0992271900177
1371645509.33
5.48362731934e-05
1371645509.43
0.100897073746
1371645509.53
0.0993359088898
1371645509.63
0.100630044937
1371645509.73
0.0990099906921
1371645509.83
0.100280046463
1371645509.93
0.0999310016632
1371645510.03
0.101460933685
1371645510.13
0.0985660552979
1371645510.23
0.0997400283813
1371645510.33
0.100198984146
1371645510.43
0.0998101234436
1371645510.53
0.101104974747
1371645510.63
0.0991318225861
1371645510.73
0.10461306572
1371645510.83
0.0957651138306
1371645510.93
0.100252866745
1371645511.03
0.101582050323
1371645511.13
0.0979359149933
1371645511.23
0.0996241569519
1371645511.33
0.100975036621
1371645511.43
0.0992817878723
1371645511.53
0.102260112762
1371645511.63
0.0976769924164
1371645511.73
0.0999829769135
1371645511.83
0.10333108902
1371645511.93
0.0966689586639
1371645512.03
0.101214885712
1371645512.13
0.0988321304321
1371645512.23
0.100021839142
1371645512.33
0.0999510288239
1371645512.43
0.0999431610107
1371645512.54
0.109125852585
1371645512.63
0.0908751487732
1371645512.73
0.100190877914
1371645512.83
0.0997519493103
1371645512.93
0.10004401207
1371645513.03
0.101675987244
s=237.701852798
i=3131
Avg=0.0759
