1371645275.9
1371645275.93
0.0298979282379
1371645276.16
0.230865955353
1371645276.87
0.711225032806
1371645276.93
0.0546960830688
1371645277.16
0.235517978668
1371645277.93
0.764201879501
1371645277.94
0.0144259929657
1371645278.17
0.222078084946
1371645278.93
0.766944885254
1371645279.01
0.0758609771729
1371645279.17
0.158539056778
1371645280.03
0.862268924713
1371645280.07
0.045618057251
1371645280.17
0.0922210216522
1371645281.03
0.863424062729
1371645281.14
0.111438035965
1371645281.17
0.0251610279083
1371645282.03
0.863293886185
1371645282.17
0.13799905777
1371645282.21
0.0406460762024
1371645283.03
0.823220968246
1371645283.17
0.137252807617
1371645283.28
0.109454154968
1371645284.13
0.852663993835
1371645284.19
0.0624198913574
1371645284.34
0.149175167084
1371645285.32
0.975688934326
1371645285.41
0.0918259620667
1371645285.53
0.122515916824
1371645286.48
0.943544149399
1371645286.53
0.0559480190277
1371645286.87
0.340291976929
1371645287.55
0.672153949738
1371645287.63
0.0865380764008
1371645287.98
0.34850692749
1371645288.61
0.630742073059
1371645288.63
0.0237410068512
1371645288.88
0.240613937378
1371645289.68
0.80256986618
1371645289.83
0.156071186066
1371645289.89
0.0533118247986
1371645290.75
0.857726097107
1371645290.83
0.0894079208374
1371645291.08
0.246193170547
1371645291.81
0.734049797058
1371645291.94
0.129214048386
1371645292.08
0.137725114822
1371645292.89
0.80698299408
1371645293.04
0.14785695076
1371645293.08
0.0464351177216
1371645293.95
0.86448097229
1371645294.08
0.135690927505
1371645294.14
0.0528168678284
1371645295.01
0.878769159317
1371645295.08
0.0694589614868
1371645295.24
0.151496887207
1371645296.08
0.846022129059
1371645296.09
0.00369787216187
1371645296.44
0.351974010468
1371645297.09
0.649103164673
1371645297.15
0.0621309280396
1371645297.54
0.38775396347
1371645298.09
0.550958156586
1371645298.22
0.127953767776
1371645298.54
0.322139024734
1371645299.09
0.549950122833
1371645299.28
0.194982051849
1371645299.54
0.255614995956
1371645300.1
0.564443826675
1371645300.35
0.246895074844
1371645300.54
0.189053058624
1371645301.09
0.551208972931
1371645301.42
0.326320886612
1371645301.84
0.422957181931
1371645302.32
0.484805822372
1371645302.48
0.160327196121
1371645302.84
0.355461835861
1371645303.55
0.711055040359
1371645303.84
0.288679122925
1371645303.97
0.130782842636
1371645304.62
0.647427082062
1371645304.94
0.322186946869
1371645304.97
0.0307049751282
1371645305.68
0.713484048843
1371645305.94
0.25798201561
1371645305.97
0.0300929546356
1371645306.76
0.783637046814
1371645306.97
0.21693110466
1371645307.04
0.0686388015747
1371645307.82
0.778526067734
1371645308.17
0.347814083099
1371645308.18
0.0129239559174
1371645308.89
0.704976081848
1371645309.24
0.357985973358
1371645309.29
0.0436699390411
1371645309.95
0.665777921677
1371645310.34
0.389683008194
1371645310.87
0.52353811264
1371645311.02
0.154501914978
1371645311.54
0.521875143051
1371645311.9
0.360910892487
1371645312.09
0.183115005493
1371645312.94
0.857672929764
1371645313.3
0.353513002396
1371645313.32
0.023787021637
1371645314.04
0.722805976868
1371645314.22
0.175909042358
1371645314.33
0.106951951981
1371645315.24
0.916573047638
1371645315.29
0.0435740947723
1371645315.37
0.0797669887543
1371645316.34
0.977509021759
1371645316.35
0.0106008052826
1371645316.89
0.533713102341
1371645317.42
0.532938957214
1371645317.45
0.0240430831909
1371645317.89
0.445522069931
1371645318.45
0.555608987808
1371645318.49
0.0419619083405
1371645318.89
0.404634952545
1371645319.55
0.659189939499
1371645319.56
0.00417113304138
1371645319.89
0.335237979889
1371645320.55
0.654296875
1371645320.62
0.0765051841736
1371645320.89
0.269949913025
1371645321.55
0.653789043427
1371645321.69
0.143492937088
1371645321.9
0.206097126007
1371645322.65
0.750485897064
1371645322.76
0.110626935959
1371645322.9
0.138385057449
1371645323.82
0.92263507843
1371645323.82
0.00484704971313
1371645323.9
0.074147939682
1371645324.75
0.851026058197
1371645324.89
0.143341779709
1371645324.9
0.00944900512695
1371645325.75
0.847225189209
1371645326.03
0.285164833069
1371645326.04
0.00172805786133
1371645326.85
0.813054084778
1371645326.9
0.0505900382996
1371645327.02
0.125636816025
1371645327.85
0.825128078461
1371645327.9
0.0493309497833
1371645328.09
0.192547082901
1371645328.9
0.809195995331
1371645328.95
0.0485088825226
1371645329.16
0.209346055984
1371645329.9
0.743040084839
1371645329.95
0.0481958389282
1371645330.23
0.279544115067
1371645330.9
0.673414945602
1371645330.95
0.04807305336
1371645331.29
0.344191074371
1371645331.9
0.609014034271
1371645332.25
0.346480846405
1371645332.51
0.258027076721
1371645332.9
0.395860910416
1371645333.25
0.347426176071
1371645333.43
0.175216913223
1371645333.91
0.478579044342
1371645334.35
0.445853948593
1371645334.5
0.144232988358
1371645334.96
0.464421033859
1371645335.45
0.492656946182
1371645335.56
0.109129905701
1371645335.97
0.404970169067
1371645336.63
0.661234855652
1371645336.75
0.124489068985
1371645336.97
0.214445114136
1371645337.7
0.728777885437
1371645337.75
0.0578019618988
1371645337.98
0.221518993378
1371645338.75
0.778133153915
1371645338.76
0.00977492332458
1371645339.11
0.342381000519
1371645339.83
0.724431991577
1371645339.85
0.0249419212341
1371645340.14
0.289441108704
1371645340.86
0.714079856873
1371645340.9
0.0380680561066
1371645341.15
0.254958152771
1371645341.85
0.703083992004
1371645341.96
0.109169006348
1371645342.16
0.19531583786
1371645342.86
0.696841955185
1371645343.03
0.174126148224
1371645343.16
0.130070924759
1371645344.1
0.937349081039
1371645344.16
0.0581059455872
1371645344.39
0.238214015961
1371645345.17
0.77216386795
1371645345.26
0.0911641120911
1371645345.4
0.143191099167
1371645346.23
0.831389904022
1371645346.42
0.183475017548
1371645346.56
0.141757011414
1371645347.3
0.741029977798
1371645347.56
0.259402036667
1371645348.36
0.807559013367
1371645348.39
0.0210819244385
1371645348.56
0.172787904739
1371645349.39
0.827693223953
1371645349.43
0.0464098453522
1371645349.86
0.424827098846
1371645350.46
0.605778932571
1371645350.5
0.0364050865173
1371645351.03
0.535233020782
1371645351.54
0.50027680397
1371645351.57
0.0341210365295
1371645351.96
0.388761997223
1371645352.64
0.68056511879
1371645352.83
0.192412853241
1371645352.96
0.127866029739
1371645353.7
0.74116897583
1371645353.83
0.132019042969
1371645354.16
0.327486991882
1371645354.77
0.607310056686
1371645355.3
0.534272909164
1371645355.3
1.50203704834e-05
1371645355.83
0.533065080643
1371645356.26
0.426764011383
1371645356.36
0.0978920459747
1371645356.9
0.543926000595
1371645357.36
0.457772016525
1371645357.68
0.319338798523
1371645357.97
0.288199186325
1371645358.36
0.393915891647
1371645358.72
0.356927156448
1371645359.03
0.315735816956
1371645359.46
0.426208972931
1371645360.1
0.641098022461
1371645360.14
0.0411400794983
1371645360.76
0.61878991127
1371645361.17
0.407024145126
1371645361.31
0.142091035843
1371645361.76
0.451360940933
1371645362.24
0.473734855652
1371645362.68
0.442855119705
1371645362.76
0.0850598812103
1371645363.3
0.540427207947
1371645363.9
0.600228786469
1371645363.91
0.0073401927948
1371645364.37
0.458297014236
1371645364.78
0.412710905075
1371645365.07
0.282217979431
1371645365.44
0.372442960739
1371645365.79
0.347409963608
1371645366.16
0.378715991974
1371645366.5
0.339963197708
1371645366.9
0.391332864761
1371645367.37
0.47510099411
1371645367.57
0.201543092728
1371645368.1
0.532754898071
1371645368.37
0.261851072311
1371645368.64
0.271709918976
1371645369.06
0.424821138382
1371645369.47
0.40293097496
1371645369.71
0.241211891174
1371645370.31
0.604452133179
1371645370.57
0.254613876343
1371645370.77
0.205821037292
1371645371.11
0.338957071304
1371645371.57
0.456215858459
1371645371.84
0.271826028824
1371645372.57
0.729377985001
1371645372.91
0.337818145752
1371645372.96
0.0549118518829
1371645373.67
0.706413030624
1371645373.96
0.294778108597
1371645373.98
0.0137670040131
1371645374.67
0.691460847855
1371645374.96
0.296893119812
1371645375.04
0.0764319896698
1371645375.67
0.627948045731
1371645375.96
0.29558300972
1371645376.11
0.144320964813
1371645376.71
0.601997852325
1371645376.97
0.254729032516
1371645377.18
0.209841012955
1371645377.67
0.494244098663
1371645377.97
0.297123908997
1371645378.24
0.27566409111
1371645378.77
0.526834011078
1371645378.97
0.197751045227
1371645379.31
0.342101812363
1371645379.77
0.460592031479
1371645379.97
0.198157072067
1371645380.38
0.409156084061
1371645380.91
0.534070968628
1371645380.98
0.0674660205841
1371645381.44
0.465174913406
1371645381.87
0.426832914352
1371645381.97
0.0997769832611
1371645382.51
0.539779186249
1371645382.87
0.362821817398
1371645383.21
0.33840918541
1371645383.58
0.366029977798
1371645383.97
0.395011901855
1371645383.97
7.79628753662e-05
1371645384.65
0.672877073288
1371645384.98
0.334729909897
1371645384.98
0.000476121902466
1371645385.71
0.731019973755
1371645386.1
0.392262935638
1371645386.17
0.0687639713287
1371645386.78
0.606971979141
1371645387.29
0.515334129333
1371645387.78
0.482018947601
1371645387.85
0.0694849491119
1371645388.27
0.426921129227
1371645388.78
0.504658937454
1371645388.91
0.134604930878
1371645389.27
0.361941099167
1371645389.98
0.706325054169
1371645390.37
0.393466949463
1371645390.75
0.379108905792
1371645391.05
0.293010950089
1371645391.37
0.328340053558
1371645391.77
0.393331050873
1371645392.11
0.345217943192
1371645392.77
0.653846979141
1371645392.78
0.00850009918213
1371645393.18
0.406846046448
1371645393.78
0.593520879745
1371645393.78
2.40802764893e-05
1371645394.25
0.471872091293
1371645395.1
0.848066806793
1371645395.1
0.00123310089111
1371645395.31
0.217592954636
1371645395.88
0.561677932739
1371645396.04
0.163709163666
1371645396.38
0.341421842575
1371645397.18
0.794969081879
1371645397.45
0.272146940231
1371645397.72
0.272900104523
1371645398.18
0.455446958542
1371645398.52
0.338804960251
1371645398.72
0.205863952637
1371645399.28
0.556447029114
1371645399.58
0.304782152176
1371645399.72
0.13994383812
1371645400.41
0.686937093735
1371645400.65
0.239331007004
1371645400.72
0.0740690231323
1371645401.58
0.855067014694
1371645401.72
0.139139890671
1371645402.42
0.698267936707
1371645402.58
0.164445161819
1371645402.78
0.203448057175
1371645403.68
0.896912813187
1371645403.85
0.169355154037
1371645404.4
0.551330804825
1371645404.78
0.378298044205
1371645404.92
0.138981103897
1371645405.4
0.48393201828
1371645405.98
0.579625844955
1371645405.98
0.00247120857239
1371645406.64
0.65629696846
1371645406.98
0.342855930328
1371645407.05
0.0675671100616
1371645407.41
0.35435295105
1371645407.98
0.576341867447
1371645408.12
0.136396169662
1371645408.4
0.286145925522
1371645409.08
0.677185058594
1371645409.19
0.103629827499
1371645409.41
0.222613096237
1371645410.08
0.674340009689
1371645410.25
0.170495033264
1371645410.41
0.153967857361
1371645411.18
0.775762081146
1371645411.32
0.136997938156
1371645411.43
0.111622095108
1371645412.28
0.85343003273
1371645412.39
0.101836919785
1371645412.47
0.0847890377045
1371645413.38
0.912091970444
1371645413.45
0.0701239109039
1371645413.48
0.0263760089874
1371645414.38
0.904589176178
1371645414.48
0.0959618091583
1371645414.52
0.0406410694122
1371645415.38
0.863708972931
1371645415.59
0.203279972076
1371645416.39
0.797118186951
1371645416.49
0.100102901459
1371645416.65
0.169153928757
1371645417.49
0.830842018127
1371645417.72
0.236324071884
1371645417.78
0.0615119934082
1371645418.59
0.802958011627
1371645418.79
0.209039926529
1371645419.43
0.63792014122
1371645419.69
0.252789974213
1371645419.86
0.172494888306
1371645420.27
0.412832975388
1371645420.69
0.415448188782
1371645420.93
0.238880872726
1371645421.69
0.761605978012
1371645421.82
0.137843132019
1371645421.99
0.165066003799
1371645422.69
0.697510004044
1371645422.83
0.141850948334
1371645423.06
0.227215051651
1371645423.69
0.631147861481
1371645423.83
0.139219045639
1371645424.12
0.297766923904
1371645424.79
0.662616014481
1371645424.85
0.0607919692993
1371645425.19
0.344513177872
1371645425.84
0.643409967422
1371645426.24
0.404435873032
1371645426.26
0.0186541080475
1371645426.79
0.529643058777
1371645427.33
0.536419868469
1371645427.38
0.0502209663391
1371645427.89
0.513949155807
1371645428.38
0.493887901306
1371645428.4
0.012176990509
1371645428.89
0.494363069534
1371645429.46
0.569929838181
1371645429.62
0.157474040985
1371645430.01
0.395318031311
1371645430.53
0.513894081116
1371645430.62
0.0920948982239
1371645431.3
0.678874015808
1371645431.59
0.297704935074
1371645431.62
0.0244681835175
1371645432.3
0.676141023636
1371645432.62
0.325086832047
1371645432.66
0.040155172348
1371645433.39
0.733225822449
1371645433.62
0.227764129639
1371645433.73
0.105584859848
1371645434.49
0.765624046326
1371645434.62
0.129943132401
1371645434.8
0.172488927841
1371645435.49
0.696892023087
1371645435.7
0.210957050323
1371645435.86
0.158255815506
1371645436.7
0.843104124069
1371645436.79
0.0898280143738
1371645436.93
0.135023832321
1371645437.8
0.866226196289
1371645437.87
0.0776979923248
1371645438.0
0.124083995819
1371645438.79
0.797489881516
1371645438.87
0.0794930458069
1371645439.06
0.187473058701
1371645439.87
0.81262588501
1371645439.9
0.0205950737
1371645440.13
0.234839916229
1371645440.9
0.766304969788
1371645441.02
0.118874073029
1371645441.2
0.182213068008
1371645442.11
0.913788080215
1371645442.2
0.0847637653351
1371645442.26
0.0679831504822
1371645443.12
0.855478048325
1371645443.2
0.0801780223846
1371645443.33
0.1345038414
1371645444.2
0.862072944641
1371645444.31
0.11838722229
1371645444.66
0.344926834106
1371645445.2
0.539287090302
1371645445.31
0.11566400528
1371645445.46
0.149822950363
1371645446.3
0.832658052444
1371645446.32
0.0182459354401
1371645446.53
0.215903043747
1371645447.3
0.766713857651
1371645447.32
0.0190830230713
1371645447.6
0.281999111176
1371645448.33
0.726541042328
1371645448.4
0.0725998878479
1371645448.79
0.397016048431
1371645449.32
0.524897098541
1371645449.4
0.0798618793488
1371645449.74
0.336421012878
1371645450.32
0.582401037216
1371645450.5
0.186065912247
1371645451.01
0.508947134018
1371645451.32
0.305907011032
1371645451.8
0.478817939758
1371645451.87
0.0679059028625
1371645452.32
0.453493118286
1371645452.8
0.479619026184
1371645452.93
0.1340508461
1371645453.32
0.387392044067
1371645453.9
0.578688144684
1371645454.0
0.100687980652
1371645454.32
0.321856975555
1371645455.08
0.756206035614
1371645455.08
0.00129580497742
1371645455.32
0.244979143143
1371645456.0
0.676017045975
1371645456.14
0.134600877762
1371645456.32
0.189419984818
1371645457.0
0.677044153214
1371645457.33
0.333190917969
1371645457.34
0.00569891929626
1371645458.01
0.665986061096
1371645458.27
0.262284994125
1371645458.33
0.0574100017548
1371645459.1
0.775404930115
1371645459.33
0.225702047348
1371645459.34
0.00813007354736
1371645460.1
0.768293857574
1371645460.33
0.224429130554
1371645460.4
0.0741429328918
1371645461.1
0.701287984848
1371645461.48
0.378152132034
1371645461.48
0.00208187103271
1371645462.1
0.619821071625
1371645462.33
0.227065086365
1371645462.54
0.205594778061
1371645463.11
0.570938110352
1371645463.33
0.223968029022
1371645463.88
0.545647859573
1371645464.2
0.327512025833
1371645464.33
0.127818107605
1371645464.67
0.338078975677
1371645465.2
0.533933877945
1371645465.33
0.129128217697
1371645465.74
0.403958797455
1371645466.3
0.567193984985
1371645466.33
0.0298340320587
1371645466.81
0.47150015831
1371645467.31
0.506273031235
1371645467.34
0.02321600914
1371645468.01
0.671690940857
1371645468.34
0.329231023788
1371645468.41
0.0694758892059
1371645468.94
0.532495975494
1371645469.34
0.398859977722
1371645469.41
0.0736131668091
1371645470.22
0.804580926895
1371645470.34
0.128154039383
1371645470.41
0.0632009506226
1371645471.07
0.665600061417
1371645471.71
0.634100914001
1371645472.06
0.353271961212
1371645472.14
0.0797231197357
1371645472.71
0.568218946457
1371645473.06
0.350926876068
1371645473.21
0.148498058319
1371645474.07
0.864325046539
1371645474.11
0.0388329029083
1371645474.4
0.293304204941
1371645475.34
0.940686941147
1371645475.41
0.0654530525208
1371645475.9
0.486809015274
1371645476.49
0.597837924957
1371645476.5
0.00327897071838
1371645477.16
0.661700963974
1371645477.41
0.250888109207
1371645477.48
0.0654408931732
1371645478.17
0.691673994064
1371645478.54
0.375066041946
1371645478.71
0.167411088943
1371645479.18
0.469094991684
1371645479.61
0.43080496788
1371645479.71
0.100920915604
1371645480.68
0.966202974319
1371645480.71
0.0359110832214
1371645480.99
0.272655010223
1371645481.74
0.758574962616
1371645481.81
0.0665590763092
1371645481.99
0.176147937775
1371645482.85
0.86731505394
1371645482.85
1.38282775879e-05
1371645483.04
0.18154001236
1371645483.88
0.841651201248
1371645483.91
0.0344109535217
1371645483.99
0.0763599872589
1371645484.91
0.924564838409
1371645484.94
0.0316431522369
1371645484.99
0.0453119277954
1371645486.0
1.00642108917
1371645486.01
0.0155038833618
1371645486.01
0.00140714645386
1371645487.03
1.01986289024
1371645487.03
0.00165009498596
1371645487.08
0.0437760353088
1371645487.99
0.916838884354
1371645488.01
0.0195240974426
1371645488.15
0.131461858749
1371645489.26
1.11843705177
1371645489.27
0.00863289833069
1371645489.27
1.21593475342e-05
1371645489.99
0.722079992294
1371645490.12
0.120689868927
1371645490.28
0.163814067841
1371645491.0
0.717071056366
1371645491.21
0.217823982239
1371645491.35
0.132885932922
1371645492.0
0.657372951508
1371645492.22
0.211225032806
1371645492.42
0.200513124466
1371645493.0
0.584367036819
1371645493.38
0.383406877518
1371645493.48
0.0969989299774
1371645494.26
0.782049179077
1371645494.42
0.153903961182
1371645494.55
0.129796028137
1371645495.66
1.11665487289
1371645495.67
0.00283908843994
1371645495.67
1.4066696167e-05
1371645496.68
1.01531791687
1371645496.82
0.134707927704
1371645497.27
0.456810951233
1371645497.75
0.474733114243
1371645497.82
0.0705659389496
1371645498.28
0.46077299118
1371645498.82
0.536000013351
1371645498.82
0.00317692756653
1371645499.28
0.461794137955
1371645499.88
0.602391958237
1371645499.92
0.0363531112671
1371645500.35
0.426203966141
1371645500.92
0.574054956436
1371645500.95
0.0309600830078
1371645501.52
0.573879003525
1371645502.02
0.493005990982
1371645502.02
0.00312995910645
1371645502.35
0.327432870865
1371645503.02
0.671681165695
1371645503.08
0.0640599727631
1371645503.35
0.264987945557
1371645504.12
0.771497011185
1371645504.15
0.0300710201263
1371645504.35
0.199161052704
1371645505.12
0.771228790283
1371645505.22
0.0981230735779
1371645505.35
0.131852149963
1371645506.22
0.870521783829
1371645506.28
0.0630512237549
1371645506.35
0.067281961441
1371645507.22
0.870803833008
1371645507.35
0.129986047745
1371645507.35
8.89301300049e-05
1371645508.32
0.970439195633
1371645508.35
0.0317089557648
1371645508.42
0.0665519237518
1371645509.32
0.901813983917
1371645509.49
0.163733959198
1371645510.27
0.786919116974
1371645510.42
0.149395942688
1371645510.57
0.144851922989
1371645511.27
0.706881999969
1371645511.42
0.148308038712
1371645511.62
0.197690963745
1371645512.28
0.654903173447
1371645512.43
0.150666952133
1371645512.69
0.261893987656
s=236.784962893
i=660
Avg=0.3588
