1371645275.23
1371645275.33
0.0976688861847
1371645275.76
0.435174942017
1371645275.91
0.142899036407
1371645275.91
1.81198120117e-05
1371645275.91
1.50203704834e-05
1371645275.93
0.0275819301605
1371645276.03
0.0957078933716
1371645276.13
0.100011110306
1371645276.23
0.100208044052
1371645276.43
0.199187994003
1371645276.53
0.100558042526
1371645276.63
0.100427865982
1371645276.73
0.0995099544525
1371645276.83
0.100342988968
1371645276.93
0.100125074387
1371645277.03
0.102365970612
1371645277.13
0.0972621440887
1371645277.25
0.118011951447
1371645277.57
0.320081949234
1371645277.57
0.00196290016174
1371645277.57
1.21593475342e-05
1371645277.63
0.0597610473633
1371645277.73
0.0999917984009
1371645277.83
0.10002207756
1371645277.93
0.104058027267
1371645278.03
0.0967319011688
1371645278.13
0.101193189621
1371645278.23
0.0995678901672
1371645278.33
0.0997369289398
1371645278.43
0.0995140075684
1371645278.53
0.10039305687
1371645278.63
0.0998101234436
1371645278.73
0.101087808609
1371645278.83
0.0984790325165
1371645278.93
0.104597091675
1371645279.03
0.0964488983154
1371645279.13
0.0989439487457
1371645279.23
0.100690126419
1371645279.33
0.0993440151215
1371645279.43
0.0997018814087
1371645279.53
0.100355148315
1371645279.63
0.099937915802
1371645279.73
0.100641965866
1371645279.83
0.0996339321136
1371645279.93
0.100132226944
1371645280.03
0.100345849991
1371645280.13
0.0987069606781
1371645280.23
0.100257158279
1371645280.33
0.100646972656
1371645280.43
0.0995619297028
1371645280.53
0.100964069366
1371645280.63
0.100396871567
1371645280.73
0.0997190475464
1371645280.83
0.100178956985
1371645280.93
0.103913068771
1371645281.03
0.0959439277649
1371645281.13
0.099879026413
1371645281.23
0.100906133652
1371645281.33
0.0995788574219
1371645281.43
0.0992450714111
1371645281.53
0.100790023804
1371645281.78
0.247149944305
1371645281.78
0.0015389919281
1371645281.83
0.050980091095
1371645281.93
0.102206945419
1371645282.03
0.0980470180511
1371645282.13
0.101042032242
1371645282.23
0.0987360477448
1371645282.33
0.0996479988098
1371645282.43
0.100724935532
1371645282.53
0.099319934845
1371645282.63
0.100291013718
1371645282.73
0.100326061249
1371645282.83
0.100812911987
1371645282.93
0.102172136307
1371645283.03
0.0983200073242
1371645283.13
0.100848913193
1371645283.23
0.100339889526
1371645283.33
0.0984439849854
1371645283.43
0.101201057434
1371645283.53
0.0988709926605
1371645283.63
0.0999171733856
1371645283.91
0.274271965027
1371645283.91
0.000946998596191
1371645283.93
0.0257618427277
1371645284.03
0.0986680984497
1371645284.13
0.100813865662
1371645284.23
0.0988471508026
1371645284.33
0.100584030151
1371645284.43
0.0994818210602
1371645284.53
0.101186990738
1371645284.63
0.0994770526886
1371645284.73
0.0999009609222
1371645284.83
0.0996491909027
1371645284.93
0.100117921829
1371645285.03
0.0999519824982
1371645285.13
0.100193977356
1371645285.24
0.105865001678
1371645285.33
0.0953121185303
1371645285.43
0.0996158123016
1371645285.53
0.100728034973
1371645285.63
0.0990710258484
1371645285.73
0.0999920368195
1371645285.83
0.100744009018
1371645285.93
0.0999438762665
1371645286.03
0.0998051166534
1371645286.13
0.09956407547
1371645286.23
0.100365877151
1371645286.33
0.100434064865
1371645286.43
0.099622964859
1371645286.53
0.100084066391
1371645286.63
0.0995910167694
1371645286.73
0.0999019145966
1371645286.83
0.100481033325
1371645286.93
0.100584983826
1371645287.03
0.0994389057159
1371645287.13
0.102451086044
1371645287.23
0.0970709323883
1371645287.33
0.100238084793
1371645287.43
0.100018978119
1371645287.53
0.100047111511
1371645287.63
0.099809885025
1371645287.73
0.101843118668
1371645287.98
0.246331930161
1371645287.98
2.00271606445e-05
1371645288.03
0.0529959201813
1371645288.13
0.100477933884
1371645288.23
0.100072145462
1371645288.33
0.0993189811707
1371645288.43
0.10004901886
1371645288.53
0.100375890732
1371645288.63
0.101485013962
1371645288.73
0.0989480018616
1371645288.83
0.0991251468658
1371645288.93
0.100422859192
1371645289.03
0.0994019508362
1371645289.13
0.100208997726
1371645289.24
0.102955102921
1371645289.33
0.0977308750153
1371645289.6
0.269321203232
1371645289.61
0.0055468082428
1371645289.63
0.0244181156158
1371645289.73
0.100868940353
1371645289.84
0.101315975189
1371645289.93
0.098030090332
1371645290.03
0.101021051407
1371645290.13
0.0989768505096
1371645290.23
0.100075006485
1371645290.33
0.100077152252
1371645290.44
0.101746797562
1371645290.53
0.0987451076508
1371645290.64
0.101282119751
1371645290.73
0.0994927883148
1371645290.83
0.0994400978088
1371645290.93
0.0999600887299
1371645291.03
0.099750995636
1371645291.13
0.100533008575
1371645291.23
0.10008597374
1371645291.33
0.100013017654
1371645291.43
0.0994899272919
1371645291.53
0.100058078766
1371645291.63
0.100203990936
1371645291.74
0.110561847687
1371645291.83
0.0893950462341
1371645291.94
0.11057806015
1371645292.03
0.0892090797424
1371645292.13
0.0996668338776
1371645292.23
0.101011037827
1371645292.33
0.0996310710907
1371645292.43
0.0996420383453
1371645292.53
0.100163936615
1371645292.63
0.100290060043
1371645292.73
0.0998578071594
1371645292.83
0.100074052811
1371645292.93
0.0999920368195
1371645293.04
0.100939035416
1371645293.14
0.100656032562
1371645293.24
0.0993020534515
1371645293.34
0.100483894348
1371645293.43
0.0991759300232
1371645293.53
0.100198030472
1371645293.78
0.24539899826
1371645293.78
0.00190210342407
1371645293.84
0.0553448200226
1371645293.94
0.0981211662292
1371645294.04
0.0995519161224
1371645294.14
0.100489139557
1371645294.24
0.0995438098907
1371645294.33
0.0996181964874
1371645294.43
0.0999848842621
1371645294.53
0.0998809337616
1371645294.63
0.100162029266
1371645294.74
0.1010389328
1371645294.84
0.0992929935455
1371645294.94
0.101216077805
1371645295.04
0.0986819267273
1371645295.14
0.101412057877
1371645295.24
0.0994861125946
1371645295.34
0.0993599891663
1371645295.44
0.101747989655
1371645295.54
0.100067853928
1371645295.64
0.100211143494
1371645295.91
0.274365901947
1371645295.91
4.10079956055e-05
1371645295.94
0.0269720554352
1371645296.04
0.0983150005341
1371645296.14
0.0993330478668
1371645296.24
0.099760055542
1371645296.34
0.100528001785
1371645296.44
0.100170850754
1371645296.54
0.0994870662689
1371645296.64
0.0999829769135
1371645296.74
0.099809885025
1371645296.84
0.0995700359344
1371645296.94
0.100018024445
1371645297.04
0.101099967957
1371645297.14
0.0993959903717
1371645297.24
0.0994441509247
1371645297.34
0.100922822952
1371645297.44
0.0996561050415
1371645297.54
0.100168943405
1371645297.64
0.100903987885
1371645297.74
0.0992321968079
1371645297.84
0.101484775543
1371645297.94
0.0986912250519
1371645298.04
0.100276947021
1371645298.14
0.100600004196
1371645298.24
0.0992670059204
1371645298.34
0.0999848842621
1371645298.44
0.100594043732
1371645298.54
0.0992798805237
1371645298.64
0.101731061935
1371645298.74
0.0990271568298
1371645298.84
0.1001060009
1371645298.94
0.0997769832611
1371645299.04
0.100167989731
1371645299.14
0.100874900818
1371645299.24
0.0984599590302
1371645299.34
0.100536108017
1371645299.44
0.101536989212
1371645299.54
0.0989379882812
1371645299.64
0.100660085678
1371645299.74
0.0981769561768
1371645299.84
0.100198984146
1371645300.1
0.267714977264
1371645300.1
1.00135803223e-05
1371645300.14
0.0325238704681
1371645300.24
0.100136041641
1371645300.34
0.0993390083313
1371645300.44
0.10375213623
1371645300.54
0.0976388454437
1371645300.65
0.108700037003
1371645300.74
0.0918390750885
1371645300.84
0.0991079807281
1371645300.94
0.100097894669
1371645301.04
0.100739002228
1371645301.14
0.100960969925
1371645301.24
0.0984721183777
1371645301.34
0.10004401207
1371645301.44
0.101129055023
1371645301.54
0.0987780094147
1371645301.64
0.0999429225922
1371645301.74
0.0999360084534
1371645301.84
0.10048699379
1371645301.94
0.102149009705
1371645302.04
0.0983939170837
1371645302.32
0.284060955048
1371645302.33
0.00692105293274
1371645302.34
0.0146200656891
1371645302.44
0.0944519042969
1371645302.54
0.0995070934296
1371645302.64
0.100492954254
1371645302.74
0.0986521244049
1371645302.84
0.10161781311
1371645302.94
0.100103139877
1371645303.04
0.100143909454
1371645303.14
0.0993111133575
1371645303.24
0.100553035736
1371645303.34
0.0992329120636
1371645303.44
0.100246906281
1371645303.54
0.100584030151
1371645303.64
0.0994820594788
1371645303.74
0.100152015686
1371645303.84
0.100198030472
1371645303.94
0.100092887878
1371645304.04
0.0998730659485
1371645304.14
0.099457025528
1371645304.24
0.100643873215
1371645304.34
0.099778175354
1371645304.44
0.102496862411
1371645304.54
0.0982310771942
1371645304.64
0.0993778705597
1371645304.74
0.0998802185059
1371645304.84
0.100786924362
1371645304.94
0.0997369289398
1371645305.04
0.0990891456604
1371645305.14
0.100260972977
1371645305.24
0.10266494751
1371645305.34
0.0985150337219
1371645305.44
0.101348876953
1371645305.54
0.0988371372223
1371645305.64
0.0996639728546
1371645305.74
0.100491046906
1371645305.84
0.1002368927
1371645305.94
0.100435018539
1371645306.04
0.0990750789642
1371645306.14
0.100517988205
1371645306.24
0.0990769863129
1371645306.34
0.100070953369
1371645306.61
0.267095088959
1371645306.61
1.09672546387e-05
1371645306.64
0.033056974411
1371645306.74
0.100589990616
1371645306.84
0.101485013962
1371645306.94
0.0976309776306
1371645307.04
0.1010658741
1371645307.14
0.0993499755859
1371645307.24
0.100331068039
1371645307.34
0.0995931625366
1371645307.44
0.100167989731
1371645307.54
0.100006818771
1371645307.64
0.100690126419
1371645307.74
0.0993468761444
1371645307.86
0.124628067017
1371645308.17
0.303354978561
1371645308.17
0.00135707855225
1371645308.17
1.28746032715e-05
1371645308.25
0.0773620605469
1371645308.34
0.0938289165497
1371645308.44
0.100708007812
1371645308.54
0.0997440814972
1371645308.64
0.100202083588
1371645308.74
0.0995199680328
1371645308.84
0.10018992424
1371645308.94
0.100326061249
1371645309.04
0.100203990936
1371645309.14
0.0990018844604
1371645309.24
0.102743148804
1371645309.34
0.0975229740143
1371645309.44
0.0996999740601
1371645309.54
0.102447032928
1371645309.64
0.0977828502655
1371645309.74
0.100040197372
1371645309.84
0.100126981735
1371645309.94
0.100160837173
1371645310.04
0.101360082626
1371645310.14
0.0982460975647
1371645310.24
0.0999698638916
1371645310.34
0.101164102554
1371645310.44
0.100589036942
1371645310.54
0.0999608039856
1371645310.64
0.0992681980133
1371645310.74
0.101287841797
1371645310.85
0.10301399231
1371645310.94
0.0961141586304
1371645311.04
0.100164890289
1371645311.14
0.100829124451
1371645311.24
0.0987269878387
1371645311.34
0.100519895554
1371645311.44
0.100836038589
1371645311.54
0.0993559360504
1371645311.64
0.0991990566254
1371645311.74
0.100256919861
1371645311.84
0.100053071976
1371645311.94
0.100766897202
1371645312.04
0.0989391803741
1371645312.14
0.100438833237
1371645312.41
0.267825126648
1371645312.41
1.19209289551e-05
1371645312.44
0.0318779945374
1371645312.54
0.100057125092
1371645312.64
0.100368022919
1371645312.74
0.101119995117
1371645312.84
0.100343942642
1371645312.94
0.0997190475464
1371645313.04
0.100023031235
1371645313.3
0.253950834274
1371645313.3
0.00360107421875
1371645313.34
0.0427470207214
1371645313.44
0.0994470119476
1371645313.54
0.100133895874
1371645313.64
0.0995850563049
1371645313.74
0.0999610424042
1371645313.84
0.100719928741
1371645313.94
0.0992369651794
1371645314.04
0.101354122162
1371645314.14
0.10009598732
1371645314.24
0.0995278358459
1371645314.34
0.0989441871643
1371645314.44
0.100047826767
1371645314.54
0.100136041641
1371645314.64
0.101577043533
1371645314.74
0.0978739261627
1371645314.84
0.100435018539
1371645314.94
0.100479125977
1371645315.04
0.0995709896088
1371645315.14
0.099730014801
1371645315.24
0.101564884186
1371645315.34
0.0997049808502
1371645315.45
0.101920127869
1371645315.54
0.098119020462
1371645315.64
0.100359916687
1371645315.74
0.099436044693
1371645315.84
0.100237846375
1371645315.95
0.102138996124
1371645316.14
0.197984218597
1371645316.25
0.100936889648
1371645316.34
0.098906993866
1371645316.44
0.100266933441
1371645316.54
0.0997409820557
1371645316.64
0.0999081134796
1371645316.74
0.100018978119
1371645316.84
0.100342988968
1371645316.94
0.100244045258
1371645317.04
0.0997829437256
1371645317.14
0.0999810695648
1371645317.41
0.261266946793
1371645317.41
2.00271606445e-05
1371645317.44
0.0385589599609
1371645317.54
0.0998110771179
1371645317.64
0.100155830383
1371645317.75
0.101593017578
1371645317.84
0.0990180969238
1371645317.95
0.102770090103
1371645318.05
0.0978708267212
1371645318.15
0.100566148758
1371645318.25
0.101152896881
1371645318.35
0.0982060432434
1371645318.45
0.101022958755
1371645318.55
0.0994989871979
1371645318.65
0.0995991230011
1371645318.75
0.100172042847
1371645318.85
0.0997059345245
1371645318.95
0.101582050323
1371645319.05
0.0984919071198
1371645319.15
0.0999140739441
1371645319.26
0.110985994339
1371645319.55
0.29603099823
1371645319.56
0.00622296333313
1371645319.56
2.40802764893e-05
1371645319.65
0.0870487689972
1371645319.75
0.0993120670319
1371645319.84
0.0998170375824
1371645319.95
0.10050201416
1371645320.05
0.0999119281769
1371645320.15
0.101768016815
1371645320.26
0.108994007111
1371645320.35
0.089301109314
1371645320.45
0.101219892502
1371645320.55
0.0994701385498
1371645320.65
0.0997729301453
1371645320.75
0.100787878036
1371645320.85
0.0991771221161
1371645320.95
0.100142002106
1371645321.05
0.100394964218
1371645321.15
0.0999689102173
1371645321.25
0.10003900528
1371645321.35
0.0995450019836
1371645321.45
0.100838184357
1371645321.55
0.100281953812
1371645321.65
0.099081993103
1371645321.75
0.100612878799
1371645321.85
0.100429058075
1371645321.95
0.0988590717316
1371645322.05
0.100065946579
1371645322.15
0.100045919418
1371645322.25
0.0995121002197
1371645322.35
0.101156949997
1371645322.45
0.0992369651794
1371645322.55
0.100731134415
1371645322.65
0.100720882416
1371645322.75
0.0990519523621
1371645322.85
0.101566076279
1371645322.95
0.0991039276123
1371645323.05
0.101320981979
1371645323.15
0.0988252162933
1371645323.25
0.100052833557
1371645323.35
0.100067138672
1371645323.45
0.100193977356
1371645323.55
0.0996458530426
1371645323.82
0.268149137497
1371645323.82
0.00240087509155
1371645323.85
0.0292191505432
1371645323.95
0.100092887878
1371645324.05
0.101277112961
1371645324.15
0.098974943161
1371645324.25
0.0998420715332
1371645324.35
0.103111982346
1371645324.45
0.0979919433594
1371645324.55
0.0996201038361
1371645324.65
0.0994069576263
1371645324.75
0.100425004959
1371645324.85
0.0998380184174
1371645324.95
0.0994999408722
1371645325.05
0.0999598503113
1371645325.15
0.0999901294708
1371645325.25
0.101717948914
1371645325.35
0.0998210906982
1371645325.45
0.0998239517212
1371645325.55
0.0996880531311
1371645325.65
0.100417852402
1371645325.75
0.104797124863
1371645326.03
0.280370950699
1371645326.04
0.00140595436096
1371645326.05
0.013209104538
1371645326.15
0.100116014481
1371645326.26
0.107409000397
1371645326.35
0.0925769805908
1371645326.45
0.0997819900513
1371645326.55
0.100029945374
1371645326.65
0.100167989731
1371645326.75
0.0994300842285
1371645326.85
0.0998558998108
1371645326.95
0.100983142853
1371645327.05
0.0991978645325
1371645327.15
0.10015296936
1371645327.25
0.0999910831451
1371645327.35
0.100214004517
1371645327.45
0.0996990203857
1371645327.55
0.100308895111
1371645327.65
0.0999140739441
1371645327.75
0.100760936737
1371645327.85
0.100336074829
1371645327.95
0.099592924118
1371645328.05
0.100231170654
1371645328.15
0.104015827179
1371645328.25
0.0956990718842
1371645328.35
0.100419044495
1371645328.45
0.100540876389
1371645328.55
0.0996990203857
1371645328.65
0.100219964981
1371645328.75
0.0990581512451
1371645328.85
0.100471019745
1371645328.95
0.100242853165
1371645329.05
0.0994040966034
1371645329.15
0.101090908051
1371645329.25
0.0994260311127
1371645329.35
0.100385904312
1371645329.45
0.0998420715332
1371645329.55
0.101202011108
1371645329.65
0.0980010032654
1371645329.75
0.100340127945
1371645329.85
0.10019493103
1371645329.95
0.10027885437
1371645330.22
0.274715185165
1371645330.22
7.29560852051e-05
1371645330.25
0.0271949768066
1371645330.35
0.0986020565033
1371645330.45
0.100218057632
1371645330.55
0.100047826767
1371645330.65
0.0996279716492
1371645330.75
0.100108146667
1371645330.85
0.100481987
1371645330.95
0.100301980972
1371645331.05
0.0988969802856
1371645331.15
0.100188970566
1371645331.25
0.100384950638
1371645331.35
0.0998599529266
1371645331.45
0.0999510288239
1371645331.55
0.10009598732
1371645331.65
0.100315093994
1371645331.75
0.0996239185333
1371645331.85
0.10002207756
1371645331.95
0.0996599197388
1371645332.05
0.100397109985
1371645332.15
0.100300073624
1371645332.25
0.0999708175659
1371645332.51
0.261089086533
1371645332.51
3.19480895996e-05
1371645332.55
0.0387799739838
1371645332.65
0.101152181625
1371645332.75
0.0991959571838
1371645332.85
0.0999019145966
1371645332.95
0.100755929947
1371645333.05
0.100885152817
1371645333.15
0.100223064423
1371645333.25
0.0989627838135
1371645333.35
0.100255012512
1371645333.45
0.0996530056
1371645333.55
0.100234031677
1371645333.65
0.10040307045
1371645333.75
0.0990560054779
1371645333.85
0.100395917892
1371645333.95
0.099790096283
1371645334.05
0.0998709201813
1371645334.15
0.100569009781
1371645334.25
0.0992040634155
1371645334.35
0.101233959198
1371645334.45
0.0994000434875
1371645334.55
0.0996069908142
1371645334.65
0.100157976151
1371645334.75
0.099809885025
1371645334.85
0.099701166153
1371645334.95
0.100587844849
1371645335.05
0.099986076355
1371645335.15
0.0995190143585
1371645335.25
0.10169005394
1371645335.35
0.099277973175
1371645335.45
0.100885868073
1371645335.55
0.0993680953979
1371645335.65
0.101140975952
1371645335.75
0.0991361141205
1371645335.85
0.0996518135071
1371645335.95
0.100006103516
1371645336.05
0.100492954254
1371645336.15
0.0997660160065
1371645336.25
0.0998251438141
1371645336.36
0.102867841721
1371645336.6
0.248072147369
1371645336.6
0.000663995742798
1371645336.65
0.0481839179993
1371645336.75
0.100207090378
1371645336.85
0.0997068881989
1371645336.95
0.100620985031
1371645337.05
0.0996921062469
1371645337.15
0.100559949875
1371645337.25
0.0995769500732
1371645337.35
0.099748134613
1371645337.45
0.0996530056
1371645337.55
0.101081848145
1371645337.66
0.102186918259
1371645337.75
0.0986440181732
1371645337.86
0.102980136871
1371645337.95
0.0963439941406
1371645338.05
0.101037979126
1371645338.15
0.0995290279388
1371645338.25
0.099916934967
1371645338.35
0.100621938705
1371645338.67
0.3148021698
1371645338.67
0.00385499000549
1371645338.67
1.09672546387e-05
1371645338.75
0.0804679393768
1371645338.85
0.0997741222382
1371645338.95
0.0995869636536
1371645339.05
0.0998089313507
1371645339.15
0.100965976715
1371645339.25
0.0994031429291
1371645339.35
0.100443840027
1371645339.45
0.100202083588
1371645339.55
0.0998990535736
1371645339.65
0.100033998489
1371645339.75
0.0996499061584
1371645339.85
0.100354909897
1371645339.96
0.102166175842
1371645340.05
0.0982649326324
1371645340.15
0.100104093552
1371645340.25
0.100351810455
1371645340.35
0.0998320579529
1371645340.45
0.100004911423
1371645340.55
0.0999381542206
1371645340.65
0.100106954575
1371645340.75
0.0993940830231
1371645340.85
0.100898981094
1371645340.95
0.0995850563049
1371645341.06
0.101348876953
1371645341.15
0.0992269515991
1371645341.25
0.0989100933075
1371645341.35
0.100556850433
1371645341.45
0.100589036942
1371645341.55
0.0991880893707
1371645341.65
0.10048699379
1371645341.75
0.0998499393463
1371645341.85
0.0998389720917
1371645341.96
0.103075027466
1371645342.05
0.0970039367676
1371645342.15
0.100394010544
1371645342.25
0.100154161453
1371645342.35
0.0995779037476
1371645342.45
0.10030913353
1371645342.55
0.0995268821716
1371645342.85
0.292330026627
1371645342.85
0.00308799743652
1371645342.86
0.00570011138916
1371645342.95
0.0995337963104
1371645343.06
0.100915193558
1371645343.16
0.100540876389
1371645343.26
0.0991339683533
1371645343.36
0.100243091583
1371645343.46
0.0995919704437
1371645343.56
0.100001096725
1371645343.66
0.100515842438
1371645343.76
0.0994920730591
1371645343.86
0.101227998734
1371645343.96
0.0989050865173
1371645344.06
0.0998737812042
1371645344.16
0.101316213608
1371645344.26
0.0985767841339
1371645344.36
0.100517034531
1371645344.46
0.0999300479889
1371645344.55
0.0992720127106
1371645344.66
0.10018491745
1371645344.77
0.11316204071
1371645345.08
0.308415174484
1371645345.08
0.00154089927673
1371645345.08
1.50203704834e-05
1371645345.16
0.0780038833618
1371645345.26
0.100932121277
1371645345.36
0.0997869968414
1371645345.46
0.099986076355
1371645345.56
0.0995419025421
1371645345.66
0.0996849536896
1371645345.76
0.100388050079
1371645345.86
0.099328994751
1371645345.96
0.100924968719
1371645346.06
0.0996761322021
1371645346.16
0.0998859405518
1371645346.26
0.100411891937
1371645346.36
0.0988740921021
1371645346.46
0.102159976959
1371645346.56
0.098573923111
1371645346.66
0.100253105164
1371645346.76
0.099750995636
1371645346.86
0.100430011749
1371645346.96
0.0993909835815
1371645347.06
0.0999400615692
1371645347.16
0.100998878479
1371645347.26
0.101031064987
1371645347.36
0.0979800224304
1371645347.46
0.100343942642
1371645347.56
0.100167989731
1371645347.66
0.0995059013367
1371645347.76
0.101146221161
1371645347.86
0.0997998714447
1371645347.96
0.10040807724
1371645348.06
0.0995800495148
1371645348.16
0.100207805634
1371645348.26
0.0996670722961
1371645348.36
0.10041809082
1371645348.46
0.100379943848
1371645348.56
0.101026058197
1371645348.66
0.0982320308685
1371645348.76
0.0999248027802
1371645348.86
0.10066318512
1371645348.96
0.100102901459
1371645349.06
0.0998709201813
1371645349.31
0.25248503685
1371645349.31
0.00242304801941
1371645349.36
0.044949054718
1371645349.46
0.100529909134
1371645349.56
0.0992889404297
1371645349.66
0.100778102875
1371645349.76
0.0993039608002
1371645349.86
0.100330114365
1371645349.96
0.0995528697968
1371645350.06
0.0991621017456
1371645350.16
0.101683855057
1371645350.26
0.101552963257
1371645350.36
0.0984220504761
1371645350.46
0.101449966431
1371645350.56
0.0994942188263
1371645350.66
0.101901769638
1371645350.76
0.0976190567017
1371645351.03
0.274615049362
1371645351.04
0.0102210044861
1371645351.06
0.0159649848938
1371645351.16
0.0989179611206
1371645351.26
0.0997941493988
1371645351.36
0.100263834
1371645351.46
0.0998179912567
1371645351.56
0.100275039673
1371645351.66
0.0994300842285
1371645351.76
0.100475072861
1371645351.86
0.100867986679
1371645351.96
0.0984959602356
1371645352.06
0.101199865341
1371645352.16
0.10006403923
1371645352.26
0.0989589691162
1371645352.36
0.100610971451
1371645352.46
0.100728988647
1371645352.56
0.0995090007782
1371645352.66
0.102434158325
1371645352.76
0.0979239940643
1371645352.86
0.100772857666
1371645352.96
0.0990121364594
1371645353.06
0.100008010864
1371645353.16
0.103266954422
1371645353.26
0.0970709323883
1371645353.36
0.100036144257
1371645353.46
0.100287914276
1371645353.56
0.0999140739441
1371645353.67
0.106509923935
1371645353.76
0.0932381153107
1371645353.86
0.0999898910522
1371645353.96
0.101217031479
1371645354.06
0.0989189147949
1371645354.16
0.100510120392
1371645354.26
0.098995923996
1371645354.36
0.100222110748
1371645354.46
0.101343870163
1371645354.56
0.0999310016632
1371645354.66
0.0992829799652
1371645354.76
0.0996000766754
1371645354.86
0.100349903107
1371645354.96
0.099317073822
1371645355.06
0.0999510288239
1371645355.31
0.246839046478
1371645355.31
1.19209289551e-05
1371645355.36
0.0551090240479
1371645355.46
0.0992059707642
1371645355.56
0.10009598732
1371645355.66
0.0996029376984
1371645355.76
0.10049700737
1371645355.86
0.102297067642
1371645355.96
0.0980200767517
1371645356.06
0.099958896637
1371645356.16
0.100522041321
1371645356.26
0.0994899272919
1371645356.36
0.0997519493103
1371645356.46
0.0998380184174
1371645356.56
0.100982189178
1371645356.66
0.0998518466949
1371645356.76
0.0999751091003
1371645356.86
0.0998270511627
1371645356.96
0.0998649597168
1371645357.06
0.100204944611
1371645357.16
0.100718975067
1371645357.27
0.105016946793
1371645357.36
0.0935430526733
1371645357.64
0.282534122467
1371645357.64
0.000130891799927
1371645357.66
0.0182869434357
1371645357.76
0.100599050522
1371645357.86
0.101941108704
1371645357.96
0.09818983078
1371645358.06
0.100340127945
1371645358.16
0.0986559391022
1371645358.26
0.100619077682
1371645358.36
0.100967884064
1371645358.46
0.0987899303436
1371645358.56
0.100511074066
1371645358.66
0.100023031235
1371645358.76
0.100035905838
1371645358.86
0.0995221138
1371645358.96
0.100607872009
1371645359.06
0.099555015564
1371645359.16
0.0998151302338
1371645359.26
0.0998899936676
1371645359.36
0.103749990463
1371645359.46
0.0958938598633
1371645359.56
0.100633144379
1371645359.66
0.099515914917
1371645359.76
0.100542068481
1371645359.86
0.0996310710907
1371645359.96
0.10009598732
1371645360.06
0.101096868515
1371645360.16
0.100201129913
1371645360.26
0.100034952164
1371645360.36
0.0997200012207
1371645360.47
0.104417085648
1371645360.56
0.0958738327026
1371645360.76
0.199666976929
1371645360.86
0.100438117981
1371645360.96
0.0997159481049
1371645361.06
0.099967956543
1371645361.16
0.0997829437256
1371645361.26
0.100061178207
1371645361.36
0.100069046021
1371645361.46
0.10052895546
1371645361.69
0.222380876541
1371645361.69
1.09672546387e-05
1371645361.76
0.0776751041412
1371645361.86
0.100042104721
1371645361.96
0.0992608070374
1371645362.06
0.100390195847
1371645362.16
0.0996479988098
1371645362.26
0.0997989177704
1371645362.36
0.100516080856
1371645362.46
0.0997428894043
1371645362.56
0.100760936737
1371645362.66
0.100368976593
1371645362.76
0.101164102554
1371645362.86
0.0988409519196
1371645362.96
0.101733922958
1371645363.06
0.0982670783997
1371645363.16
0.100373983383
1371645363.26
0.0997741222382
1371645363.36
0.100481987
1371645363.46
0.099161863327
1371645363.57
0.102041006088
1371645363.9
0.337445020676
1371645363.91
0.00670099258423
1371645363.91
1.21593475342e-05
1371645363.96
0.0542078018188
1371645364.06
0.100197076797
1371645364.16
0.0992140769958
1371645364.26
0.100481033325
1371645364.36
0.100167989731
1371645364.46
0.0997548103333
1371645364.56
0.100099086761
1371645364.66
0.099760055542
1371645364.76
0.100234031677
1371645364.86
0.10009098053
1371645364.96
0.099268913269
1371645365.07
0.104985952377
1371645365.16
0.0965981483459
1371645365.26
0.10067486763
1371645365.36
0.0990309715271
1371645365.46
0.100658178329
1371645365.56
0.0997159481049
1371645365.66
0.0998239517212
1371645365.76
0.100047111511
1371645365.86
0.100245952606
1371645365.96
0.100218057632
1371645366.06
0.0996668338776
1371645366.16
0.0996329784393
1371645366.26
0.0999519824982
1371645366.36
0.100198984146
1371645366.46
0.100380182266
1371645366.56
0.0993509292603
1371645366.66
0.101087093353
1371645366.76
0.0994818210602
1371645366.86
0.100125074387
1371645366.96
0.100372076035
1371645367.06
0.0992119312286
1371645367.16
0.099632024765
1371645367.26
0.100451946259
1371645367.37
0.107794046402
1371645367.46
0.0923960208893
1371645367.56
0.0998919010162
1371645367.66
0.100380182266
1371645367.77
0.100783824921
1371645367.86
0.0993840694427
1371645368.11
0.24205994606
1371645368.11
1.21593475342e-05
1371645368.17
0.0584828853607
1371645368.27
0.0998890399933
1371645368.37
0.101337909698
1371645368.47
0.0986630916595
1371645368.57
0.100256919861
1371645368.67
0.100069046021
1371645368.77
0.106648921967
1371645368.87
0.093024969101
1371645368.97
0.100047111511
1371645369.06
0.0992031097412
1371645369.17
0.100655794144
1371645369.27
0.10933303833
1371645369.37
0.0905251502991
1371645369.47
0.100600004196
1371645369.57
0.0993709564209
1371645369.67
0.0999808311462
1371645369.77
0.100127220154
1371645369.87
0.100277900696
1371645369.97
0.0999610424042
1371645370.31
0.343796014786
1371645370.31
0.00222587585449
1371645370.31
1.09672546387e-05
1371645370.37
0.0555059909821
1371645370.47
0.0990200042725
1371645370.57
0.0999221801758
1371645370.67
0.100340843201
1371645370.77
0.10009098053
1371645370.87
0.0998389720917
1371645370.97
0.100656032562
1371645371.07
0.099011182785
1371645371.17
0.100162982941
1371645371.27
0.101495981216
1371645371.37
0.0989298820496
1371645371.47
0.0996899604797
1371645371.57
0.102432012558
1371645371.67
0.0993270874023
1371645371.77
0.0986499786377
1371645371.87
0.101325035095
1371645371.97
0.0992200374603
1371645372.07
0.0988109111786
1371645372.17
0.100013017654
1371645372.27
0.100306987762
1371645372.37
0.0993111133575
1371645372.47
0.101625919342
1371645372.57
0.100887060165
1371645372.67
0.0994548797607
1371645372.77
0.101067066193
1371645372.87
0.0992000102997
1371645372.97
0.0996940135956
1371645373.07
0.0997090339661
1371645373.17
0.100092887878
1371645373.27
0.0999341011047
1371645373.37
0.0996718406677
1371645373.47
0.100142002106
1371645373.57
0.100703001022
1371645373.67
0.100167989731
1371645373.77
0.099879026413
1371645373.87
0.100115060806
1371645373.97
0.100321054459
1371645374.07
0.0990650653839
1371645374.17
0.0997979640961
1371645374.27
0.100178003311
1371645374.51
0.241489887238
1371645374.52
0.00697207450867
1371645374.57
0.0523428916931
1371645374.67
0.0999960899353
1371645374.77
0.0994188785553
1371645374.87
0.101070165634
1371645374.97
0.100394010544
1371645375.07
0.0983099937439
1371645375.17
0.101116895676
1371645375.37
0.20016503334
1371645375.47
0.10037612915
1371645375.57
0.0995259284973
1371645375.67
0.0998709201813
1371645375.77
0.100320100784
1371645375.87
0.099643945694
1371645375.97
0.0995450019836
1371645376.07
0.100594997406
1371645376.17
0.0997040271759
1371645376.27
0.10449886322
1371645376.38
0.109549999237
1371645376.7
0.322379112244
1371645376.72
0.0150229930878
1371645376.72
1.00135803223e-05
1371645376.77
0.048712015152
1371645376.87
0.100085020065
1371645376.97
0.10000705719
1371645377.07
0.101186990738
1371645377.17
0.0989308357239
1371645377.27
0.0998780727386
1371645377.37
0.100467920303
1371645377.47
0.099534034729
1371645377.57
0.101858139038
1371645377.67
0.0987558364868
1371645377.77
0.100005149841
1371645377.87
0.100154876709
1371645377.97
0.102069139481
1371645378.07
0.0982728004456
1371645378.17
0.0998950004578
1371645378.27
0.101139068604
1371645378.37
0.0988631248474
1371645378.47
0.100080966949
1371645378.57
0.099949836731
1371645378.67
0.100157976151
1371645378.77
0.0997631549835
1371645378.87
0.100707054138
1371645378.97
0.0986518859863
1371645379.07
0.100855112076
1371645379.17
0.0993318557739
1371645379.27
0.100322008133
1371645379.37
0.100191116333
1371645379.47
0.0996649265289
1371645379.57
0.100388050079
1371645379.67
0.0993008613586
1371645379.77
0.101279973984
1371645379.87
0.0993010997772
1371645379.97
0.101485967636
1371645380.07
0.0995180606842
1371645380.17
0.100897073746
1371645380.27
0.0988938808441
1371645380.37
0.0998680591583
1371645380.47
0.100009918213
1371645380.57
0.100569963455
1371645380.67
0.0997660160065
1371645380.91
0.241949081421
1371645380.91
1.09672546387e-05
1371645380.98
0.0663781166077
1371645381.07
0.0929799079895
1371645381.17
0.0984010696411
1371645381.27
0.100880861282
1371645381.37
0.0994861125946
1371645381.47
0.0997688770294
1371645381.57
0.100574016571
1371645381.67
0.0993599891663
1371645381.87
0.200174093246
1371645381.97
0.0997738838196
1371645382.07
0.0999422073364
1371645382.17
0.100136995316
1371645382.27
0.099860906601
1371645382.37
0.100852966309
1371645382.47
0.0994429588318
1371645382.57
0.101186037064
1371645382.67
0.0996279716492
1371645382.79
0.123662948608
1371645382.87
0.0775320529938
1371645383.21
0.33957195282
1371645383.22
0.00507616996765
1371645383.22
1.00135803223e-05
1371645383.27
0.0541248321533
1371645383.37
0.100231170654
1371645383.47
0.100003004074
1371645383.57
0.100270032883
1371645383.67
0.100298881531
1371645383.77
0.100311994553
1371645383.87
0.0988130569458
1371645383.97
0.100775957108
1371645384.07
0.0997591018677
1371645384.17
0.0996918678284
1371645384.28
0.105078935623
1371645384.37
0.0953440666199
1371645384.47
0.099093914032
1371645384.57
0.101657152176
1371645384.67
0.0988540649414
1371645384.77
0.100385904312
1371645384.87
0.0999429225922
1371645384.98
0.10932302475
1371645385.07
0.0922701358795
1371645385.17
0.0985488891602
1371645385.27
0.10050702095
1371645385.37
0.0999689102173
1371645385.47
0.10010099411
1371645385.57
0.100480079651
1371645385.67
0.0994410514832
1371645385.77
0.100196838379
1371645385.87
0.0997700691223
1371645385.97
0.0998980998993
1371645386.07
0.100378990173
1371645386.17
0.0996949672699
1371645386.27
0.0997409820557
1371645386.37
0.100435018539
1371645386.47
0.0995869636536
1371645386.57
0.0998449325562
1371645386.67
0.100025177002
1371645386.77
0.100809812546
1371645386.88
0.110858201981
1371645386.97
0.0890238285065
1371645387.07
0.0995581150055
1371645387.29
0.222393035889
1371645387.29
4.48226928711e-05
1371645387.37
0.0783381462097
1371645387.47
0.100122928619
1371645387.57
0.0997669696808
1371645387.68
0.107082128525
1371645387.77
0.0936419963837
1371645387.87
0.0996928215027
1371645387.97
0.100020170212
1371645388.07
0.0995378494263
1371645388.17
0.100097179413
1371645388.27
0.100536823273
1371645388.37
0.0996770858765
1371645388.47
0.0996069908142
1371645388.57
0.100565910339
1371645388.67
0.0998890399933
1371645388.77
0.100260019302
1371645388.87
0.100250959396
1371645388.97
0.0998029708862
1371645389.07
0.0999751091003
1371645389.21
0.135204076767
1371645389.27
0.064945936203
1371645389.6
0.324218988419
1371645389.6
0.00541806221008
1371645389.6
1.38282775879e-05
1371645389.67
0.0704212188721
1371645389.77
0.101253986359
1371645389.87
0.0979688167572
1371645389.97
0.100144147873
1371645390.07
0.101409912109
1371645390.17
0.100614070892
1371645390.27
0.099182844162
1371645390.37
0.100469112396
1371645390.47
0.099415063858
1371645390.57
0.100234031677
1371645390.67
0.100549936295
1371645390.77
0.0996780395508
1371645390.87
0.100036859512
1371645390.97
0.100157976151
1371645391.07
0.0998430252075
1371645391.18
0.101448059082
1371645391.27
0.0985789299011
1371645391.37
0.100210189819
1371645391.47
0.0995798110962
1371645391.57
0.0998210906982
1371645391.67
0.0997550487518
1371645391.77
0.100276947021
1371645391.87
0.100486040115
1371645391.97
0.0993900299072
1371645392.07
0.100397825241
1371645392.17
0.0997710227966
1371645392.28
0.102667093277
1371645392.37
0.097678899765
1371645392.48
0.101813077927
1371645392.58
0.0991780757904
1371645392.67
0.0993669033051
1371645392.78
0.100203990936
1371645392.87
0.0997400283813
1371645392.98
0.100591897964
1371645393.08
0.101907014847
1371645393.18
0.0979671478271
1371645393.28
0.100003957748
1371645393.38
0.0996849536896
1371645393.48
0.0999889373779
1371645393.7
0.224141120911
1371645393.7
0.000572919845581
1371645393.78
0.076033115387
1371645393.88
0.099524974823
1371645393.97
0.0994849205017
1371645394.08
0.100475072861
1371645394.18
0.100197076797
1371645394.28
0.0999929904938
1371645394.38
0.100631952286
1371645394.48
0.0996780395508
1371645394.58
0.099839925766
1371645394.68
0.0999720096588
1371645394.78
0.100028038025
1371645395.1
0.321800947189
1371645395.1
0.00244903564453
1371645395.1
1.69277191162e-05
1371645395.18
0.0772309303284
1371645395.28
0.0986371040344
1371645395.38
0.100439071655
1371645395.48
0.100210905075
1371645395.58
0.100060939789
1371645395.68
0.0996279716492
1371645395.78
0.100627183914
1371645395.88
0.10004901886
1371645395.98
0.0992670059204
1371645396.08
0.099592924118
1371645396.18
0.101603031158
1371645396.28
0.0988969802856
1371645396.38
0.0999019145966
1371645396.48
0.100623130798
1371645396.58
0.0994989871979
1371645396.68
0.100093841553
1371645396.78
0.101170063019
1371645396.88
0.0991609096527
1371645396.98
0.099879026413
1371645397.08
0.099555015564
1371645397.18
0.0998921394348
1371645397.28
0.100736856461
1371645397.38
0.100471019745
1371645397.48
0.100098133087
1371645397.58
0.0993628501892
1371645397.68
0.100721120834
1371645397.79
0.108001947403
1371645397.88
0.0923130512238
1371645397.98
0.0996758937836
1371645398.08
0.100104093552
1371645398.18
0.0992798805237
1371645398.28
0.103358983994
1371645398.38
0.0972139835358
1371645398.48
0.10036110878
1371645398.58
0.105252027512
1371645398.68
0.0944550037384
1371645398.78
0.100018978119
1371645398.88
0.0993978977203
1371645398.98
0.100311040878
1371645399.22
0.240478038788
1371645399.22
0.00284004211426
1371645399.28
0.0575079917908
1371645399.38
0.0993499755859
1371645399.48
0.0999670028687
1371645399.58
0.100354909897
1371645399.68
0.0996479988098
1371645399.78
0.100407123566
1371645399.88
0.100661039352
1371645400.24
0.362962007523
1371645400.25
0.00426983833313
1371645400.25
1.4066696167e-05
1371645400.41
0.164852142334
1371645400.41
4.98294830322e-05
1371645400.48
0.0693180561066
1371645400.58
0.0982151031494
1371645400.68
0.100306987762
1371645400.78
0.0999989509583
1371645400.88
0.100185871124
1371645400.98
0.0997040271759
1371645401.08
0.0997700691223
1371645401.18
0.0999529361725
1371645401.28
0.100823163986
1371645401.38
0.0992619991302
1371645401.48
0.100218772888
1371645401.58
0.0998551845551
1371645401.68
0.100376844406
1371645401.78
0.0998141765594
1371645401.88
0.10057592392
1371645401.98
0.100920915604
1371645402.08
0.099228143692
1371645402.18
0.101311922073
1371645402.28
0.098424911499
1371645402.38
0.0992732048035
1371645402.48
0.101137876511
1371645402.58
0.100532054901
1371645402.68
0.104032039642
1371645402.78
0.0959420204163
1371645402.88
0.0997979640961
1371645402.98
0.101183891296
1371645403.08
0.0987219810486
1371645403.18
0.100567102432
1371645403.28
0.0999698638916
1371645403.38
0.0989820957184
1371645403.48
0.100553035736
1371645403.58
0.0996599197388
1371645403.68
0.10086607933
1371645403.78
0.0993559360504
1371645403.88
0.100778102875
1371645403.98
0.100312948227
1371645404.08
0.0995728969574
1371645404.18
0.0994369983673
1371645404.39
0.214725017548
1371645404.39
0.000568151473999
1371645404.48
0.0841088294983
1371645404.58
0.100386142731
1371645404.68
0.100255966187
1371645404.78
0.0998690128326
1371645404.88
0.101352930069
1371645404.98
0.0993750095367
1371645405.08
0.103347063065
1371645405.18
0.0965669155121
1371645405.28
0.100239992142
1371645405.38
0.100965023041
1371645405.48
0.0986230373383
1371645405.58
0.0998311042786
1371645405.68
0.100958824158
1371645405.78
0.100187063217
1371645405.88
0.0993208885193
1371645405.98
0.100275993347
1371645406.08
0.100912094116
1371645406.18
0.0994460582733
1371645406.28
0.0995669364929
1371645406.64
0.362909078598
1371645406.64
5.69820404053e-05
1371645406.64
1.59740447998e-05
1371645406.8
0.160620927811
1371645406.81
0.00295305252075
1371645406.88
0.074196100235
1371645406.98
0.0992548465729
1371645407.08
0.0996010303497
1371645407.18
0.100630998611
1371645407.28
0.100182056427
1371645407.38
0.101006984711
1371645407.48
0.0990300178528
1371645407.58
0.100317001343
1371645407.68
0.100715875626
1371645407.78
0.0992090702057
1371645407.88
0.100440979004
1371645407.98
0.100166082382
1371645408.08
0.0996179580688
1371645408.18
0.100507974625
1371645408.28
0.0996379852295
1371645408.38
0.0998749732971
1371645408.48
0.0998990535736
1371645408.58
0.100352048874
1371645408.68
0.100100040436
1371645408.79
0.104001998901
1371645408.88
0.0959849357605
1371645408.98
0.0995810031891
1371645409.08
0.100899934769
1371645409.18
0.0990860462189
1371645409.28
0.0998079776764
1371645409.38
0.103265047073
1371645409.48
0.0968110561371
1371645409.58
0.100031852722
1371645409.68
0.0997309684753
1371645409.78
0.100140094757
1371645409.88
0.100117921829
1371645409.98
0.101666212082
1371645410.08
0.0993299484253
1371645410.18
0.102284908295
1371645410.28
0.0981481075287
1371645410.38
0.100029945374
1371645410.48
0.0999300479889
1371645410.58
0.100056886673
1371645410.81
0.231827020645
1371645410.82
0.00472807884216
1371645410.88
0.0631878376007
1371645410.98
0.10026216507
1371645411.08
0.0996389389038
1371645411.18
0.0998430252075
1371645411.28
0.10005903244
1371645411.38
0.1001060009
1371645411.49
0.109118938446
1371645411.58
0.0912818908691
1371645411.68
0.0994441509247
1371645411.78
0.100195884705
1371645411.88
0.0997240543365
1371645411.98
0.100641965866
1371645412.08
0.0998780727386
1371645412.18
0.0992929935455
1371645412.28
0.100874900818
1371645412.38
0.101104974747
1371645412.49
0.101688146591
1371645412.58
0.0987930297852
1371645412.68
0.0996840000153
1371645413.01
0.324381828308
1371645413.02
0.00761914253235
1371645413.02
1.4066696167e-05
1371645413.08
0.068107843399
1371645413.18
0.0989589691162
1371645413.28
0.100256204605
1371645413.38
0.100687980652
1371645413.48
0.0998179912567
1371645413.59
0.102986812592
1371645413.68
0.0967440605164
1371645413.78
0.0998980998993
1371645413.88
0.0996780395508
1371645413.98
0.100382804871
1371645414.08
0.0996870994568
1371645414.18
0.1001060009
1371645414.28
0.1009349823
1371645414.38
0.0992379188538
1371645414.48
0.0998301506042
1371645414.58
0.100064992905
1371645414.68
0.0999040603638
1371645414.78
0.10072183609
1371645414.88
0.0993640422821
1371645414.98
0.10108089447
1371645415.08
0.10041809082
1371645415.18
0.100148916245
1371645415.28
0.100058078766
1371645415.38
0.0992629528046
1371645415.49
0.103904008865
1371645415.58
0.0968520641327
1371645415.7
0.110481023788
1371645415.78
0.0891320705414
1371645415.88
0.0994908809662
1371645415.98
0.100800991058
1371645416.08
0.0998950004578
1371645416.18
0.0994529724121
1371645416.29
0.104366064072
1371645416.38
0.0955429077148
1371645416.48
0.100200176239
1371645416.58
0.100453853607
1371645416.68
0.0996739864349
1371645416.78
0.0997090339661
1371645416.88
0.100317955017
1371645417.13
0.246505975723
1371645417.13
0.0023500919342
1371645417.18
0.0505540370941
1371645417.28
0.100857973099
1371645417.38
0.100239992142
1371645417.49
0.100353956223
1371645417.59
0.103492975235
1371645417.69
0.0971901416779
1371645417.78
0.09885597229
1371645417.89
0.100431919098
1371645417.99
0.0999550819397
1371645418.09
0.0999748706818
1371645418.19
0.100286006927
1371645418.29
0.0997090339661
1371645418.39
0.102161169052
1371645418.49
0.0976707935333
1371645418.59
0.100682020187
1371645418.69
0.0999600887299
1371645418.79
0.100291013718
1371645418.89
0.0996429920197
1371645418.99
0.0995769500732
1371645419.09
0.100352048874
1371645419.43
0.345699071884
1371645419.43
0.00151801109314
1371645419.43
1.19209289551e-05
1371645419.58
0.146913051605
1371645419.59
0.00560998916626
1371645419.69
0.100191831589
1371645419.79
0.101287126541
1371645419.89
0.100770950317
1371645419.99
0.0980770587921
1371645420.09
0.102285861969
1371645420.19
0.0983250141144
1371645420.29
0.101513147354
1371645420.4
0.107632875443
1371645420.49
0.0908801555634
1371645420.59
0.100307941437
1371645420.69
0.0995969772339
1371645420.79
0.100183010101
1371645420.89
0.10005903244
1371645420.99
0.0994958877563
1371645421.09
0.100275039673
1371645421.2
0.109163045883
1371645421.29
0.0909478664398
1371645421.39
0.0995631217957
1371645421.49
0.100281000137
1371645421.59
0.0999419689178
1371645421.69
0.100719928741
1371645421.79
0.100421190262
1371645421.89
0.0991628170013
1371645421.99
0.100036144257
1371645422.09
0.101873874664
1371645422.19
0.0976619720459
1371645422.29
0.100210189819
1371645422.39
0.0998749732971
1371645422.49
0.101146936417
1371645422.59
0.0998558998108
1371645422.69
0.0999031066895
1371645422.79
0.101263046265
1371645422.89
0.0994029045105
1371645422.99
0.0992360115051
1371645423.09
0.100820064545
1371645423.19
0.0993449687958
1371645423.29
0.100855112076
1371645423.39
0.099720954895
1371645423.59
0.200906038284
1371645423.59
0.00108885765076
1371645423.69
0.0975179672241
1371645423.79
0.0995211601257
1371645423.89
0.101646900177
1371645423.99
0.0989029407501
1371645424.09
0.100037097931
1371645424.19
0.100054979324
1371645424.29
0.100464105606
1371645424.39
0.0992238521576
1371645424.49
0.101792097092
1371645424.59
0.0985889434814
1371645424.69
0.0997109413147
1371645424.79
0.0997920036316
1371645424.89
0.101644039154
1371645424.99
0.100387096405
1371645425.09
0.0993168354034
1371645425.19
0.100177049637
1371645425.29
0.100026130676
1371645425.39
0.10104393959
1371645425.49
0.0990159511566
1371645425.84
0.349359035492
1371645425.84
0.000114917755127
1371645425.84
1.00135803223e-05
1371645425.89
0.0501539707184
1371645425.99
0.100156068802
1371645426.09
0.100603103638
1371645426.19
0.0996909141541
1371645426.29
0.0994329452515
1371645426.39
0.100053071976
1371645426.49
0.0998840332031
1371645426.59
0.100193023682
1371645426.69
0.100812911987
1371645426.79
0.099543094635
1371645426.89
0.0993309020996
1371645426.99
0.100357055664
1371645427.09
0.0998928546906
1371645427.19
0.100231170654
1371645427.29
0.100955963135
1371645427.39
0.10018992424
1371645427.49
0.100553035736
1371645427.59
0.100305080414
1371645427.69
0.0987138748169
1371645427.79
0.0999751091003
1371645427.89
0.0999958515167
1371645428.01
0.116192102432
1371645428.09
0.0840470790863
1371645428.19
0.100255966187
1371645428.29
0.100090026855
1371645428.39
0.0997858047485
1371645428.49
0.0994350910187
1371645428.59
0.100689888
1371645428.69
0.100513219833
1371645428.79
0.0996057987213
1371645428.89
0.099582195282
1371645428.99
0.0996849536896
1371645429.09
0.10297703743
1371645429.19
0.0972929000854
1371645429.29
0.100937128067
1371645429.39
0.100050926208
1371645429.49
0.0993890762329
1371645429.59
0.0994989871979
1371645429.69
0.100169897079
1371645429.79
0.100509881973
1371645430.01
0.218660116196
1371645430.01
0.00121188163757
1371645430.1
0.0864140987396
1371645430.19
0.0943729877472
1371645430.29
0.0998821258545
1371645430.39
0.101212978363
1371645430.49
0.0996279716492
1371645430.59
0.0995590686798
1371645430.69
0.100618839264
1371645430.79
0.1028881073
1371645430.89
0.0981709957123
1371645430.99
0.0989098548889
1371645431.09
0.100706100464
1371645431.19
0.102123975754
1371645431.29
0.0994338989258
1371645431.39
0.0984101295471
1371645431.49
0.0986950397491
1371645431.59
0.101515054703
1371645431.7
0.10568189621
1371645431.79
0.093770980835
1371645431.89
0.09885597229
1371645432.22
0.32936000824
1371645432.22
0.00218200683594
1371645432.22
1.90734863281e-05
1371645432.3
0.0758090019226
1371645432.39
0.0962839126587
1371645432.49
0.0978209972382
1371645432.59
0.0992259979248
1371645432.7
0.105616092682
1371645432.8
0.100128889084
1371645432.89
0.0959661006927
1371645432.99
0.0997929573059
1371645433.09
0.100176095963
1371645433.19
0.0994038581848
1371645433.29
0.100546121597
1371645433.39
0.100798845291
1371645433.49
0.099004983902
1371645433.6
0.104835987091
1371645433.69
0.0954630374908
1371645433.79
0.099081993103
1371645433.89
0.0995850563049
1371645433.99
0.102517127991
1371645434.1
0.103288888931
1371645434.19
0.0946800708771
1371645434.33
0.134069919586
1371645434.39
0.0657970905304
1371645434.49
0.100759983063
1371645434.59
0.0998940467834
1371645434.7
0.109735965729
1371645434.79
0.0907230377197
1371645434.9
0.105287790298
1371645434.99
0.0941290855408
1371645435.09
0.101514101028
1371645435.19
0.0982439517975
1371645435.29
0.101197957993
1371645435.39
0.100996017456
1371645435.49
0.0980629920959
1371645435.59
0.10098695755
1371645435.7
0.10290813446
1371645435.79
0.0958158969879
1371645435.9
0.103348970413
1371645436.0
0.101381063461
1371645436.09
0.0959560871124
1371645436.41
0.318702936172
1371645436.41
1.09672546387e-05
1371645436.41
7.86781311035e-06
1371645436.49
0.0826621055603
1371645436.59
0.098984003067
1371645436.7
0.104454994202
1371645436.79
0.0969400405884
1371645436.89
0.0977730751038
1371645436.99
0.101303815842
1371645437.09
0.100778102875
1371645437.19
0.097620010376
1371645437.29
0.102776050568
1371645437.4
0.107940912247
1371645437.49
0.0906510353088
1371645437.59
0.0997378826141
1371645437.69
0.101281166077
1371645437.8
0.100857973099
1371645437.89
0.0991199016571
1371645438.0
0.10084104538
1371645438.09
0.0984470844269
1371645438.2
0.102535963058
1371645438.51
0.31046795845
1371645438.51
0.00204801559448
1371645438.51
1.4066696167e-05
1371645438.59
0.086000919342
1371645438.7
0.102195978165
1371645438.79
0.0975000858307
1371645438.89
0.0997710227966
1371645439.0
0.101444005966
1371645439.09
0.0986268520355
1371645439.19
0.0990860462189
1371645439.3
0.102385044098
1371645439.39
0.0975639820099
1371645439.5
0.104294061661
1371645439.59
0.0960338115692
1371645439.69
0.100468158722
1371645439.8
0.105695009232
1371645439.9
0.0959169864655
1371645439.99
0.0989570617676
1371645440.1
0.103057861328
1371645440.19
0.0962920188904
1371645440.3
0.103214025497
1371645440.4
0.10337305069
1371645440.49
0.0937178134918
1371645440.59
0.0996060371399
1371645440.7
0.101329088211
1371645440.8
0.101613998413
1371645440.9
0.0995531082153
1371645440.99
0.0985169410706
1371645441.1
0.100831031799
1371645441.2
0.101235866547
1371645441.29
0.097855091095
1371645441.4
0.100980043411
1371645441.5
0.101450920105
1371645441.59
0.0969989299774
1371645441.69
0.100214958191
1371645441.8
0.102025985718
1371645441.89
0.0979242324829
1371645441.99
0.100182771683
1371645442.1
0.100477218628
1371645442.2
0.1044049263
1371645442.3
0.0988359451294
1371645442.61
0.31257390976
1371645442.61
4.50611114502e-05
1371645442.61
0.00397801399231
1371645442.7
0.080904006958
1371645442.79
0.0990779399872
1371645442.9
0.101119995117
1371645443.0
0.104032039642
1371645443.1
0.0951690673828
1371645443.2
0.103614091873
1371645443.3
0.0976688861847
1371645443.4
0.0986740589142
1371645443.5
0.0998508930206
1371645443.6
0.101391077042
1371645443.7
0.0990350246429
1371645443.8
0.0997738838196
1371645443.9
0.100389957428
1371645444.0
0.0995311737061
1371645444.1
0.0999100208282
1371645444.2
0.101514816284
1371645444.31
0.110409021378
1371645444.66
0.357177019119
1371645444.66
3.09944152832e-05
1371645444.66
9.05990600586e-06
1371645444.7
0.0356819629669
1371645444.8
0.0962190628052
1371645444.9
0.101063013077
1371645445.0
0.100350856781
1371645445.1
0.0997240543365
1371645445.2
0.099622964859
1371645445.3
0.0993762016296
1371645445.4
0.100220918655
1371645445.5
0.0998160839081
1371645445.6
0.100619792938
1371645445.7
0.0989871025085
1371645445.8
0.101511955261
1371645445.9
0.099198102951
1371645446.0
0.0997049808502
1371645446.1
0.100028991699
1371645446.2
0.106606006622
1371645446.3
0.0972540378571
1371645446.4
0.0976188182831
1371645446.5
0.0981931686401
1371645446.6
0.101683855057
1371645446.71
0.108433008194
1371645446.8
0.0901479721069
1371645446.9
0.108520030975
1371645447.0
0.0999081134796
1371645447.1
0.0919508934021
1371645447.2
0.100430965424
1371645447.3
0.100721120834
1371645447.4
0.0994789600372
1371645447.5
0.0997309684753
1371645447.6
0.100666999817
1371645447.7
0.100414037704
1371645447.8
0.0991411209106
1371645447.9
0.100653886795
1371645448.0
0.0991189479828
1371645448.1
0.100758075714
1371645448.2
0.10067486763
1371645448.3
0.0986680984497
1371645448.4
0.101331949234
1371645448.5
0.0994009971619
1371645448.8
0.298257112503
1371645448.8
5.98430633545e-05
1371645448.8
0.00620007514954
1371645448.9
0.0976121425629
1371645449.0
0.0972309112549
1371645449.1
0.0996189117432
1371645449.2
0.101478099823
1371645449.3
0.0994498729706
1371645449.4
0.101488113403
1371645449.5
0.101512908936
1371645449.6
0.0968971252441
1371645449.7
0.0995678901672
1371645449.8
0.100722074509
1371645449.9
0.100574970245
1371645450.0
0.0995440483093
1371645450.1
0.100427865982
1371645450.2
0.099808216095
1371645450.3
0.101782798767
1371645450.4
0.0980670452118
1371645450.5
0.101437091827
1371645450.6
0.0987029075623
1371645450.7
0.100260972977
1371645451.01
0.310431957245
1371645451.01
0.00503516197205
1371645451.01
9.05990600586e-06
1371645451.1
0.0843877792358
1371645451.2
0.0991461277008
1371645451.3
0.100315093994
1371645451.4
0.100568771362
1371645451.5
0.0991990566254
1371645451.6
0.100829124451
1371645451.7
0.0996339321136
1371645451.8
0.100698947906
1371645451.9
0.0993659496307
1371645452.0
0.099701166153
1371645452.1
0.10654592514
1371645452.2
0.0949959754944
1371645452.3
0.100487947464
1371645452.4
0.10252904892
1371645452.5
0.0963289737701
1371645452.6
0.101073980331
1371645452.7
0.0999209880829
1371645452.8
0.0993340015411
1371645452.9
0.101307153702
1371645453.0
0.09876704216
1371645453.11
0.107700824738
1371645453.2
0.0926949977875
1371645453.3
0.100363016129
1371645453.4
0.0993089675903
1371645453.5
0.0995471477509
1371645453.6
0.100259065628
1371645453.7
0.0998039245605
1371645453.81
0.113705873489
1371645453.9
0.0865910053253
1371645454.0
0.099503993988
1371645454.1
0.100805044174
1371645454.2
0.0997090339661
1371645454.3
0.100496053696
1371645454.4
0.0996868610382
1371645454.5
0.100009202957
1371645454.6
0.101204872131
1371645454.7
0.100219011307
1371645454.8
0.100136041641
1371645455.08
0.276278018951
1371645455.08
0.00329685211182
1371645455.1
0.0198390483856
1371645455.21
0.106434106827
1371645455.31
0.103011846542
1371645455.4
0.0902960300446
1371645455.5
0.100059986115
1371645455.6
0.103325128555
1371645455.7
0.0971260070801
1371645455.8
0.0999610424042
1371645455.9
0.100658893585
1371645456.0
0.0990560054779
1371645456.1
0.0996909141541
1371645456.2
0.101234197617
1371645456.3
0.0999219417572
1371645456.4
0.098680973053
1371645456.5
0.100934028625
1371645456.6
0.100802898407
1371645456.7
0.0985350608826
1371645456.8
0.100749969482
1371645456.9
0.0995349884033
1371645457.0
0.101598978043
1371645457.33
0.33266711235
1371645457.34
0.00040602684021
1371645457.34
1.28746032715e-05
1371645457.4
0.0667910575867
1371645457.5
0.100657939911
1371645457.6
0.0992240905762
1371645457.7
0.0998170375824
1371645457.8
0.0995678901672
1371645457.9
0.100969076157
1371645458.0
0.100146055222
1371645458.1
0.0987739562988
1371645458.2
0.100565910339
1371645458.31
0.105180025101
1371645458.4
0.0946929454803
1371645458.5
0.100378990173
1371645458.6
0.100128173828
1371645458.7
0.101161003113
1371645458.8
0.098335981369
1371645458.9
0.101674795151
1371645459.0
0.0983691215515
1371645459.1
0.100316047668
1371645459.2
0.0992610454559
1371645459.3
0.101086854935
1371645459.4
0.0991489887238
1371645459.5
0.0998950004578
1371645459.6
0.101225137711
1371645459.7
0.0997078418732
1371645459.8
0.101361036301
1371645459.9
0.099319934845
1371645460.0
0.0991251468658
1371645460.1
0.101301908493
1371645460.2
0.0991280078888
1371645460.31
0.104377031326
1371645460.4
0.0961151123047
1371645460.5
0.100010871887
1371645460.6
0.100626945496
1371645460.7
0.0988199710846
1371645460.8
0.100917100906
1371645460.9
0.100254058838
1371645461.0
0.0991280078888
1371645461.1
0.10099697113
1371645461.2
0.0986459255219
1371645461.48
0.280283927917
1371645461.48
0.00205612182617
1371645461.5
0.0186810493469
1371645461.6
0.0994389057159
1371645461.7
0.0999979972839
1371645461.8
0.100115060806
1371645461.9
0.0997149944305
1371645462.0
0.100327014923
1371645462.1
0.100915908813
1371645462.2
0.100139141083
1371645462.3
0.0988819599152
1371645462.4
0.100558042526
1371645462.5
0.100123882294
1371645462.6
0.100425004959
1371645462.71
0.104229927063
1371645462.8
0.0960791110992
1371645462.9
0.0993189811707
1371645463.0
0.0993270874023
1371645463.1
0.101086854935
1371645463.2
0.0992290973663
1371645463.3
0.100290060043
1371645463.4
0.101203918457
1371645463.51
0.101923942566
1371645463.87
0.36474108696
1371645463.87
0.00365805625916
1371645463.87
1.19209289551e-05
1371645463.9
0.0294458866119
1371645464.0
0.0986390113831
1371645464.11
0.105182170868
1371645464.2
0.0950520038605
1371645464.3
0.0998749732971
1371645464.4
0.100790977478
1371645464.5
0.0989599227905
1371645464.6
0.100824117661
1371645464.7
0.100422859192
1371645464.8
0.10050702095
1371645464.9
0.0994670391083
1371645465.0
0.100733041763
1371645465.11
0.100303888321
1371645465.2
0.0990831851959
1371645465.3
0.100030899048
1371645465.41
0.101881027222
1371645465.5
0.0977969169617
1371645465.6
0.099848985672
1371645465.7
0.100298166275
1371645465.8
0.0996029376984
1371645465.9
0.100337982178
1371645466.0
0.0999488830566
1371645466.1
0.100466012955
1371645466.21
0.101988077164
1371645466.3
0.0983190536499
1371645466.4
0.0995228290558
1371645466.51
0.103407144547
1371645466.6
0.0971078872681
1371645466.7
0.0991461277008
1371645466.8
0.100990056992
1371645466.91
0.100720882416
1371645467.0
0.0986840724945
1371645467.11
0.101263046265
1371645467.2
0.0993568897247
1371645467.31
0.100734949112
1371645467.41
0.10005903244
1371645467.51
0.0993061065674
1371645467.61
0.103957891464
1371645467.71
0.0961229801178
1371645468.0
0.298727035522
1371645468.01
0.00143694877625
1371645468.01
0.00217604637146
1371645468.11
0.099445104599
1371645468.2
0.0978670120239
1371645468.31
0.100260972977
1371645468.41
0.100857019424
1371645468.51
0.0991878509521
1371645468.61
0.100231170654
1371645468.71
0.100487947464
1371645468.8
0.0991179943085
1371645468.91
0.100539922714
1371645469.0
0.099494934082
1371645469.11
0.102015018463
1371645469.21
0.0989770889282
1371645469.31
0.0995168685913
1371645469.41
0.100785017014
1371645469.51
0.0989990234375
1371645469.61
0.0999221801758
1371645469.71
0.101372003555
1371645469.81
0.100429773331
1371645469.91
0.099983215332
1371645470.21
0.301180839539
1371645470.21
0.000504970550537
1371645470.21
1.4066696167e-05
1371645470.31
0.0976610183716
1371645470.41
0.100230932236
1371645470.51
0.100108146667
1371645470.61
0.0994968414307
1371645470.71
0.099995136261
1371645470.81
0.100183963776
1371645470.91
0.0998589992523
1371645471.01
0.100195884705
1371645471.11
0.0998020172119
1371645471.21
0.100176095963
1371645471.31
0.0995268821716
1371645471.41
0.100149154663
1371645471.51
0.100868940353
1371645471.61
0.0996251106262
1371645471.71
0.0994629859924
1371645471.81
0.100516796112
1371645471.91
0.0997471809387
1371645472.01
0.0995759963989
1371645472.11
0.101737976074
1371645472.21
0.0993778705597
1371645472.31
0.0997869968414
1371645472.41
0.100401163101
1371645472.51
0.100852012634
1371645472.61
0.0992159843445
1371645472.71
0.100651025772
1371645472.81
0.0991740226746
1371645472.91
0.102886915207
1371645473.01
0.0974309444427
1371645473.11
0.100186109543
1371645473.21
0.100405931473
1371645473.31
0.0994780063629
1371645473.41
0.100020885468
1371645473.51
0.0998702049255
1371645473.61
0.100238800049
1371645473.71
0.1006731987
1371645473.81
0.0989828109741
1371645473.91
0.0997421741486
1371645474.01
0.100785970688
1371645474.11
0.100838899612
1371645474.4
0.293040037155
1371645474.4
1.59740447998e-05
1371645474.41
0.00539302825928
1371645474.51
0.102448940277
1371645474.61
0.0986371040344
1371645474.71
0.1005859375
1371645474.81
0.0989229679108
1371645474.91
0.100459098816
1371645475.01
0.100574016571
1371645475.11
0.100060939789
1371645475.21
0.099828004837
1371645475.31
0.100101947784
1371645475.41
0.101010084152
1371645475.51
0.0997278690338
1371645475.61
0.0992090702057
1371645475.71
0.102862119675
1371645475.81
0.0970678329468
1371645475.91
0.100015163422
1371645476.01
0.10028886795
1371645476.11
0.100369930267
1371645476.49
0.38506102562
1371645476.49
0.000349044799805
1371645476.49
1.50203704834e-05
1371645476.52
0.0237231254578
1371645476.61
0.0898578166962
1371645476.71
0.0994460582733
1371645476.81
0.100135087967
1371645476.91
0.100656032562
1371645477.01
0.100068807602
1371645477.11
0.100831031799
1371645477.21
0.100028038025
1371645477.31
0.101393938065
1371645477.41
0.0984861850739
1371645477.51
0.100042819977
1371645477.61
0.0999431610107
1371645477.71
0.0997087955475
1371645477.81
0.100875139236
1371645477.91
0.100082874298
1371645478.01
0.0993750095367
1371645478.11
0.100064992905
1371645478.21
0.100186109543
1371645478.31
0.0993580818176
1371645478.41
0.100013971329
1371645478.51
0.100798845291
1371645478.61
0.099837064743
1371645478.71
0.100369930267
1371645478.81
0.0996031761169
1371645478.91
0.0994999408722
1371645479.01
0.100255966187
1371645479.11
0.100546121597
1371645479.21
0.101309776306
1371645479.31
0.0981841087341
1371645479.41
0.100066900253
1371645479.51
0.0995190143585
1371645479.61
0.101164102554
1371645479.71
0.100383043289
1371645479.81
0.100146055222
1371645479.91
0.100074768066
1371645480.01
0.100195169449
1371645480.11
0.099268913269
1371645480.21
0.100214004517
1371645480.31
0.0995121002197
1371645480.53
0.224006891251
1371645480.53
1.69277191162e-05
1371645480.61
0.0779922008514
1371645480.71
0.100442886353
1371645480.81
0.097944021225
1371645480.91
0.100549936295
1371645481.01
0.0994911193848
1371645481.11
0.0999228954315
1371645481.21
0.0999400615692
1371645481.31
0.101506948471
1371645481.41
0.099308013916
1371645481.51
0.0996360778809
1371645481.61
0.100045919418
1371645481.71
0.0999550819397
1371645481.81
0.0991680622101
1371645481.91
0.100604772568
1371645482.01
0.100831031799
1371645482.11
0.100208997726
1371645482.21
0.101094007492
1371645482.31
0.0984020233154
1371645482.41
0.100293159485
1371645482.52
0.104318857193
1371645482.86
0.341021060944
1371645482.86
0.00089693069458
1371645482.86
1.09672546387e-05
1371645483.05
0.195194005966
1371645483.05
0.000214099884033
1371645483.11
0.0594940185547
1371645483.21
0.0987079143524
1371645483.31
0.100723028183
1371645483.42
0.107485055923
1371645483.51
0.0924520492554
1371645483.61
0.100190877914
1371645483.71
0.0992269515991
1371645483.81
0.099867105484
1371645483.91
0.100488901138
1371645484.01
0.0996670722961
1371645484.11
0.100043058395
1371645484.21
0.100774049759
1371645484.31
0.0988118648529
1371645484.41
0.100568056107
1371645484.51
0.0997819900513
1371645484.61
0.101063013077
1371645484.71
0.100409984589
1371645484.81
0.100213050842
1371645484.91
0.09894490242
1371645485.01
0.100744009018
1371645485.11
0.100136995316
1371645485.22
0.103022098541
1371645485.31
0.0963950157166
1371645485.41
0.0997498035431
1371645485.51
0.100190162659
1371645485.61
0.0999429225922
1371645485.71
0.100744962692
1371645485.81
0.0991170406342
1371645485.91
0.100578069687
1371645486.01
0.0998170375824
1371645486.11
0.102725982666
1371645486.21
0.0970249176025
1371645486.31
0.100261926651
1371645486.41
0.0997719764709
1371645486.51
0.100147008896
1371645486.61
0.0999071598053
1371645486.71
0.100220918655
1371645487.03
0.315145015717
1371645487.04
0.00828504562378
1371645487.04
0.00031590461731
1371645487.11
0.0772709846497
1371645487.22
0.102555990219
1371645487.31
0.097097158432
1371645487.41
0.101101875305
1371645487.51
0.0991449356079
1371645487.61
0.0998401641846
1371645487.71
0.100200891495
1371645487.81
0.099524974823
1371645487.91
0.100342988968
1371645488.01
0.101203203201
1371645488.11
0.0988688468933
1371645488.21
0.0996389389038
1371645488.31
0.100349187851
1371645488.41
0.100855827332
1371645488.51
0.0991051197052
1371645488.61
0.10022187233
1371645488.71
0.0998511314392
1371645488.81
0.100522041321
1371645488.91
0.100172996521
1371645489.26
0.350287914276
1371645489.26
0.000473022460938
1371645489.26
1.50203704834e-05
1371645489.31
0.0491240024567
1371645489.41
0.100702047348
1371645489.52
0.103662967682
1371645489.61
0.0957360267639
1371645489.71
0.100167989731
1371645489.81
0.100029945374
1371645489.91
0.099879026413
1371645490.01
0.100261926651
1371645490.12
0.102188110352
1371645490.21
0.0978178977966
1371645490.31
0.100032091141
1371645490.41
0.0998928546906
1371645490.51
0.100136041641
1371645490.61
0.0997350215912
1371645490.72
0.101013898849
1371645490.81
0.0994081497192
1371645490.91
0.0998029708862
1371645491.01
0.0996339321136
1371645491.11
0.100037097931
1371645491.21
0.100120067596
1371645491.31
0.100499868393
1371645491.41
0.0995900630951
1371645491.51
0.100126981735
1371645491.61
0.0998079776764
1371645491.71
0.100599050522
1371645491.81
0.0991158485413
1371645491.92
0.101409196854
1371645492.01
0.09929895401
1371645492.12
0.101074934006
1371645492.22
0.100300073624
1371645492.32
0.0993800163269
1371645492.42
0.0998558998108
1371645492.52
0.10045003891
1371645492.62
0.0996549129486
1371645492.72
0.0997741222382
1371645492.81
0.0999028682709
1371645492.92
0.10067820549
1371645493.02
0.100419998169
1371645493.12
0.0997009277344
1371645493.38
0.267152070999
1371645493.38
0.00146079063416
1371645493.41
0.0305650234222
1371645493.52
0.100247144699
1371645493.62
0.100165843964
1371645493.72
0.099956035614
1371645493.81
0.0996129512787
1371645493.92
0.100467205048
1371645494.02
0.099925994873
1371645494.12
0.10107088089
1371645494.22
0.0991580486298
1371645494.32
0.100430011749
1371645494.42
0.100466966629
1371645494.52
0.103245973587
1371645494.62
0.0964930057526
1371645494.72
0.0999760627747
1371645494.82
0.10138297081
1371645494.92
0.102638959885
1371645495.02
0.097275018692
1371645495.12
0.0987548828125
1371645495.22
0.101673126221
1371645495.32
0.0988259315491
1371645495.67
0.351534128189
1371645495.84
0.175204992294
1371645495.84
2.50339508057e-05
1371645495.85
0.00256991386414
1371645495.85
1.28746032715e-05
1371645495.92
0.0709111690521
1371645496.02
0.0998919010162
1371645496.12
0.100672960281
1371645496.22
0.0989141464233
1371645496.32
0.100301980972
1371645496.42
0.0997569561005
1371645496.52
0.0994620323181
1371645496.62
0.100298881531
1371645496.72
0.100713014603
1371645496.82
0.0989470481873
1371645496.92
0.100229024887
1371645497.02
0.101249933243
1371645497.12
0.105592012405
1371645497.22
0.0955300331116
1371645497.32
0.098582983017
1371645497.42
0.100345134735
1371645497.52
0.101259946823
1371645497.62
0.0985200405121
1371645497.72
0.101125001907
1371645497.82
0.100474834442
1371645497.92
0.0991201400757
1371645498.02
0.103667974472
1371645498.12
0.0982339382172
1371645498.22
0.0991201400757
1371645498.32
0.0984349250793
1371645498.42
0.100807905197
1371645498.52
0.10266494751
1371645498.62
0.0962522029877
1371645498.72
0.10063290596
1371645498.82
0.100392103195
1371645498.92
0.099506855011
1371645499.02
0.0995221138
1371645499.12
0.0997669696808
1371645499.22
0.0999820232391
1371645499.32
0.100666999817
1371645499.42
0.0999209880829
1371645499.52
0.101186037064
1371645499.78
0.260818004608
1371645499.78
4.48226928711e-05
1371645499.82
0.0395340919495
1371645499.92
0.098876953125
1371645500.02
0.100098133087
1371645500.12
0.100838899612
1371645500.22
0.0990009307861
1371645500.32
0.100545167923
1371645500.42
0.099946975708
1371645500.52
0.0999410152435
1371645500.62
0.101082801819
1371645500.72
0.100505113602
1371645500.82
0.0986709594727
1371645500.92
0.0997271537781
1371645501.02
0.100307941437
1371645501.12
0.103658914566
1371645501.53
0.404053926468
1371645501.53
0.00211310386658
1371645501.53
1.4066696167e-05
1371645501.62
0.0899229049683
1371645501.72
0.099748134613
1371645501.82
0.0999579429626
1371645501.92
0.101177930832
1371645502.02
0.100301027298
1371645502.12
0.0996921062469
1371645502.22
0.101851940155
1371645502.32
0.0979969501495
1371645502.42
0.10055398941
1371645502.52
0.100761890411
1371645502.62
0.0993990898132
1371645502.72
0.0994391441345
1371645502.82
0.0999958515167
1371645502.92
0.10064291954
1371645503.02
0.0995121002197
1371645503.12
0.100165128708
1371645503.22
0.0998499393463
1371645503.32
0.101166009903
1371645503.42
0.0983870029449
1371645503.52
0.100098848343
1371645503.62
0.0998711585999
1371645503.72
0.101253032684
1371645503.82
0.0996239185333
1371645503.92
0.0998680591583
1371645504.02
0.100462913513
1371645504.12
0.0992031097412
1371645504.22
0.0998568534851
1371645504.32
0.100181102753
1371645504.42
0.0997579097748
1371645504.52
0.101516962051
1371645504.62
0.099867105484
1371645504.73
0.110143899918
1371645504.82
0.0891780853271
1371645505.02
0.200947999954
1371645505.12
0.0992848873138
1371645505.22
0.103644132614
1371645505.32
0.0970690250397
1371645505.42
0.100167989731
1371645505.52
0.0997719764709
1371645505.73
0.205638885498
1371645505.73
5.60283660889e-05
1371645505.82
0.0943260192871
1371645505.92
0.100172996521
1371645506.02
0.0999829769135
1371645506.12
0.099112033844
1371645506.22
0.101174116135
1371645506.32
0.0996079444885
1371645506.42
0.0998458862305
1371645506.52
0.10070514679
1371645506.62
0.0995960235596
1371645506.72
0.0989987850189
1371645506.82
0.10378909111
1371645506.92
0.0980250835419
1371645507.02
0.0995168685913
1371645507.12
0.10133099556
1371645507.22
0.0990161895752
1371645507.33
0.111019849777
1371645507.42
0.0902111530304
1371645507.52
0.0993368625641
1371645507.86
0.335988998413
1371645507.86
0.000931024551392
1371645507.86
1.50203704834e-05
1371645507.92
0.0620129108429
1371645508.02
0.100749969482
1371645508.12
0.0992290973663
1371645508.22
0.0999519824982
1371645508.32
0.100354909897
1371645508.42
0.0995881557465
1371645508.52
0.101395845413
1371645508.62
0.0989491939545
1371645508.72
0.0999438762665
1371645508.82
0.0998930931091
1371645508.92
0.0998659133911
1371645509.02
0.100144147873
1371645509.12
0.10027885437
1371645509.23
0.104038000107
1371645509.32
0.0965321063995
1371645509.42
0.100633859634
1371645509.52
0.100713968277
1371645509.62
0.0985131263733
1371645509.72
0.100110054016
1371645509.82
0.0999689102173
1371645509.92
0.100964069366
1371645510.02
0.0997169017792
1371645510.12
0.100239038467
1371645510.22
0.0989780426025
1371645510.32
0.10065984726
1371645510.42
0.100094079971
1371645510.52
0.100217103958
1371645510.62
0.099828004837
1371645510.72
0.0999608039856
1371645510.82
0.0991702079773
1371645510.92
0.100246906281
1371645511.03
0.104304075241
1371645511.12
0.0962278842926
1371645511.22
0.100172996521
1371645511.32
0.0996129512787
1371645511.42
0.10026216507
1371645511.52
0.100131988525
1371645511.62
0.0995659828186
1371645511.72
0.100601911545
1371645511.82
0.0998160839081
1371645511.92
0.100264072418
1371645512.02
0.0998539924622
1371645512.12
0.100612878799
1371645512.22
0.0994169712067
1371645512.32
0.100765943527
1371645512.43
0.102280139923
1371645512.52
0.0976748466492
1371645512.62
0.100275039673
1371645512.72
0.100455999374
1371645512.82
0.0988690853119
1371645512.92
0.0999391078949
1371645513.02
0.100040912628
s=237.793808937
i=2371
Avg=0.1003
