1371645276.61
1371645282.89
6.28385090828
1371645288.63
5.73974919319
1371645295.0
6.3674519062
1371645301.42
6.41837906837
1371645307.23
5.81377291679
1371645312.4
5.17119503021
1371645318.66
6.25886106491
1371645325.06
6.39964485168
1371645331.51
6.45015406609
1371645337.74
6.22678804398
1371645344.15
6.40695786476
1371645350.13
5.98661708832
1371645356.52
6.39079809189
1371645362.96
6.43786287308
1371645369.36
6.40145301819
1371645375.74
6.37882709503
1371645382.14
6.39505290985
1371645394.07
11.937789917
1371645399.22
5.14388799667
1371645405.62
6.39869117737
1371645411.98
6.36730003357
1371645418.39
6.404296875
1371645424.8
6.41587400436
1371645431.18
6.37386012077
1371645443.57
12.3928718567
1371645449.92
6.34548592567
1371645456.34
6.42787122726
1371645462.81
6.46747589111
1371645469.18
6.37152290344
1371645475.43
6.24241399765
1371645481.82
6.39079904556
1371645488.24
6.41969203949
1371645494.62
6.38719105721
1371645500.46
5.83598399162
1371645506.84
6.38001298904
s=230.23043704
i=37
Avg=6.2224
