1371645275.23
1371645275.33
0.0976769924164
1371645275.76
0.432317972183
1371645275.76
0.0030460357666
1371645275.76
1.09672546387e-05
1371645275.76
8.10623168945e-06
1371645275.93
0.167455911636
1371645276.03
0.0986270904541
1371645276.13
0.0998129844666
1371645276.23
0.100536823273
1371645276.43
0.19930100441
1371645276.53
0.0999381542206
1371645276.63
0.100539922714
1371645276.73
0.0997679233551
1371645276.83
0.100297212601
1371645276.93
0.100592851639
1371645277.03
0.101840019226
1371645277.13
0.0974929332733
1371645277.25
0.117865085602
1371645277.57
0.323529958725
1371645277.57
0.000610113143921
1371645277.57
1.59740447998e-05
1371645277.63
0.0579659938812
1371645277.73
0.099720954895
1371645277.83
0.100522041321
1371645277.93
0.100251913071
1371645278.03
0.100321054459
1371645278.13
0.10102891922
1371645278.23
0.0996861457825
1371645278.33
0.0994119644165
1371645278.43
0.0999069213867
1371645278.53
0.099622964859
1371645278.63
0.100852012634
1371645278.73
0.100476026535
1371645278.83
0.0987150669098
1371645278.93
0.103822946548
1371645279.03
0.0972819328308
1371645279.13
0.103867053986
1371645279.23
0.0948331356049
1371645279.33
0.100389957428
1371645279.43
0.0996608734131
1371645279.53
0.0999691486359
1371645279.63
0.103569984436
1371645279.73
0.099457025528
1371645279.83
0.0976350307465
1371645279.93
0.0997109413147
1371645280.03
0.0998158454895
1371645280.13
0.0995709896088
1371645280.23
0.100176095963
1371645280.33
0.100754022598
1371645280.43
0.099417924881
1371645280.53
0.100895166397
1371645280.63
0.099818944931
1371645280.73
0.10046005249
1371645280.83
0.0998690128326
1371645280.93
0.100473880768
1371645281.03
0.0994091033936
1371645281.13
0.100219011307
1371645281.23
0.100332975388
1371645281.33
0.0994119644165
1371645281.43
0.0998840332031
1371645281.53
0.100704908371
1371645281.78
0.248364925385
1371645281.78
0.0020911693573
1371645281.83
0.0494740009308
1371645281.93
0.102209806442
1371645282.03
0.0973780155182
1371645282.13
0.100653171539
1371645282.23
0.0995049476624
1371645282.33
0.0999479293823
1371645282.43
0.100464105606
1371645282.53
0.0994129180908
1371645282.63
0.100204944611
1371645282.73
0.100533008575
1371645282.83
0.10030412674
1371645282.93
0.103736877441
1371645283.03
0.0971620082855
1371645283.13
0.100389957428
1371645283.23
0.100294113159
1371645283.33
0.0989189147949
1371645283.43
0.101565122604
1371645283.53
0.0989229679108
1371645283.63
0.100136995316
1371645283.9
0.272265911102
1371645283.91
0.0010871887207
1371645283.93
0.0269148349762
1371645284.03
0.0994830131531
1371645284.13
0.100003004074
1371645284.23
0.0989890098572
1371645284.33
0.104005098343
1371645284.43
0.0958859920502
1371645284.53
0.1005859375
1371645284.63
0.0995819568634
1371645284.73
0.101508140564
1371645284.83
0.0986478328705
1371645284.93
0.10014295578
1371645285.03
0.100131034851
1371645285.13
0.0997250080109
1371645285.24
0.107114076614
1371645285.33
0.0937209129333
1371645285.43
0.100495100021
1371645285.53
0.0998179912567
1371645285.63
0.0994210243225
1371645285.73
0.10089802742
1371645285.83
0.0997169017792
1371645285.93
0.0996251106262
1371645286.03
0.102298974991
1371645286.13
0.0978589057922
1371645286.23
0.100027084351
1371645286.33
0.100695848465
1371645286.43
0.0995001792908
1371645286.53
0.100224018097
1371645286.63
0.102433919907
1371645286.73
0.0969409942627
1371645286.83
0.10055398941
1371645286.93
0.10011100769
1371645287.03
0.0998480319977
1371645287.13
0.10170006752
1371645287.23
0.097620010376
1371645287.33
0.100411891937
1371645287.43
0.100029945374
1371645287.53
0.100631952286
1371645287.63
0.102120161057
1371645287.73
0.0989248752594
1371645287.98
0.247632980347
1371645287.98
1.50203704834e-05
1371645288.03
0.0517330169678
1371645288.13
0.0999491214752
1371645288.23
0.100088834763
1371645288.33
0.100023031235
1371645288.43
0.0996789932251
1371645288.53
0.0997960567474
1371645288.63
0.101006031036
1371645288.73
0.099848985672
1371645288.83
0.0995080471039
1371645288.93
0.10044503212
1371645289.03
0.101097822189
1371645289.13
0.0991010665894
1371645289.24
0.102399110794
1371645289.33
0.0972929000854
1371645289.6
0.26900601387
1371645289.6
5.88893890381e-05
1371645289.63
0.0302600860596
1371645289.73
0.101489067078
1371645289.83
0.0999629497528
1371645289.93
0.0988709926605
1371645290.03
0.100747108459
1371645290.13
0.0999219417572
1371645290.23
0.0990970134735
1371645290.33
0.100312948227
1371645290.43
0.1013879776
1371645290.53
0.0999441146851
1371645290.64
0.100936889648
1371645290.74
0.0996401309967
1371645290.83
0.0991787910461
1371645290.93
0.0999121665955
1371645291.03
0.100205898285
1371645291.13
0.099848985672
1371645291.24
0.10268497467
1371645291.33
0.097323179245
1371645291.43
0.0998558998108
1371645291.53
0.0999300479889
1371645291.63
0.100429058075
1371645291.73
0.0995337963104
1371645291.83
0.0999891757965
1371645291.94
0.110208034515
1371645292.03
0.0899248123169
1371645292.13
0.0995421409607
1371645292.23
0.100785017014
1371645292.33
0.0994238853455
1371645292.43
0.100368976593
1371645292.53
0.100244998932
1371645292.63
0.0996260643005
1371645292.73
0.0996949672699
1371645292.83
0.10076713562
1371645292.93
0.0992879867554
1371645293.04
0.101836919785
1371645293.14
0.0996479988098
1371645293.23
0.0995140075684
1371645293.34
0.100519895554
1371645293.43
0.0995860099792
1371645293.53
0.0996849536896
1371645293.78
0.246953010559
1371645293.78
4.00543212891e-05
1371645293.84
0.0611500740051
1371645293.94
0.0926139354706
1371645294.04
0.100131034851
1371645294.14
0.100543022156
1371645294.24
0.0993249416351
1371645294.33
0.099503993988
1371645294.44
0.100109100342
1371645294.54
0.10014295578
1371645294.64
0.100569009781
1371645294.74
0.0997359752655
1371645294.84
0.100068092346
1371645294.93
0.0992639064789
1371645295.04
0.100265026093
1371645295.14
0.101495981216
1371645295.24
0.0992329120636
1371645295.34
0.0996131896973
1371645295.44
0.101884841919
1371645295.54
0.0999269485474
1371645295.64
0.100041151047
1371645295.91
0.275462865829
1371645295.91
0.00100708007812
1371645295.94
0.02419090271
1371645296.04
0.0988221168518
1371645296.14
0.0996510982513
1371645296.24
0.10018992424
1371645296.34
0.0997488498688
1371645296.44
0.100592136383
1371645296.54
0.0991699695587
1371645296.64
0.100100040436
1371645296.74
0.100008964539
1371645296.84
0.0993690490723
1371645296.94
0.100389003754
1371645297.04
0.102601051331
1371645297.14
0.0978858470917
1371645297.24
0.099799156189
1371645297.34
0.100886821747
1371645297.44
0.09912109375
1371645297.54
0.100441932678
1371645297.64
0.10088801384
1371645297.74
0.0990269184113
1371645297.84
0.101457118988
1371645297.94
0.0988519191742
1371645298.04
0.100743055344
1371645298.14
0.10010099411
1371645298.24
0.0993909835815
1371645298.34
0.100321054459
1371645298.44
0.0996699333191
1371645298.54
0.1003241539
1371645298.64
0.101053953171
1371645298.74
0.098867893219
1371645298.84
0.100173950195
1371645298.94
0.100259065628
1371645299.04
0.0995571613312
1371645299.14
0.10026884079
1371645299.24
0.0998101234436
1371645299.34
0.0993058681488
1371645299.44
0.102674007416
1371645299.54
0.0979990959167
1371645299.64
0.101423978806
1371645299.74
0.0983638763428
1371645299.84
0.100067138672
1371645300.1
0.264605045319
1371645300.1
0.000310897827148
1371645300.14
0.0353970527649
1371645300.24
0.0994720458984
1371645300.34
0.0997648239136
1371645300.44
0.106090068817
1371645300.54
0.0958080291748
1371645300.64
0.0994811058044
1371645300.74
0.100088834763
1371645300.84
0.0994169712067
1371645300.94
0.100567102432
1371645301.04
0.100157022476
1371645301.14
0.100613832474
1371645301.24
0.0991740226746
1371645301.34
0.0999841690063
1371645301.44
0.100620985031
1371645301.54
0.0994548797607
1371645301.64
0.100090026855
1371645301.74
0.099888086319
1371645301.84
0.100235939026
1371645301.94
0.102483034134
1371645302.04
0.0991098880768
1371645302.32
0.281311988831
1371645302.32
0.00163221359253
1371645302.34
0.0212049484253
1371645302.44
0.0945599079132
1371645302.54
0.0995259284973
1371645302.64
0.101181030273
1371645302.74
0.098286151886
1371645302.84
0.101396799088
1371645302.94
0.100092172623
1371645303.04
0.100149869919
1371645303.14
0.099552154541
1371645303.24
0.0999009609222
1371645303.34
0.10004901886
1371645303.44
0.100057840347
1371645303.54
0.100212097168
1371645303.64
0.100033998489
1371645303.74
0.0996179580688
1371645303.84
0.100552082062
1371645303.94
0.0998110771179
1371645304.04
0.099940776825
1371645304.14
0.0995972156525
1371645304.24
0.100274801254
1371645304.34
0.0996820926666
1371645304.44
0.102952957153
1371645304.54
0.0992341041565
1371645304.64
0.0979709625244
1371645304.74
0.100811958313
1371645304.84
0.100065946579
1371645304.94
0.0992550849915
1371645305.04
0.0998508930206
1371645305.14
0.100619077682
1371645305.24
0.10166311264
1371645305.34
0.0997350215912
1371645305.44
0.101102828979
1371645305.54
0.0982270240784
1371645305.64
0.100040912628
1371645305.74
0.100174188614
1371645305.84
0.100145816803
1371645305.94
0.100776195526
1371645306.04
0.0987010002136
1371645306.14
0.10050201416
1371645306.24
0.0991778373718
1371645306.34
0.100605964661
1371645306.6
0.264500141144
1371645306.61
0.00308585166931
1371645306.64
0.0318050384521
1371645306.74
0.100800991058
1371645306.84
0.101238012314
1371645306.94
0.0980870723724
1371645307.04
0.100476980209
1371645307.14
0.100058078766
1371645307.24
0.0998909473419
1371645307.34
0.0999040603638
1371645307.44
0.0998330116272
1371645307.54
0.100214958191
1371645307.64
0.100887060165
1371645307.74
0.0990858078003
1371645307.87
0.125035047531
1371645308.17
0.301944971085
1371645308.17
0.00279903411865
1371645308.17
1.31130218506e-05
1371645308.25
0.0755679607391
1371645308.34
0.0951309204102
1371645308.44
0.100785970688
1371645308.54
0.100104093552
1371645308.64
0.0996499061584
1371645308.74
0.101387023926
1371645308.84
0.0987610816956
1371645308.94
0.100110054016
1371645309.04
0.100399017334
1371645309.14
0.099996805191
1371645309.24
0.0992720127106
1371645309.34
0.100281000137
1371645309.44
0.0996551513672
1371645309.54
0.1019718647
1371645309.64
0.0978310108185
1371645309.74
0.100613117218
1371645309.84
0.100091934204
1371645309.94
0.0998630523682
1371645310.04
0.101430892944
1371645310.14
0.0978679656982
1371645310.24
0.100431203842
1371645310.34
0.101263999939
1371645310.44
0.100297927856
1371645310.54
0.0994589328766
1371645310.64
0.100378990173
1371645310.74
0.100963115692
1371645310.85
0.102376937866
1371645310.94
0.0960040092468
1371645311.04
0.100250959396
1371645311.14
0.10114812851
1371645311.24
0.0987648963928
1371645311.34
0.100188016891
1371645311.44
0.102355957031
1371645311.54
0.0977749824524
1371645311.64
0.0997769832611
1371645311.74
0.0996880531311
1371645311.84
0.100006103516
1371645311.94
0.101214885712
1371645312.04
0.0993890762329
1371645312.14
0.0999870300293
1371645312.41
0.26499080658
1371645312.41
1.31130218506e-05
1371645312.44
0.0351030826569
1371645312.54
0.100030899048
1371645312.64
0.0993900299072
1371645312.74
0.10178899765
1371645312.84
0.100350856781
1371645312.94
0.0996141433716
1371645313.04
0.100023031235
1371645313.3
0.254156827927
1371645313.3
0.00229120254517
1371645313.34
0.0433669090271
1371645313.44
0.0999069213867
1371645313.54
0.0997860431671
1371645313.64
0.0997159481049
1371645313.74
0.0997891426086
1371645313.84
0.100626945496
1371645313.94
0.100461959839
1371645314.04
0.100281953812
1371645314.14
0.0997371673584
1371645314.24
0.0999929904938
1371645314.34
0.0990359783173
1371645314.44
0.100193977356
1371645314.54
0.100122928619
1371645314.64
0.100388050079
1371645314.74
0.100755929947
1371645314.84
0.0984489917755
1371645314.94
0.10010099411
1371645315.04
0.100414037704
1371645315.14
0.0993671417236
1371645315.24
0.100974798203
1371645315.34
0.100661993027
1371645315.45
0.100865125656
1371645315.54
0.0990068912506
1371645315.64
0.1003510952
1371645315.74
0.0999600887299
1371645315.84
0.100044965744
1371645315.95
0.102139949799
1371645316.15
0.199477910995
1371645316.24
0.098414182663
1371645316.34
0.0992238521576
1371645316.44
0.100468158722
1371645316.54
0.0997638702393
1371645316.65
0.101404905319
1371645316.74
0.0985271930695
1371645316.84
0.100775957108
1371645316.94
0.100131988525
1371645317.04
0.0994799137115
1371645317.14
0.09947514534
1371645317.41
0.263930797577
1371645317.41
0.00296211242676
1371645317.44
0.0333840847015
1371645317.54
0.100021839142
1371645317.64
0.100805044174
1371645317.75
0.100944042206
1371645317.84
0.0990109443665
1371645317.95
0.102513074875
1371645318.05
0.0979950428009
1371645318.15
0.100333929062
1371645318.25
0.101839065552
1371645318.35
0.0975608825684
1371645318.45
0.102463006973
1371645318.55
0.0979781150818
1371645318.65
0.0993778705597
1371645318.75
0.100368022919
1371645318.85
0.100433111191
1371645318.95
0.10027885437
1371645319.05
0.0993621349335
1371645319.15
0.100301980972
1371645319.26
0.109987020493
1371645319.55
0.296042919159
1371645319.55
8.01086425781e-05
1371645319.55
1.19209289551e-05
1371645319.66
0.103566884995
1371645319.75
0.0911340713501
1371645319.85
0.0986239910126
1371645319.95
0.100109100342
1371645320.05
0.0999069213867
1371645320.15
0.101974964142
1371645320.25
0.101609945297
1371645320.35
0.0978450775146
1371645320.45
0.099417924881
1371645320.55
0.0998291969299
1371645320.65
0.100895881653
1371645320.75
0.0999341011047
1371645320.85
0.0994298458099
1371645320.95
0.100048065186
1371645321.05
0.0999710559845
1371645321.15
0.0998530387878
1371645321.25
0.0999758243561
1371645321.35
0.0997960567474
1371645321.45
0.100733041763
1371645321.55
0.100110054016
1371645321.65
0.099319934845
1371645321.75
0.100424051285
1371645321.85
0.100057840347
1371645321.95
0.0993070602417
1371645322.05
0.100600004196
1371645322.15
0.101184129715
1371645322.25
0.0990450382233
1371645322.35
0.0996069908142
1371645322.45
0.0999839305878
1371645322.55
0.100635051727
1371645322.65
0.100180864334
1371645322.75
0.0999729633331
1371645322.85
0.101035118103
1371645322.95
0.0993840694427
1371645323.05
0.100479841232
1371645323.15
0.0988321304321
1371645323.25
0.10077381134
1371645323.35
0.100293159485
1371645323.45
0.0997920036316
1371645323.55
0.099643945694
1371645323.82
0.269530057907
1371645323.82
0.0026478767395
1371645323.85
0.0279350280762
1371645323.95
0.101319074631
1371645324.05
0.0985419750214
1371645324.15
0.0997469425201
1371645324.25
0.100991010666
1371645324.35
0.102272987366
1371645324.45
0.0992741584778
1371645324.55
0.0982739925385
1371645324.65
0.0999329090118
1371645324.75
0.0995609760284
1371645324.85
0.100867986679
1371645324.95
0.0993490219116
1371645325.05
0.100106954575
1371645325.15
0.0996150970459
1371645325.25
0.101487874985
1371645325.35
0.0998830795288
1371645325.45
0.0997729301453
1371645325.55
0.101973056793
1371645325.65
0.0984330177307
1371645325.75
0.0997979640961
1371645326.03
0.284132957458
1371645326.03
0.00111508369446
1371645326.05
0.0146598815918
1371645326.15
0.0999190807343
1371645326.26
0.10810303688
1371645326.35
0.0917310714722
1371645326.45
0.10054898262
1371645326.55
0.0998709201813
1371645326.65
0.0994799137115
1371645326.75
0.0999341011047
1371645326.85
0.0998849868774
1371645326.95
0.100443124771
1371645327.05
0.100742816925
1371645327.15
0.0986771583557
1371645327.25
0.100039958954
1371645327.35
0.100264072418
1371645327.45
0.0999658107758
1371645327.55
0.0998401641846
1371645327.65
0.100104808807
1371645327.75
0.100818157196
1371645327.85
0.10063290596
1371645327.95
0.0999960899353
1371645328.05
0.103751897812
1371645328.15
0.096244096756
1371645328.25
0.0999898910522
1371645328.35
0.0996680259705
1371645328.45
0.100192070007
1371645328.55
0.100045919418
1371645328.65
0.100299119949
1371645328.75
0.0994789600372
1371645328.85
0.0997018814087
1371645328.95
0.100748062134
1371645329.05
0.101331949234
1371645329.16
0.10456609726
1371645329.26
0.100950956345
1371645329.35
0.0936880111694
1371645329.45
0.0994470119476
1371645329.55
0.100812911987
1371645329.65
0.0986571311951
1371645329.75
0.100596904755
1371645329.85
0.099995136261
1371645329.95
0.100274801254
1371645330.22
0.274887084961
1371645330.22
7.10487365723e-05
1371645330.25
0.0264179706573
1371645330.35
0.0986490249634
1371645330.45
0.100224018097
1371645330.55
0.100471019745
1371645330.65
0.0993030071259
1371645330.75
0.100755929947
1371645330.85
0.0999720096588
1371645330.95
0.100066900253
1371645331.05
0.100169181824
1371645331.15
0.0993039608002
1371645331.25
0.100064992905
1371645331.35
0.100250005722
1371645331.45
0.09974193573
1371645331.55
0.10001707077
1371645331.65
0.100126981735
1371645331.75
0.0998089313507
1371645331.85
0.100008010864
1371645331.95
0.100052118301
1371645332.05
0.10008597374
1371645332.15
0.100561857224
1371645332.25
0.099879026413
1371645332.51
0.25705909729
1371645332.51
0.00159597396851
1371645332.55
0.0452089309692
1371645332.65
0.0966420173645
1371645332.75
0.0999410152435
1371645332.85
0.0995109081268
1371645332.95
0.100442171097
1371645333.06
0.109251976013
1371645333.15
0.0910859107971
1371645333.25
0.100075960159
1371645333.35
0.100646018982
1371645333.45
0.0996351242065
1371645333.55
0.0998430252075
1371645333.65
0.0994439125061
1371645333.75
0.100008010864
1371645333.85
0.100275993347
1371645333.95
0.100552082062
1371645334.05
0.0995190143585
1371645334.15
0.100022792816
1371645334.25
0.0992832183838
1371645334.35
0.101297855377
1371645334.45
0.0995280742645
1371645334.55
0.0997638702393
1371645334.65
0.100599050522
1371645334.75
0.0998570919037
1371645334.85
0.0996749401093
1371645334.95
0.100369930267
1371645335.05
0.0997290611267
1371645335.16
0.104802131653
1371645335.25
0.0956218242645
1371645335.35
0.10049700737
1371645335.45
0.100533008575
1371645335.55
0.099328994751
1371645335.65
0.100938081741
1371645335.75
0.0999050140381
1371645335.85
0.0994999408722
1371645335.95
0.0992379188538
1371645336.05
0.100382089615
1371645336.15
0.100459098816
1371645336.25
0.0996448993683
1371645336.36
0.10328412056
1371645336.6
0.243091821671
1371645336.6
0.00242018699646
1371645336.65
0.0512568950653
1371645336.75
0.100193023682
1371645336.85
0.099221944809
1371645336.95
0.100615978241
1371645337.05
0.0993189811707
1371645337.15
0.100382089615
1371645337.25
0.100394964218
1371645337.35
0.0996549129486
1371645337.45
0.100105047226
1371645337.55
0.100800991058
1371645337.66
0.102157115936
1371645337.75
0.0978109836578
1371645337.86
0.102288961411
1371645337.95
0.0973401069641
1371645338.05
0.100799798965
1371645338.15
0.100800991058
1371645338.25
0.0993530750275
1371645338.35
0.100647926331
1371645338.67
0.314749002457
1371645338.67
0.000849008560181
1371645338.67
1.31130218506e-05
1371645338.75
0.0834040641785
1371645338.85
0.099869966507
1371645338.95
0.0996079444885
1371645339.05
0.0999040603638
1371645339.15
0.100247859955
1371645339.25
0.100079059601
1371645339.35
0.100505113602
1371645339.45
0.0997338294983
1371645339.55
0.0999140739441
1371645339.65
0.100061893463
1371645339.75
0.099986076355
1371645339.85
0.0996830463409
1371645339.96
0.102089881897
1371645340.06
0.100900173187
1371645340.15
0.0983648300171
1371645340.25
0.100052118301
1371645340.36
0.100915908813
1371645340.45
0.0985221862793
1371645340.55
0.10049200058
1371645340.65
0.0999689102173
1371645340.75
0.0994229316711
1371645340.85
0.100364923477
1371645340.96
0.102410078049
1371645341.05
0.0984790325165
1371645341.16
0.101886987686
1371645341.25
0.096981048584
1371645341.35
0.100203990936
1371645341.45
0.100522041321
1371645341.55
0.099408864975
1371645341.65
0.100167036057
1371645341.75
0.100295066833
1371645341.85
0.100436925888
1371645341.96
0.102123022079
1371645342.05
0.096853017807
1371645342.15
0.100167036057
1371645342.25
0.100031852722
1371645342.35
0.100496053696
1371645342.45
0.100233078003
1371645342.55
0.099907875061
1371645342.85
0.291296005249
1371645342.85
0.00348806381226
1371645342.86
0.00571894645691
1371645342.96
0.0999381542206
1371645343.06
0.0999898910522
1371645343.16
0.101634025574
1371645343.26
0.0985419750214
1371645343.36
0.100239992142
1371645343.45
0.0993840694427
1371645343.55
0.0998809337616
1371645343.66
0.100343942642
1371645343.76
0.099867105484
1371645343.86
0.10089302063
1371645343.96
0.09956407547
1371645344.06
0.10004901886
1371645344.16
0.1011698246
1371645344.26
0.0988590717316
1371645344.36
0.0999879837036
1371645344.46
0.099888086319
1371645344.56
0.0999429225922
1371645344.66
0.0997309684753
1371645344.77
0.111930131912
1371645345.07
0.307588815689
1371645345.08
0.0022280216217
1371645345.08
1.50203704834e-05
1371645345.16
0.0791809558868
1371645345.26
0.100363016129
1371645345.36
0.100234985352
1371645345.46
0.0995740890503
1371645345.56
0.100091934204
1371645345.66
0.100296974182
1371645345.76
0.0996141433716
1371645345.86
0.0999670028687
1371645345.96
0.100069046021
1371645346.06
0.100078821182
1371645346.16
0.099879026413
1371645346.26
0.100322008133
1371645346.36
0.0994720458984
1371645346.46
0.10143995285
1371645346.56
0.0991280078888
1371645346.66
0.100862026215
1371645346.76
0.0989620685577
1371645346.86
0.100677967072
1371645346.96
0.0996239185333
1371645347.06
0.100065946579
1371645347.16
0.103497028351
1371645347.26
0.100005149841
1371645347.36
0.0959010124207
1371645347.46
0.100203990936
1371645347.56
0.100389957428
1371645347.66
0.0992698669434
1371645347.76
0.101754188538
1371645347.86
0.0993709564209
1371645347.96
0.100015878677
1371645348.06
0.100326061249
1371645348.16
0.0998129844666
1371645348.26
0.100081920624
1371645348.36
0.0997381210327
1371645348.46
0.107316970825
1371645348.56
0.0939269065857
1371645348.66
0.0990350246429
1371645348.76
0.1000020504
1371645348.86
0.100320100784
1371645348.96
0.0999920368195
1371645349.06
0.0994169712067
1371645349.31
0.252646923065
1371645349.31
0.00179290771484
1371645349.36
0.0460920333862
1371645349.46
0.0999140739441
1371645349.56
0.0998239517212
1371645349.66
0.100646972656
1371645349.76
0.0989129543304
1371645349.86
0.100094079971
1371645349.96
0.103199005127
1371645350.06
0.0956859588623
1371645350.16
0.102138996124
1371645350.26
0.10170507431
1371645350.36
0.0988280773163
1371645350.46
0.100574970245
1371645350.56
0.0985870361328
1371645350.66
0.103256940842
1371645350.76
0.0972609519958
1371645351.04
0.277197122574
1371645351.04
5.69820404053e-05
1371645351.06
0.0228300094604
1371645351.16
0.099711894989
1371645351.26
0.100696086884
1371645351.36
0.0997798442841
1371645351.46
0.100188016891
1371645351.56
0.100172042847
1371645351.66
0.0992560386658
1371645351.76
0.100415945053
1371645351.86
0.100064992905
1371645351.96
0.0992441177368
1371645352.06
0.100723981857
1371645352.16
0.100489854813
1371645352.26
0.0985040664673
1371645352.36
0.100682973862
1371645352.46
0.0998010635376
1371645352.56
0.101350069046
1371645352.66
0.101541996002
1371645352.76
0.0976848602295
1371645352.86
0.100991010666
1371645352.96
0.0995669364929
1371645353.06
0.0997190475464
1371645353.16
0.100211143494
1371645353.26
0.100270986557
1371645353.36
0.10008597374
1371645353.46
0.0997309684753
1371645353.56
0.100169897079
1371645353.66
0.0996642112732
1371645353.76
0.100387811661
1371645353.86
0.099720954895
1371645353.96
0.100769042969
1371645354.06
0.0993740558624
1371645354.16
0.100110054016
1371645354.26
0.100235939026
1371645354.36
0.0993430614471
1371645354.46
0.100944042206
1371645354.56
0.0991339683533
1371645354.66
0.100610971451
1371645354.76
0.0995740890503
1371645354.86
0.0997719764709
1371645354.96
0.0998809337616
1371645355.06
0.100104093552
1371645355.3
0.243613958359
1371645355.3
1.69277191162e-05
1371645355.36
0.0584859848022
1371645355.46
0.0989260673523
1371645355.56
0.100066900253
1371645355.66
0.099869966507
1371645355.76
0.0998451709747
1371645355.86
0.102159023285
1371645355.96
0.0983219146729
1371645356.06
0.099958896637
1371645356.16
0.100316047668
1371645356.26
0.100074052811
1371645356.36
0.0996730327606
1371645356.46
0.0995559692383
1371645356.56
0.100224018097
1371645356.66
0.10005903244
1371645356.76
0.10139298439
1371645356.86
0.0987939834595
1371645356.96
0.100030899048
1371645357.06
0.102597951889
1371645357.16
0.0988411903381
1371645357.26
0.0988068580627
1371645357.36
0.100033998489
1371645357.64
0.278109073639
1371645357.64
0.000832080841064
1371645357.66
0.0214619636536
1371645357.76
0.100285053253
1371645357.86
0.10230588913
1371645357.96
0.097559928894
1371645358.06
0.101608037949
1371645358.16
0.0980989933014
1371645358.26
0.100765943527
1371645358.36
0.10009098053
1371645358.46
0.0993161201477
1371645358.57
0.10734295845
1371645358.66
0.0933449268341
1371645358.76
0.0993840694427
1371645358.86
0.100260972977
1371645358.96
0.099858045578
1371645359.06
0.100219964981
1371645359.16
0.0993411540985
1371645359.26
0.100314855576
1371645359.36
0.102120161057
1371645359.46
0.0978229045868
1371645359.56
0.0999519824982
1371645359.66
0.0994529724121
1371645359.76
0.100629091263
1371645359.86
0.0998468399048
1371645359.96
0.100242137909
1371645360.06
0.100796937943
1371645360.16
0.100079059601
1371645360.26
0.100446939468
1371645360.36
0.0991389751434
1371645360.47
0.104918956757
1371645360.56
0.0956621170044
1371645360.76
0.199820041656
1371645360.86
0.100286960602
1371645360.96
0.0999240875244
1371645361.06
0.100024938583
1371645361.16
0.0992999076843
1371645361.26
0.100829124451
1371645361.36
0.0998558998108
1371645361.46
0.0999610424042
1371645361.68
0.219611883163
1371645361.68
1.31130218506e-05
1371645361.76
0.0802688598633
1371645361.86
0.10039305687
1371645361.96
0.0998380184174
1371645362.06
0.100214004517
1371645362.16
0.0994369983673
1371645362.26
0.0996520519257
1371645362.36
0.100454092026
1371645362.46
0.100138902664
1371645362.56
0.100692033768
1371645362.66
0.100421905518
1371645362.76
0.101086139679
1371645362.86
0.0986249446869
1371645362.97
0.103507995605
1371645363.06
0.0963840484619
1371645363.16
0.100867986679
1371645363.26
0.0992460250854
1371645363.36
0.100337982178
1371645363.46
0.099967956543
1371645363.57
0.101954936981
1371645363.91
0.345993995667
1371645363.91
0.00153708457947
1371645363.91
1.28746032715e-05
1371645363.96
0.0502901077271
1371645364.06
0.0998048782349
1371645364.16
0.0997021198273
1371645364.26
0.100724935532
1371645364.36
0.0994119644165
1371645364.46
0.100432157516
1371645364.56
0.10021686554
1371645364.66
0.0998799800873
1371645364.76
0.100195169449
1371645364.86
0.0998599529266
1371645364.96
0.0994608402252
1371645365.06
0.101180076599
1371645365.16
0.100074052811
1371645365.27
0.101541996002
1371645365.36
0.0982999801636
1371645365.46
0.100660085678
1371645365.56
0.0994620323181
1371645365.66
0.0999298095703
1371645365.76
0.100208044052
1371645365.86
0.100104093552
1371645365.97
0.100844860077
1371645366.06
0.0997080802917
1371645366.17
0.100383996964
1371645366.26
0.099466085434
1371645366.36
0.099170923233
1371645366.47
0.100992918015
1371645366.56
0.0993721485138
1371645366.67
0.100757837296
1371645366.76
0.0994951725006
1371645366.86
0.0998709201813
1371645366.96
0.100397109985
1371645367.06
0.0988848209381
1371645367.16
0.100136995316
1371645367.26
0.100079059601
1371645367.37
0.106595993042
1371645367.46
0.0942559242249
1371645367.56
0.0990459918976
1371645367.66
0.101035118103
1371645367.77
0.100723981857
1371645367.86
0.0991530418396
1371645368.11
0.240232944489
1371645368.11
1.00135803223e-05
1371645368.17
0.0600569248199
1371645368.27
0.100147008896
1371645368.37
0.100672006607
1371645368.47
0.0995631217957
1371645368.57
0.100036859512
1371645368.67
0.100254058838
1371645368.77
0.099268913269
1371645368.87
0.100215196609
1371645368.97
0.100054979324
1371645369.06
0.0994009971619
1371645369.17
0.100458860397
1371645369.28
0.111163139343
1371645369.37
0.0889010429382
1371645369.47
0.100218772888
1371645369.57
0.0999720096588
1371645369.67
0.100347995758
1371645369.77
0.0993361473083
1371645369.87
0.100847959518
1371645369.97
0.101008892059
1371645370.31
0.34441614151
1371645370.31
0.000463962554932
1371645370.31
1.19209289551e-05
1371645370.37
0.0544431209564
1371645370.47
0.0994510650635
1371645370.57
0.100772857666
1371645370.67
0.0996251106262
1371645370.77
0.10023188591
1371645370.87
0.100686073303
1371645370.97
0.0992639064789
1371645371.07
0.099828004837
1371645371.17
0.099748134613
1371645371.27
0.101845979691
1371645371.37
0.0987279415131
1371645371.47
0.0997428894043
1371645371.57
0.100835084915
1371645371.67
0.100530147552
1371645371.77
0.0988428592682
1371645371.87
0.0997331142426
1371645371.97
0.101219892502
1371645372.07
0.0988800525665
1371645372.17
0.0997009277344
1371645372.27
0.101072072983
1371645372.37
0.0989639759064
1371645372.47
0.101063013077
1371645372.57
0.100380897522
1371645372.67
0.0999519824982
1371645372.77
0.101292133331
1371645372.87
0.0991868972778
1371645372.97
0.0997660160065
1371645373.07
0.0997531414032
1371645373.17
0.0999310016632
1371645373.27
0.100475788116
1371645373.37
0.0993621349335
1371645373.47
0.0998849868774
1371645373.57
0.100873947144
1371645373.67
0.0991539955139
1371645373.77
0.100581169128
1371645373.87
0.0999088287354
1371645373.97
0.100142002106
1371645374.07
0.0991611480713
1371645374.17
0.100384950638
1371645374.27
0.0998208522797
1371645374.51
0.241138219833
1371645374.51
1.59740447998e-05
1371645374.57
0.0596399307251
1371645374.67
0.0999209880829
1371645374.77
0.0999569892883
1371645374.87
0.101275920868
1371645374.97
0.0984101295471
1371645375.07
0.100129842758
1371645375.17
0.100570201874
1371645375.37
0.200651884079
1371645375.47
0.0999429225922
1371645375.57
0.0995781421661
1371645375.67
0.100628852844
1371645375.77
0.0994791984558
1371645375.87
0.0998668670654
1371645375.97
0.0996379852295
1371645376.07
0.100037097931
1371645376.17
0.10073184967
1371645376.27
0.100153207779
1371645376.38
0.112967967987
1371645376.71
0.32600903511
1371645376.71
0.00585794448853
1371645376.71
1.09672546387e-05
1371645376.77
0.0542879104614
1371645376.87
0.0999779701233
1371645376.97
0.100306034088
1371645377.07
0.100391149521
1371645377.17
0.0998558998108
1371645377.27
0.100105047226
1371645377.37
0.100035905838
1371645377.47
0.0999209880829
1371645377.57
0.101540088654
1371645377.67
0.0990350246429
1371645377.77
0.0996899604797
1371645377.87
0.100656986237
1371645377.97
0.102061033249
1371645378.07
0.0976920127869
1371645378.17
0.0998680591583
1371645378.27
0.101229906082
1371645378.37
0.0987770557404
1371645378.47
0.100379943848
1371645378.57
0.0996780395508
1371645378.67
0.100158929825
1371645378.77
0.0995831489563
1371645378.87
0.101326942444
1371645378.97
0.0988738536835
1371645379.07
0.0999619960785
1371645379.17
0.100259065628
1371645379.27
0.100037097931
1371645379.37
0.100052833557
1371645379.47
0.0996530056
1371645379.57
0.100159168243
1371645379.67
0.0995860099792
1371645379.77
0.101084947586
1371645379.87
0.09894490242
1371645379.97
0.102058172226
1371645380.07
0.0996568202972
1371645380.18
0.105650186539
1371645380.27
0.0940268039703
1371645380.37
0.10000705719
1371645380.47
0.0994811058044
1371645380.57
0.100710868835
1371645380.67
0.0996329784393
1371645380.91
0.241166114807
1371645380.91
0.00224804878235
1371645380.98
0.0656018257141
1371645381.07
0.0927500724792
1371645381.17
0.0983979701996
1371645381.27
0.100714921951
1371645381.37
0.0992360115051
1371645381.47
0.1008040905
1371645381.57
0.099632024765
1371645381.67
0.0995819568634
1371645381.87
0.200330972672
1371645381.97
0.0992920398712
1371645382.07
0.0999939441681
1371645382.17
0.100588083267
1371645382.27
0.099622964859
1371645382.37
0.100544929504
1371645382.47
0.0995221138
1371645382.57
0.101276874542
1371645382.67
0.100155115128
1371645382.8
0.125746965408
1371645382.87
0.0748670101166
1371645383.22
0.343986988068
1371645383.22
0.000720977783203
1371645383.22
1.09672546387e-05
1371645383.27
0.0542709827423
1371645383.37
0.0998301506042
1371645383.47
0.100116968155
1371645383.57
0.100735902786
1371645383.67
0.100121021271
1371645383.77
0.0990130901337
1371645383.87
0.100101947784
1371645383.97
0.100520133972
1371645384.07
0.0997779369354
1371645384.17
0.099513053894
1371645384.27
0.102523803711
1371645384.37
0.0979080200195
1371645384.47
0.0998961925507
1371645384.57
0.100053787231
1371645384.67
0.100414991379
1371645384.77
0.0995690822601
1371645384.87
0.100893974304
1371645384.98
0.106521129608
1371645385.07
0.0947699546814
1371645385.17
0.0988850593567
1371645385.27
0.100051879883
1371645385.37
0.0996720790863
1371645385.47
0.0999619960785
1371645385.57
0.100208044052
1371645385.67
0.100198984146
1371645385.77
0.0996768474579
1371645385.87
0.099888086319
1371645385.97
0.100291967392
1371645386.07
0.10004901886
1371645386.17
0.100353956223
1371645386.27
0.0993649959564
1371645386.37
0.10039305687
1371645386.47
0.0999460220337
1371645386.57
0.0999319553375
1371645386.67
0.0995829105377
1371645386.77
0.1007771492
1371645386.88
0.108300924301
1371645386.97
0.0911340713501
1371645387.07
0.100419044495
1371645387.29
0.220567941666
1371645387.3
0.00267696380615
1371645387.37
0.0780420303345
1371645387.47
0.0997259616852
1371645387.57
0.0998060703278
1371645387.68
0.106989860535
1371645387.77
0.0935001373291
1371645387.87
0.0992088317871
1371645387.97
0.100765228271
1371645388.07
0.0993747711182
1371645388.17
0.0995271205902
1371645388.28
0.102588891983
1371645388.37
0.0974571704865
1371645388.47
0.100646972656
1371645388.57
0.0996990203857
1371645388.67
0.100088834763
1371645388.77
0.100033044815
1371645388.87
0.100233078003
1371645388.97
0.0997450351715
1371645389.07
0.100687980652
1371645389.21
0.134024858475
1371645389.27
0.0653831958771
1371645389.6
0.323247909546
1371645389.6
0.00408697128296
1371645389.6
1.09672546387e-05
1371645389.67
0.0725221633911
1371645389.77
0.100178956985
1371645389.87
0.0995688438416
1371645389.97
0.100380182266
1371645390.07
0.101138830185
1371645390.18
0.101080179214
1371645390.27
0.09854388237
1371645390.37
0.100494146347
1371645390.47
0.099280834198
1371645390.57
0.10019493103
1371645390.68
0.101048231125
1371645390.77
0.0992259979248
1371645390.87
0.100430965424
1371645390.97
0.0994899272919
1371645391.07
0.100116014481
1371645391.18
0.100857973099
1371645391.27
0.098867893219
1371645391.37
0.100510120392
1371645391.47
0.0992569923401
1371645391.57
0.100119113922
1371645391.67
0.100130796432
1371645391.78
0.101133108139
1371645391.87
0.0991749763489
1371645391.97
0.0998039245605
1371645392.07
0.100160121918
1371645392.17
0.0995578765869
1371645392.28
0.1040391922
1371645392.37
0.0967099666595
1371645392.48
0.101163864136
1371645392.58
0.0995221138
1371645392.67
0.0994310379028
1371645392.78
0.10097694397
1371645392.88
0.0996470451355
1371645392.98
0.0998678207397
1371645393.08
0.101408004761
1371645393.17
0.0982060432434
1371645393.28
0.100406169891
1371645393.38
0.0998418331146
1371645393.48
0.10015296936
1371645393.7
0.222249031067
1371645393.7
5.60283660889e-05
1371645393.78
0.080687046051
1371645393.88
0.0972800254822
1371645393.98
0.0995399951935
1371645394.08
0.100298881531
1371645394.17
0.0995759963989
1371645394.28
0.100650072098
1371645394.38
0.100394010544
1371645394.48
0.0991110801697
1371645394.58
0.0999989509583
1371645394.68
0.100198030472
1371645394.78
0.100185871124
1371645395.1
0.320738077164
1371645395.1
0.00726389884949
1371645395.1
2.00271606445e-05
1371645395.18
0.0729720592499
1371645395.28
0.0994849205017
1371645395.38
0.0997240543365
1371645395.48
0.100894927979
1371645395.58
0.0996201038361
1371645395.68
0.100326061249
1371645395.78
0.0995938777924
1371645395.88
0.100358009338
1371645395.98
0.100153923035
1371645396.08
0.0991721153259
1371645396.18
0.101449012756
1371645396.28
0.09876704216
1371645396.38
0.100234031677
1371645396.48
0.100030899048
1371645396.58
0.0996689796448
1371645396.68
0.100186109543
1371645396.78
0.100811958313
1371645396.88
0.0990779399872
1371645396.98
0.100045919418
1371645397.08
0.0996952056885
1371645397.18
0.100583791733
1371645397.28
0.108366012573
1371645397.38
0.0915291309357
1371645397.48
0.101150035858
1371645397.58
0.0996539592743
1371645397.68
0.100518941879
1371645397.79
0.109337091446
1371645397.88
0.0909960269928
1371645397.98
0.0990710258484
1371645398.08
0.10063791275
1371645398.18
0.0997838973999
1371645398.28
0.103222131729
1371645398.38
0.0964279174805
1371645398.48
0.100057125092
1371645398.58
0.106561899185
1371645398.68
0.0939230918884
1371645398.78
0.0995728969574
1371645398.88
0.0999829769135
1371645398.98
0.10002207756
1371645399.22
0.239238977432
1371645399.22
0.00504899024963
1371645399.28
0.0562279224396
1371645399.38
0.099338054657
1371645399.48
0.0999839305878
1371645399.58
0.100056171417
1371645399.68
0.101238965988
1371645399.78
0.099967956543
1371645399.88
0.100608110428
1371645400.25
0.367102861404
1371645400.41
0.164221048355
1371645400.41
1.78813934326e-05
1371645400.41
1.12056732178e-05
1371645400.41
1.28746032715e-05
1371645400.48
0.0688400268555
1371645400.58
0.0986368656158
1371645400.68
0.100281000137
1371645400.78
0.100577116013
1371645400.88
0.0996630191803
1371645400.98
0.0996298789978
1371645401.08
0.100504159927
1371645401.18
0.0995490550995
1371645401.28
0.101378917694
1371645401.38
0.0993130207062
1371645401.48
0.0998599529266
1371645401.58
0.0998680591583
1371645401.68
0.100121974945
1371645401.78
0.0994420051575
1371645401.88
0.100551843643
1371645401.98
0.101927042007
1371645402.08
0.0982081890106
1371645402.18
0.101905822754
1371645402.28
0.0980591773987
1371645402.38
0.0996699333191
1371645402.48
0.100561857224
1371645402.58
0.100908041
1371645402.68
0.103760957718
1371645402.78
0.0961420536041
1371645402.88
0.0995600223541
1371645402.98
0.101532936096
1371645403.08
0.0983471870422
1371645403.18
0.100058794022
1371645403.28
0.100557088852
1371645403.38
0.0993599891663
1371645403.48
0.100157976151
1371645403.58
0.100389003754
1371645403.68
0.0998799800873
1371645403.78
0.0998160839081
1371645403.88
0.100537061691
1371645403.98
0.10009598732
1371645404.08
0.100198030472
1371645404.18
0.0991318225861
1371645404.39
0.213152170181
1371645404.39
5.48362731934e-05
1371645404.48
0.0868079662323
1371645404.58
0.100136041641
1371645404.68
0.0998909473419
1371645404.78
0.0996611118317
1371645404.88
0.101978063583
1371645404.98
0.0989718437195
1371645405.08
0.103286027908
1371645405.18
0.0968570709229
1371645405.28
0.100186109543
1371645405.38
0.103589773178
1371645405.48
0.0966000556946
1371645405.58
0.0996730327606
1371645405.68
0.100604057312
1371645405.78
0.0994348526001
1371645405.88
0.0999422073364
1371645405.98
0.100346803665
1371645406.08
0.100292205811
1371645406.18
0.0998389720917
1371645406.28
0.0999758243561
1371645406.64
0.358802080154
1371645406.64
0.000353097915649
1371645406.64
1.09672546387e-05
1371645406.81
0.166563987732
1371645406.81
0.00174188613892
1371645406.88
0.0726330280304
1371645406.98
0.104038953781
1371645407.08
0.0953500270844
1371645407.18
0.100522041321
1371645407.28
0.100492954254
1371645407.38
0.100835084915
1371645407.48
0.0990118980408
1371645407.58
0.100171089172
1371645407.68
0.100349903107
1371645407.78
0.0996100902557
1371645407.88
0.101396083832
1371645407.98
0.0999338626862
1371645408.08
0.0991470813751
1371645408.18
0.100539922714
1371645408.28
0.0993709564209
1371645408.38
0.100273132324
1371645408.48
0.0998408794403
1371645408.58
0.100191116333
1371645408.68
0.100162029266
1371645408.79
0.10315489769
1371645408.88
0.0959510803223
1371645408.98
0.100008010864
1371645409.08
0.100718021393
1371645409.18
0.099583864212
1371645409.28
0.0996601581573
1371645409.38
0.100905895233
1371645409.48
0.0992619991302
1371645409.58
0.100665092468
1371645409.68
0.0993590354919
1371645409.78
0.0999269485474
1371645409.88
0.100061893463
1371645409.98
0.101074934006
1371645410.08
0.0996890068054
1371645410.19
0.103462219238
1371645410.28
0.0969607830048
1371645410.38
0.0999970436096
1371645410.48
0.100226163864
1371645410.58
0.0996718406677
1371645410.81
0.226722002029
1371645410.81
0.00521516799927
1371645410.88
0.0682280063629
1371645410.98
0.100344896317
1371645411.08
0.0999610424042
1371645411.18
0.100646972656
1371645411.28
0.0987079143524
1371645411.38
0.0998849868774
1371645411.49
0.106687068939
1371645411.58
0.09410405159
1371645411.68
0.0991170406342
1371645411.78
0.100667953491
1371645411.88
0.0998349189758
1371645411.98
0.100327014923
1371645412.08
0.0999510288239
1371645412.18
0.0991089344025
1371645412.28
0.10037112236
1371645412.38
0.102218866348
1371645412.49
0.101073026657
1371645412.58
0.0986070632935
1371645412.68
0.0999729633331
1371645413.01
0.323384046555
1371645413.01
0.00130295753479
1371645413.01
1.09672546387e-05
1371645413.08
0.0750241279602
1371645413.18
0.0994119644165
1371645413.28
0.100425004959
1371645413.38
0.0997560024261
1371645413.48
0.0999729633331
1371645413.58
0.100360870361
1371645413.68
0.0998830795288
1371645413.78
0.0995500087738
1371645413.88
0.0996580123901
1371645413.98
0.100852012634
1371645414.08
0.0997788906097
1371645414.18
0.0994770526886
1371645414.28
0.101052999496
1371645414.38
0.0998041629791
1371645414.48
0.0998599529266
1371645414.58
0.0995218753815
1371645414.68
0.100265026093
1371645414.78
0.100868940353
1371645414.88
0.100803136826
1371645414.98
0.0991659164429
1371645415.08
0.100696086884
1371645415.18
0.0995829105377
1371645415.28
0.100295066833
1371645415.38
0.0996329784393
1371645415.48
0.099592924118
1371645415.58
0.100471973419
1371645415.7
0.111752033234
1371645415.78
0.0883841514587
1371645415.88
0.0995719432831
1371645415.98
0.100033998489
1371645416.08
0.100238084793
1371645416.18
0.0999898910522
1371645416.28
0.0998959541321
1371645416.38
0.0999059677124
1371645416.48
0.100658178329
1371645416.58
0.0995719432831
1371645416.68
0.0998449325562
1371645416.78
0.100086927414
1371645416.88
0.099848985672
1371645417.13
0.246933221817
1371645417.13
0.000826835632324
1371645417.18
0.0524280071259
1371645417.28
0.0998959541321
1371645417.39
0.100834131241
1371645417.48
0.0996840000153
1371645417.59
0.103834867477
1371645417.69
0.0968971252441
1371645417.79
0.0996499061584
1371645417.89
0.0999779701233
1371645417.99
0.0998520851135
1371645418.09
0.100013017654
1371645418.19
0.100075960159
1371645418.29
0.100131988525
1371645418.39
0.103191137314
1371645418.49
0.0966458320618
1371645418.59
0.100259065628
1371645418.69
0.100506067276
1371645418.79
0.10018491745
1371645418.89
0.0996479988098
1371645418.99
0.100045919418
1371645419.09
0.0996220111847
1371645419.43
0.349229097366
1371645419.44
0.00470590591431
1371645419.44
9.05990600586e-06
1371645419.58
0.139523029327
1371645419.59
0.00687098503113
1371645419.69
0.10001206398
1371645419.79
0.100718021393
1371645419.89
0.103477954865
1371645419.99
0.0960469245911
1371645420.09
0.100203990936
1371645420.19
0.100120067596
1371645420.29
0.101538896561
1371645420.4
0.112659215927
1371645420.49
0.0858819484711
1371645420.59
0.0999388694763
1371645420.69
0.100214004517
1371645420.79
0.099956035614
1371645420.89
0.099846124649
1371645420.99
0.0996429920197
1371645421.09
0.100124835968
1371645421.19
0.105309963226
1371645421.29
0.0973041057587
1371645421.39
0.0975849628448
1371645421.49
0.100410938263
1371645421.59
0.099237203598
1371645421.69
0.10059595108
1371645421.79
0.100771903992
1371645421.89
0.0989890098572
1371645421.99
0.100508928299
1371645422.09
0.0994861125946
1371645422.19
0.10014796257
1371645422.29
0.0996239185333
1371645422.39
0.100158214569
1371645422.49
0.101119995117
1371645422.59
0.099601984024
1371645422.69
0.100157976151
1371645422.79
0.0998890399933
1371645422.89
0.100031852722
1371645422.99
0.100027084351
1371645423.09
0.101445913315
1371645423.19
0.0987000465393
1371645423.29
0.10050201416
1371645423.39
0.0995979309082
1371645423.59
0.19935297966
1371645423.59
0.00154614448547
1371645423.69
0.0995149612427
1371645423.79
0.0992379188538
1371645423.89
0.100478172302
1371645423.99
0.0999748706818
1371645424.09
0.0999779701233
1371645424.19
0.0999979972839
1371645424.29
0.100404024124
1371645424.39
0.0992391109467
1371645424.49
0.100317955017
1371645424.59
0.0995419025421
1371645424.69
0.100075006485
1371645424.79
0.0997700691223
1371645424.89
0.103123903275
1371645424.99
0.099081993103
1371645425.09
0.0991671085358
1371645425.19
0.10053396225
1371645425.29
0.0999670028687
1371645425.39
0.101082086563
1371645425.49
0.0991888046265
1371645425.84
0.347649097443
1371645425.84
0.000971078872681
1371645425.84
1.09672546387e-05
1371645425.89
0.0515520572662
1371645425.99
0.0990660190582
1371645426.09
0.099946975708
1371645426.19
0.100522994995
1371645426.29
0.099625825882
1371645426.39
0.0999391078949
1371645426.49
0.099869966507
1371645426.59
0.100305080414
1371645426.69
0.100399971008
1371645426.79
0.0996298789978
1371645426.89
0.0998342037201
1371645426.99
0.0997409820557
1371645427.09
0.100016832352
1371645427.19
0.0999729633331
1371645427.29
0.101421117783
1371645427.39
0.099760055542
1371645427.49
0.100725889206
1371645427.59
0.0998859405518
1371645427.69
0.0994470119476
1371645427.79
0.100025177002
1371645427.89
0.100643873215
1371645428.0
0.108906984329
1371645428.09
0.0903651714325
1371645428.19
0.100242853165
1371645428.29
0.0999410152435
1371645428.39
0.099956035614
1371645428.49
0.0997660160065
1371645428.59
0.101012945175
1371645428.69
0.0993781089783
1371645428.79
0.0999958515167
1371645428.89
0.0996651649475
1371645428.99
0.100636005402
1371645429.09
0.102246999741
1371645429.19
0.0975358486176
1371645429.29
0.100113153458
1371645429.39
0.100204944611
1371645429.49
0.0999660491943
1371645429.59
0.0994479656219
1371645429.69
0.0996608734131
1371645429.79
0.100707054138
1371645430.01
0.222273111343
1371645430.01
0.00136685371399
1371645430.09
0.0791170597076
1371645430.19
0.097892999649
1371645430.29
0.100148916245
1371645430.39
0.101176023483
1371645430.49
0.0997951030731
1371645430.59
0.099310874939
1371645430.69
0.100911140442
1371645430.79
0.101388931274
1371645430.89
0.0985109806061
1371645430.99
0.0992069244385
1371645431.09
0.100363969803
1371645431.19
0.101946115494
1371645431.29
0.100663900375
1371645431.39
0.0984551906586
1371645431.49
0.0981669425964
1371645431.59
0.103138923645
1371645431.69
0.0986671447754
1371645431.79
0.0986819267273
1371645431.89
0.100972890854
1371645432.21
0.314707994461
1371645432.21
8.10623168945e-05
1371645432.21
1.50203704834e-05
1371645432.3
0.090047121048
1371645432.39
0.0972948074341
1371645432.49
0.0978000164032
1371645432.59
0.0998549461365
1371645432.7
0.104899168015
1371645432.79
0.0957779884338
1371645432.89
0.0994288921356
1371645432.99
0.100852012634
1371645433.09
0.0998511314392
1371645433.19
0.0995388031006
1371645433.29
0.101027011871
1371645433.39
0.100358009338
1371645433.49
0.0991530418396
1371645433.6
0.10339307785
1371645433.69
0.0968840122223
1371645433.79
0.100399971008
1371645433.89
0.098552942276
1371645433.99
0.101875066757
1371645434.1
0.104140043259
1371645434.19
0.0942230224609
1371645434.33
0.133251905441
1371645434.39
0.0664629936218
1371645434.49
0.102448940277
1371645434.59
0.0984981060028
1371645434.7
0.109747886658
1371645434.79
0.0908989906311
1371645434.9
0.105306148529
1371645435.0
0.0979769229889
1371645435.09
0.0980219841003
1371645435.19
0.0982871055603
1371645435.29
0.101222038269
1371645435.39
0.100786924362
1371645435.49
0.0984530448914
1371645435.6
0.101963043213
1371645435.7
0.10177397728
1371645435.79
0.0950229167938
1371645435.9
0.103260993958
1371645436.0
0.10137295723
1371645436.09
0.096333026886
1371645436.4
0.311866044998
1371645436.41
0.00869488716125
1371645436.41
1.31130218506e-05
1371645436.49
0.0805020332336
1371645436.59
0.0993649959564
1371645436.7
0.103652000427
1371645436.79
0.0978360176086
1371645436.89
0.0975680351257
1371645436.99
0.101051807404
1371645437.09
0.100960016251
1371645437.19
0.0979101657867
1371645437.29
0.102138996124
1371645437.4
0.102355957031
1371645437.49
0.0971250534058
1371645437.59
0.0997898578644
1371645437.69
0.099986076355
1371645437.79
0.100884914398
1371645437.89
0.099750995636
1371645438.0
0.102793931961
1371645438.09
0.0970470905304
1371645438.2
0.102037906647
1371645438.51
0.309280157089
1371645438.51
0.00111794471741
1371645438.51
1.19209289551e-05
1371645438.6
0.0909461975098
1371645438.69
0.0964047908783
1371645438.8
0.100967168808
1371645438.89
0.0990228652954
1371645439.0
0.10139799118
1371645439.1
0.100178003311
1371645439.19
0.0979750156403
1371645439.3
0.101511001587
1371645439.39
0.0979290008545
1371645439.5
0.104716062546
1371645439.59
0.0957729816437
1371645439.69
0.100977897644
1371645439.8
0.105969190598
1371645439.9
0.0951638221741
1371645440.0
0.0994851589203
1371645440.1
0.102646827698
1371645440.19
0.0969820022583
1371645440.3
0.103756189346
1371645440.4
0.101745843887
1371645440.49
0.0938351154327
1371645440.6
0.101458072662
1371645440.69
0.0994079113007
1371645440.79
0.0990090370178
1371645440.9
0.10208106041
1371645440.99
0.0982909202576
1371645441.09
0.0995628833771
1371645441.19
0.101063013077
1371645441.3
0.10134601593
1371645441.4
0.0996050834656
1371645441.5
0.101755857468
1371645441.59
0.0962450504303
1371645441.69
0.100481987
1371645441.8
0.101505041122
1371645441.89
0.098461151123
1371645441.99
0.0996458530426
1371645442.09
0.100935935974
1371645442.2
0.102253198624
1371645442.3
0.105909824371
1371645442.61
0.31143116951
1371645442.62
0.0029399394989
1371645442.62
1.19209289551e-05
1371645442.69
0.0774259567261
1371645442.8
0.10049200058
1371645442.9
0.100708007812
1371645443.0
0.103767156601
1371645443.1
0.0959548950195
1371645443.2
0.103193044662
1371645443.3
0.0970940589905
1371645443.4
0.0995309352875
1371645443.5
0.0994839668274
1371645443.6
0.101548910141
1371645443.7
0.0995171070099
1371645443.8
0.0989429950714
1371645443.9
0.100150108337
1371645444.0
0.100521802902
1371645444.1
0.0999960899353
1371645444.2
0.0997850894928
1371645444.31
0.1112408638
1371645444.66
0.355777978897
1371645444.67
0.00597500801086
1371645444.67
2.00271606445e-05
1371645444.7
0.0308110713959
1371645444.8
0.096538066864
1371645444.9
0.100643873215
1371645445.0
0.10130405426
1371645445.1
0.0995380878448
1371645445.2
0.100779771805
1371645445.3
0.0983040332794
1371645445.4
0.0995199680328
1371645445.5
0.100328207016
1371645445.6
0.100605010986
1371645445.7
0.0999047756195
1371645445.8
0.0990760326385
1371645445.9
0.100296020508
1371645446.0
0.100439071655
1371645446.1
0.0997400283813
1371645446.21
0.109721899033
1371645446.3
0.0939600467682
1371645446.4
0.0969889163971
1371645446.5
0.0988321304321
1371645446.6
0.102141857147
1371645446.71
0.108475208282
1371645446.8
0.089879989624
1371645446.91
0.109548807144
1371645447.01
0.0995590686798
1371645447.1
0.0912461280823
1371645447.2
0.10048699379
1371645447.3
0.100173950195
1371645447.4
0.0999760627747
1371645447.5
0.100000858307
1371645447.6
0.101473093033
1371645447.7
0.0991249084473
1371645447.8
0.0996799468994
1371645447.9
0.0992112159729
1371645448.0
0.100960969925
1371645448.1
0.0996518135071
1371645448.2
0.100795984268
1371645448.3
0.0985841751099
1371645448.4
0.101901054382
1371645448.5
0.0988807678223
1371645448.79
0.295090198517
1371645448.8
0.00345993041992
1371645448.8
0.00185394287109
1371645448.9
0.102885007858
1371645449.0
0.0958731174469
1371645449.1
0.100306034088
1371645449.2
0.101223945618
1371645449.3
0.0992999076843
1371645449.4
0.101478099823
1371645449.5
0.0999460220337
1371645449.6
0.0988550186157
1371645449.7
0.0994429588318
1371645449.8
0.100600004196
1371645449.9
0.0999870300293
1371645450.0
0.100457906723
1371645450.1
0.100405931473
1371645450.2
0.0991549491882
1371645450.3
0.102540016174
1371645450.4
0.0979220867157
1371645450.5
0.10146689415
1371645450.6
0.0986042022705
1371645450.7
0.10037779808
1371645451.01
0.310541152954
1371645451.01
0.00493407249451
1371645451.01
1.19209289551e-05
1371645451.1
0.0839259624481
1371645451.2
0.0993809700012
1371645451.3
0.100606918335
1371645451.4
0.100191116333
1371645451.5
0.0995609760284
1371645451.6
0.100270986557
1371645451.7
0.099534034729
1371645451.8
0.10017991066
1371645451.9
0.0998601913452
1371645452.0
0.100166797638
1371645452.1
0.105781078339
1371645452.2
0.0948619842529
1371645452.3
0.101017951965
1371645452.4
0.102612018585
1371645452.5
0.0973391532898
1371645452.6
0.100383996964
1371645452.7
0.0998558998108
1371645452.8
0.0996060371399
1371645452.9
0.10014796257
1371645453.0
0.0999479293823
1371645453.11
0.10710310936
1371645453.2
0.0929749011993
1371645453.3
0.0994410514832
1371645453.4
0.10001707077
1371645453.5
0.100492954254
1371645453.6
0.0995271205902
1371645453.7
0.10018992424
1371645453.8
0.100208044052
1371645453.9
0.10032081604
1371645454.0
0.0983810424805
1371645454.1
0.100916147232
1371645454.2
0.0996329784393
1371645454.3
0.100656032562
1371645454.4
0.10009598732
1371645454.5
0.0996799468994
1371645454.6
0.100775957108
1371645454.7
0.100974082947
1371645454.8
0.100250959396
1371645455.08
0.277174949646
1371645455.08
0.00186395645142
1371645455.1
0.0203740596771
1371645455.21
0.105911016464
1371645455.31
0.0991020202637
1371645455.4
0.0942199230194
1371645455.5
0.100739955902
1371645455.6
0.1025390625
1371645455.7
0.0968260765076
1371645455.8
0.100689888
1371645455.9
0.100322008133
1371645456.0
0.0991139411926
1371645456.1
0.0999050140381
1371645456.2
0.101289987564
1371645456.3
0.0990312099457
1371645456.4
0.0994958877563
1371645456.5
0.10146689415
1371645456.6
0.0992472171783
1371645456.7
0.0998148918152
1371645456.8
0.100457906723
1371645456.9
0.0996470451355
1371645457.0
0.100636005402
1371645457.33
0.327162027359
1371645457.33
0.000114917755127
1371645457.33
1.50203704834e-05
1371645457.4
0.0730621814728
1371645457.5
0.0994029045105
1371645457.6
0.101025104523
1371645457.7
0.0991559028625
1371645457.8
0.0996530056
1371645457.9
0.101557016373
1371645458.0
0.0999870300293
1371645458.1
0.0987298488617
1371645458.2
0.100421190262
1371645458.3
0.103163003922
1371645458.4
0.0969820022583
1371645458.5
0.0999269485474
1371645458.6
0.102216959
1371645458.7
0.0977709293365
1371645458.8
0.100485086441
1371645458.9
0.101181983948
1371645459.0
0.0988590717316
1371645459.1
0.0991008281708
1371645459.2
0.0997340679169
1371645459.3
0.101334095001
1371645459.4
0.0994358062744
1371645459.5
0.0999541282654
1371645459.6
0.099958896637
1371645459.7
0.100691080093
1371645459.8
0.100399017334
1371645459.9
0.0997889041901
1371645460.0
0.100260019302
1371645460.1
0.100269079208
1371645460.2
0.0988910198212
1371645460.31
0.104502916336
1371645460.4
0.0956859588623
1371645460.5
0.101112127304
1371645460.6
0.100380897522
1371645460.7
0.0983200073242
1371645460.8
0.102609157562
1371645460.9
0.099308013916
1371645461.0
0.0991418361664
1371645461.1
0.10089302063
1371645461.2
0.0985460281372
1371645461.48
0.280827045441
1371645461.48
4.88758087158e-05
1371645461.5
0.0197341442108
1371645461.6
0.0993218421936
1371645461.7
0.101343154907
1371645461.8
0.0990948677063
1371645461.9
0.0996820926666
1371645462.0
0.0997939109802
1371645462.1
0.101031064987
1371645462.2
0.100912094116
1371645462.3
0.0991098880768
1371645462.4
0.100343942642
1371645462.5
0.0997800827026
1371645462.6
0.100052118301
1371645462.7
0.100552797318
1371645462.8
0.0999090671539
1371645462.9
0.0999600887299
1371645463.0
0.0995678901672
1371645463.11
0.104038953781
1371645463.2
0.0961010456085
1371645463.3
0.100882053375
1371645463.41
0.104017972946
1371645463.51
0.0986940860748
1371645463.87
0.36660194397
1371645463.87
0.00105905532837
1371645463.87
1.69277191162e-05
1371645463.9
0.0292000770569
1371645464.0
0.0991678237915
1371645464.11
0.104943037033
1371645464.2
0.095428943634
1371645464.3
0.0999710559845
1371645464.4
0.100293159485
1371645464.5
0.0989179611206
1371645464.61
0.103226900101
1371645464.7
0.0984930992126
1371645464.8
0.0998380184174
1371645464.9
0.100145816803
1371645465.0
0.0997660160065
1371645465.1
0.100105047226
1371645465.2
0.0998859405518
1371645465.3
0.0999231338501
1371645465.41
0.103398084641
1371645465.5
0.0969479084015
1371645465.6
0.0994589328766
1371645465.7
0.100583076477
1371645465.8
0.0995850563049
1371645465.9
0.100126981735
1371645466.0
0.0996649265289
1371645466.1
0.100658893585
1371645466.2
0.0999331474304
1371645466.3
0.100240945816
1371645466.4
0.0994389057159
1371645466.51
0.103626012802
1371645466.6
0.0971171855927
1371645466.7
0.0992078781128
1371645466.81
0.10137796402
1371645466.91
0.100097179413
1371645467.0
0.0986449718475
1371645467.11
0.101078987122
1371645467.21
0.100034952164
1371645467.31
0.0999140739441
1371645467.41
0.10018491745
1371645467.51
0.0997059345245
1371645467.61
0.104360103607
1371645467.71
0.095871925354
1371645468.0
0.297017097473
1371645468.0
0.00236296653748
1371645468.01
0.00502896308899
1371645468.11
0.0955190658569
1371645468.21
0.100005865097
1371645468.31
0.100383043289
1371645468.41
0.10002207756
1371645468.51
0.0996599197388
1371645468.61
0.0998210906982
1371645468.71
0.100301027298
1371645468.8
0.0993819236755
1371645468.91
0.10011100769
1371645469.0
0.0998389720917
1371645469.11
0.102027893066
1371645469.21
0.0989441871643
1371645469.31
0.0995979309082
1371645469.41
0.100713968277
1371645469.51
0.0989871025085
1371645469.61
0.100322961807
1371645469.71
0.102957010269
1371645469.81
0.0984098911285
1371645469.91
0.0994839668274
1371645470.22
0.308976173401
1371645470.22
0.00254392623901
1371645470.22
2.09808349609e-05
1371645470.31
0.0886130332947
1371645470.41
0.100308895111
1371645470.51
0.099326133728
1371645470.61
0.0998029708862
1371645470.71
0.100234031677
1371645470.81
0.100321054459
1371645470.91
0.0997347831726
1371645471.01
0.100522994995
1371645471.11
0.0998802185059
1371645471.21
0.0995779037476
1371645471.31
0.100378036499
1371645471.41
0.0996539592743
1371645471.51
0.0997710227966
1371645471.61
0.100682020187
1371645471.71
0.0992679595947
1371645471.81
0.100148916245
1371645471.91
0.100807189941
1371645472.01
0.0990929603577
1371645472.11
0.101411819458
1371645472.21
0.0998702049255
1371645472.31
0.0996220111847
1371645472.41
0.100640773773
1371645472.51
0.100402116776
1371645472.61
0.0995080471039
1371645472.71
0.0998640060425
1371645472.81
0.0999448299408
1371645472.91
0.100396156311
1371645473.01
0.0993258953094
1371645473.11
0.100836992264
1371645473.21
0.0995981693268
1371645473.31
0.10017991066
1371645473.41
0.0997099876404
1371645473.51
0.100579977036
1371645473.61
0.0999360084534
1371645473.71
0.100053071976
1371645473.81
0.0992510318756
1371645473.91
0.100106954575
1371645474.01
0.100821018219
1371645474.11
0.100545883179
1371645474.4
0.294657945633
1371645474.4
1.31130218506e-05
1371645474.41
0.00393295288086
1371645474.51
0.102885961533
1371645474.61
0.0979330539703
1371645474.71
0.100839138031
1371645474.81
0.0989367961884
1371645474.91
0.100534200668
1371645475.01
0.100336790085
1371645475.11
0.0999641418457
1371645475.21
0.100178003311
1371645475.31
0.09956407547
1371645475.41
0.100950956345
1371645475.51
0.098974943161
1371645475.61
0.0999660491943
1371645475.71
0.103338956833
1371645475.81
0.0970718860626
1371645475.91
0.0995910167694
1371645476.01
0.10071015358
1371645476.11
0.0999658107758
1371645476.21
0.101754188538
1371645476.49
0.282966852188
1371645476.49
7.60555267334e-05
1371645476.52
0.0234200954437
1371645476.61
0.0913999080658
1371645476.71
0.0994400978088
1371645476.81
0.100297927856
1371645476.91
0.0999710559845
1371645477.01
0.100805997849
1371645477.11
0.100208997726
1371645477.21
0.0997960567474
1371645477.31
0.102239847183
1371645477.41
0.0985360145569
1371645477.51
0.0997090339661
1371645477.61
0.0998270511627
1371645477.71
0.0997099876404
1371645477.81
0.100539922714
1371645477.91
0.100650072098
1371645478.01
0.0988578796387
1371645478.11
0.100159168243
1371645478.21
0.0999529361725
1371645478.31
0.0999159812927
1371645478.41
0.0999040603638
1371645478.51
0.100574016571
1371645478.61
0.0994439125061
1371645478.71
0.100720882416
1371645478.81
0.0994951725006
1371645478.91
0.0998969078064
1371645479.01
0.100552082062
1371645479.11
0.100031852722
1371645479.21
0.101487159729
1371645479.31
0.0983598232269
1371645479.41
0.100036144257
1371645479.51
0.0996029376984
1371645479.61
0.100793123245
1371645479.71
0.100772857666
1371645479.81
0.100027084351
1371645479.91
0.100110054016
1371645480.01
0.10067486763
1371645480.11
0.0988321304321
1371645480.21
0.100138902664
1371645480.31
0.0996448993683
1371645480.54
0.226244211197
1371645480.54
1.59740447998e-05
1371645480.61
0.0747249126434
1371645480.71
0.101525068283
1371645480.81
0.0978729724884
1371645480.91
0.100005865097
1371645481.01
0.10041809082
1371645481.11
0.099573135376
1371645481.21
0.0996558666229
1371645481.31
0.101062059402
1371645481.41
0.099613904953
1371645481.51
0.0996310710907
1371645481.61
0.100043058395
1371645481.71
0.100117921829
1371645481.81
0.0998980998993
1371645481.91
0.100347995758
1371645482.01
0.0999948978424
1371645482.11
0.100840091705
1371645482.21
0.0997908115387
1371645482.31
0.0993890762329
1371645482.41
0.100049972534
1371645482.52
0.104740142822
1371645482.85
0.337075948715
1371645482.85
0.000777006149292
1371645482.85
1.50203704834e-05
1371645483.04
0.188810825348
1371645483.04
7.10487365723e-05
1371645483.11
0.0696289539337
1371645483.21
0.0991351604462
1371645483.31
0.100621938705
1371645483.42
0.106787919998
1371645483.51
0.0922341346741
1371645483.61
0.101356983185
1371645483.71
0.0994160175323
1371645483.81
0.0992350578308
1371645483.91
0.100195884705
1371645484.01
0.100564956665
1371645484.11
0.0993959903717
1371645484.21
0.10071516037
1371645484.31
0.0993638038635
1371645484.41
0.100136041641
1371645484.51
0.100483179092
1371645484.61
0.102580785751
1371645484.71
0.0976610183716
1371645484.81
0.100897073746
1371645484.91
0.0991139411926
1371645485.01
0.10015296936
1371645485.11
0.100560188293
1371645485.21
0.0993318557739
1371645485.31
0.0998389720917
1371645485.41
0.0998530387878
1371645485.51
0.100126028061
1371645485.61
0.100311040878
1371645485.71
0.100436925888
1371645485.81
0.0991139411926
1371645485.91
0.100803136826
1371645486.01
0.0994939804077
1371645486.12
0.103005886078
1371645486.21
0.0972471237183
1371645486.31
0.0998959541321
1371645486.41
0.100099086761
1371645486.51
0.100087881088
1371645486.61
0.0997371673584
1371645486.71
0.100980997086
1371645487.03
0.314113855362
1371645487.04
0.0079619884491
1371645487.04
0.00181913375854
1371645487.11
0.0765118598938
1371645487.22
0.102555990219
1371645487.31
0.0971491336823
1371645487.41
0.100647926331
1371645487.52
0.101649999619
1371645487.61
0.0974509716034
1371645487.71
0.0998160839081
1371645487.81
0.100069999695
1371645487.91
0.100191831589
1371645488.01
0.100980997086
1371645488.11
0.0989630222321
1371645488.21
0.0997409820557
1371645488.31
0.100360155106
1371645488.41
0.101106882095
1371645488.51
0.0991921424866
1371645488.61
0.0997538566589
1371645488.71
0.100190162659
1371645488.81
0.0999779701233
1371645488.91
0.101155042648
1371645489.26
0.350133895874
1371645489.27
0.00395393371582
1371645489.27
1.4066696167e-05
1371645489.31
0.0454111099243
1371645489.41
0.100602865219
1371645489.52
0.103158950806
1371645489.61
0.0955450534821
1371645489.71
0.100908041
1371645489.81
0.0998330116272
1371645489.91
0.0998780727386
1371645490.01
0.100826978683
1371645490.12
0.101029872894
1371645490.21
0.0990300178528
1371645490.31
0.0993180274963
1371645490.41
0.0999689102173
1371645490.51
0.100591182709
1371645490.61
0.0992980003357
1371645490.71
0.100354909897
1371645490.81
0.0998721122742
1371645490.92
0.103879928589
1371645491.01
0.0961239337921
1371645491.11
0.100009918213
1371645491.21
0.0997700691223
1371645491.31
0.100785970688
1371645491.42
0.100310087204
1371645491.52
0.100030899048
1371645491.61
0.0993850231171
1371645491.71
0.0999341011047
1371645491.81
0.0998959541321
1371645491.92
0.100716114044
1371645492.01
0.099672794342
1371645492.12
0.100805044174
1371645492.22
0.100434064865
1371645492.32
0.10012793541
1371645492.41
0.0988430976868
1371645492.52
0.100775957108
1371645492.62
0.0996050834656
1371645492.71
0.0996158123016
1371645492.81
0.0998411178589
1371645492.92
0.100931882858
1371645493.02
0.10037612915
1371645493.12
0.0996689796448
1371645493.39
0.271360874176
1371645493.39
1.62124633789e-05
1371645493.42
0.0281789302826
1371645493.52
0.0997560024261
1371645493.62
0.100013017654
1371645493.72
0.100117921829
1371645493.82
0.100006103516
1371645493.92
0.100062847137
1371645494.02
0.100260019302
1371645494.12
0.102264165878
1371645494.22
0.0975749492645
1371645494.32
0.100739955902
1371645494.42
0.10035610199
1371645494.52
0.103447914124
1371645494.62
0.0967419147491
1371645494.72
0.0998401641846
1371645494.82
0.1008207798
1371645494.92
0.101087093353
1371645495.02
0.0986409187317
1371645495.12
0.0994350910187
1371645495.22
0.100641965866
1371645495.32
0.105036020279
1371645495.66
0.341566085815
1371645495.67
0.00820302963257
1371645495.67
1.19209289551e-05
1371645495.86
0.186696052551
1371645495.86
0.000382900238037
1371645495.92
0.0583610534668
1371645496.02
0.09912109375
1371645496.12
0.100809812546
1371645496.22
0.0989270210266
1371645496.32
0.101086139679
1371645496.42
0.0992879867554
1371645496.52
0.104147911072
1371645496.62
0.096125125885
1371645496.72
0.0999579429626
1371645496.82
0.0989680290222
1371645496.92
0.100178956985
1371645497.02
0.101296901703
1371645497.12
0.105473041534
1371645497.22
0.0959069728851
1371645497.32
0.0985081195831
1371645497.42
0.100296020508
1371645497.52
0.101616859436
1371645497.62
0.0978729724884
1371645497.72
0.101440191269
1371645497.82
0.100601911545
1371645497.92
0.0992288589478
1371645498.02
0.10040307045
1371645498.12
0.100695133209
1371645498.22
0.0992388725281
1371645498.32
0.0991129875183
1371645498.42
0.0997340679169
1371645498.52
0.102977991104
1371645498.62
0.0970299243927
1371645498.72
0.100239038467
1371645498.82
0.10055398941
1371645498.92
0.0995471477509
1371645499.02
0.0994668006897
1371645499.12
0.100386142731
1371645499.22
0.0996210575104
1371645499.32
0.100849866867
1371645499.42
0.0990381240845
1371645499.52
0.101203918457
1371645499.78
0.260575056076
1371645499.78
0.00333690643311
1371645499.82
0.0369520187378
1371645499.92
0.0989909172058
1371645500.02
0.100131034851
1371645500.12
0.10004901886
1371645500.22
0.0999519824982
1371645500.32
0.100630044937
1371645500.42
0.0994980335236
1371645500.52
0.10015296936
1371645500.62
0.100965976715
1371645500.72
0.100453138351
1371645500.82
0.098730802536
1371645500.92
0.0998520851135
1371645501.02
0.100239038467
1371645501.12
0.103152036667
1371645501.52
0.400655984879
1371645501.53
0.00778388977051
1371645501.53
1.69277191162e-05
1371645501.62
0.088222026825
1371645501.72
0.0998651981354
1371645501.82
0.0998017787933
1371645501.92
0.101513147354
1371645502.02
0.100008010864
1371645502.12
0.0996918678284
1371645502.22
0.101767063141
1371645502.32
0.0982160568237
1371645502.42
0.100005865097
1371645502.52
0.100753068924
1371645502.62
0.0998859405518
1371645502.72
0.0993070602417
1371645502.82
0.0997021198273
1371645502.92
0.100865840912
1371645503.02
0.099457025528
1371645503.12
0.0999970436096
1371645503.22
0.0996398925781
1371645503.32
0.101510047913
1371645503.42
0.0984690189362
1371645503.52
0.0997951030731
1371645503.62
0.10062289238
1371645503.72
0.100496053696
1371645503.82
0.0994420051575
1371645503.92
0.100326061249
1371645504.02
0.0996239185333
1371645504.12
0.100524902344
1371645504.22
0.099406003952
1371645504.32
0.100299119949
1371645504.42
0.0997920036316
1371645504.52
0.101062059402
1371645504.62
0.099809885025
1371645504.72
0.101216077805
1371645504.82
0.0983879566193
1371645505.02
0.200804948807
1371645505.12
0.0999300479889
1371645505.22
0.103286027908
1371645505.32
0.0969340801239
1371645505.42
0.100281953812
1371645505.52
0.0990788936615
1371645505.72
0.202024936676
1371645505.73
0.00369215011597
1371645505.82
0.0947160720825
1371645505.92
0.0996530056
1371645506.02
0.100512981415
1371645506.12
0.099711894989
1371645506.22
0.100344896317
1371645506.32
0.0999991893768
1371645506.42
0.100112915039
1371645506.52
0.100063085556
1371645506.62
0.100652933121
1371645506.72
0.0987460613251
1371645506.82
0.103336811066
1371645506.92
0.0978422164917
1371645507.02
0.102170944214
1371645507.12
0.0987260341644
1371645507.22
0.0994338989258
1371645507.33
0.105901956558
1371645507.42
0.0948369503021
1371645507.52
0.0997281074524
1371645507.86
0.335890054703
1371645507.86
0.000921010971069
1371645507.86
1.09672546387e-05
1371645507.92
0.061961889267
1371645508.02
0.100885152817
1371645508.12
0.0989279747009
1371645508.22
0.100116968155
1371645508.32
0.100635051727
1371645508.42
0.0991170406342
1371645508.52
0.101574897766
1371645508.62
0.0986928939819
1371645508.72
0.100333213806
1371645508.82
0.100040912628
1371645508.92
0.0993618965149
1371645509.02
0.100484132767
1371645509.12
0.10000705719
1371645509.23
0.103900909424
1371645509.32
0.0974109172821
1371645509.42
0.0997550487518
1371645509.52
0.100186109543
1371645509.62
0.0995318889618
1371645509.72
0.100136995316
1371645509.82
0.100075960159
1371645509.92
0.100208044052
1371645510.02
0.102092027664
1371645510.12
0.0983979701996
1371645510.22
0.099081993103
1371645510.32
0.100636005402
1371645510.42
0.100033998489
1371645510.52
0.100078105927
1371645510.62
0.0992889404297
1371645510.72
0.099916934967
1371645510.82
0.100185155869
1371645510.92
0.0996840000153
1371645511.03
0.104756832123
1371645511.12
0.0957741737366
1371645511.22
0.10008597374
1371645511.32
0.100117921829
1371645511.42
0.100272893906
1371645511.52
0.100326061249
1371645511.63
0.102139949799
1371645511.72
0.0969250202179
1371645511.82
0.100425004959
1371645511.92
0.100298166275
1371645512.02
0.100258827209
1371645512.12
0.100020170212
1371645512.22
0.0995869636536
1371645512.32
0.100289821625
1371645512.43
0.102773189545
1371645512.52
0.0974538326263
1371645512.62
0.100144147873
1371645512.72
0.100477933884
1371645512.82
0.0993459224701
1371645512.92
0.0994300842285
1371645513.02
0.100652933121
s=237.794292927
i=2371
Avg=0.1003
