1371645284.06
1371645284.09
0.0314321517944
1371645284.12
0.0322439670563
1371645284.16
0.0399389266968
1371645284.19
0.0341489315033
1371645285.1
0.901601076126
1371645285.13
0.0320909023285
1371645285.32
0.191950082779
1371645285.35
0.032007932663
1371645285.48
0.128174066544
1371645285.51
0.0332109928131
1371645285.58
0.0707731246948
1371645285.78
0.196681976318
1371645285.81
0.0274448394775
1371645285.84
0.0316081047058
1371645285.87
0.032369852066
1371645289.08
3.20784211159
1371645289.11
0.0320100784302
1371645289.14
0.0320928096771
1371645289.21
0.0674891471863
1371645289.34
0.124583959579
1371645289.6
0.264765977859
1371645289.6
0.00144004821777
1371645289.6
1.59740447998e-05
1371645289.66
0.0616791248322
1371645289.7
0.0323798656464
1371645289.79
0.0978569984436
1371645289.82
0.0300209522247
1371645289.86
0.0363080501556
1371645289.89
0.0273489952087
1371645289.98
0.0960690975189
1371645290.02
0.031968832016
1371645290.08
0.0638751983643
1371645301.22
11.135876894
1371645301.26
0.0399780273438
1371645301.77
0.512448072433
1371645302.32
0.553144931793
1371645302.32
0.00100898742676
1371645302.32
1.09672546387e-05
1371645302.32
8.10623168945e-06
1371645302.32
7.86781311035e-06
1371645302.48
0.157776117325
1371645302.54
0.0639770030975
1371645302.58
0.031800031662
1371645302.61
0.0321078300476
1371645302.67
0.0639891624451
1371645302.87
0.199868917465
1371645302.9
0.0325028896332
1371645302.94
0.0314321517944
1371645302.97
0.0321779251099
1371645308.83
5.86428308487
1371645308.86
0.0235118865967
1371645308.89
0.0321710109711
1371645308.93
0.040589094162
1371645309.29
0.359411001205
1371645309.32
0.0325019359589
1371645309.35
0.0319249629974
1371645309.38
0.0315260887146
1371645309.42
0.0319399833679
1371645309.48
0.0639119148254
1371645309.55
0.0682909488678
1371645309.62
0.0684921741486
1371645309.65
0.0317339897156
1371645309.68
0.0321600437164
1371645309.74
0.0556318759918
1371645309.8
0.0638270378113
1371645309.83
0.0319719314575
1371645309.86
0.0321509838104
1371645311.22
1.36019301414
1371645311.26
0.0316760540009
1371645311.29
0.0321340560913
1371645311.32
0.0367288589478
1371645311.35
0.0274260044098
1371645311.38
0.0322761535645
1371645311.42
0.0318470001221
1371645311.45
0.0318298339844
1371645311.48
0.0318961143494
1371645311.51
0.0319499969482
1371645311.54
0.0324680805206
1371645311.58
0.0313220024109
1371645311.68
0.104094982147
1371645311.71
0.0325570106506
1371645311.75
0.0343019962311
1371645311.9
0.157324790955
1371645312.03
0.128633022308
1371645312.06
0.0312781333923
1371645312.1
0.0320019721985
1371645312.13
0.0321040153503
1371645312.16
0.0329298973083
1371645312.41
0.24614906311
1371645312.41
1.19209289551e-05
1371645312.41
8.10623168945e-06
1371645312.41
7.86781311035e-06
1371645312.41
7.15255737305e-06
1371645314.3
1.89001107216
1371645314.33
0.0310549736023
1371645314.36
0.0316498279572
1371645314.43
0.0724430084229
1371645314.53
0.0956289768219
1371645314.56
0.0321500301361
1371645314.75
0.191859006882
1371645314.78
0.0318260192871
1371645314.82
0.0320010185242
1371645314.85
0.0320370197296
1371645314.88
0.0325880050659
1371645314.91
0.0329229831696
1371645314.94
0.030650138855
1371645315.01
0.0639979839325
1371645315.21
0.200666904449
1371645315.24
0.0313329696655
1371645315.27
0.0319459438324
1371645315.37
0.0959041118622
1371645315.43
0.0642418861389
1371645315.53
0.0958411693573
1371645315.56
0.0321218967438
1371645315.63
0.0724101066589
1371645315.66
0.0234138965607
1371645315.72
0.0641369819641
1371645315.75
0.0321500301361
1371645315.79
0.041650056839
1371645315.82
0.0302770137787
1371645315.89
0.0640490055084
1371645334.22
18.3277540207
1371645334.26
0.039853811264
1371645334.28
0.0241641998291
1371645334.31
0.031968832016
1371645334.35
0.0402829647064
1371645334.38
0.0319449901581
1371645334.96
0.576089143753
1371645334.99
0.0323948860168
1371645335.58
0.58364200592
1371645335.64
0.0635461807251
1371645335.7
0.0643630027771
1371645335.78
0.0717239379883
1371645335.84
0.0640349388123
1371645335.9
0.0642640590668
1371645335.97
0.0637578964233
1371645336.0
0.0321259498596
1371645336.03
0.0318729877472
1371645336.22
0.192062139511
1371645336.26
0.032418012619
1371645336.29
0.0320420265198
1371645336.36
0.0673668384552
1371645336.38
0.0282011032104
1371645336.6
0.213673114777
1371645336.6
2.28881835938e-05
1371645336.6
0.002690076828
1371645336.6
2.00271606445e-05
1371645336.68
0.0795137882233
1371645336.74
0.0640041828156
1371645336.78
0.0320358276367
1371645336.9
0.128221988678
1371645336.94
0.0317440032959
1371645336.97
0.0321640968323
1371645337.0
0.031965970993
1371645337.04
0.0353491306305
1371645337.24
0.201434850693
1371645337.39
0.156589984894
1371645337.42
0.030580997467
1371645337.46
0.0321290493011
1371645337.52
0.0639519691467
1371645337.55
0.0331900119781
1371645337.68
0.126483917236
1371645337.74
0.0650510787964
1371645337.82
0.0711281299591
1371645337.88
0.0640339851379
1371645337.91
0.0319228172302
1371645337.94
0.0320551395416
1371645337.98
0.0324749946594
1371645338.01
0.0315580368042
1371645338.04
0.0319628715515
1371645338.07
0.0321960449219
1371645338.1
0.032418012619
1371645339.7
1.59157800674
1371645339.75
0.05601811409
1371645339.79
0.0346159934998
1371645339.86
0.06902384758
1371645339.89
0.0327770709991
1371645339.92
0.0314240455627
1371645339.98
0.0639100074768
1371645340.02
0.0330698490143
1371645340.05
0.0310301780701
1371645340.08
0.0318210124969
1371645340.14
0.0645158290863
1371645340.21
0.0639581680298
1371645340.24
0.0317459106445
1371645340.37
0.128699064255
1371645340.41
0.0377078056335
1371645340.43
0.0268530845642
1371645340.5
0.0625820159912
1371645340.58
0.0791869163513
1371645340.66
0.088879108429
1371645340.82
0.160126924515
1371645340.86
0.0343980789185
1371645340.89
0.02947306633
1371645340.95
0.0643169879913
1371645341.02
0.0637769699097
1371645341.05
0.0321290493011
1371645341.08
0.0316269397736
1371645341.11
0.0320010185242
1371645341.15
0.0406839847565
1371645341.18
0.0236079692841
1371645341.21
0.0318698883057
1371645341.38
0.168871164322
1371645341.44
0.0632770061493
1371645341.47
0.0319638252258
1371645341.5
0.0322082042694
1371645341.54
0.0317478179932
1371645341.66
0.128357172012
1371645341.7
0.0314848423004
1371645341.73
0.0320041179657
1371645341.79
0.0654158592224
1371645341.83
0.0386130809784
1371645341.96
0.128180027008
1371645342.02
0.063807964325
1371645342.06
0.0318360328674
1371645342.09
0.032665014267
1371645342.13
0.0398180484772
1371645342.16
0.0317058563232
1371645342.19
0.0343451499939
1371645342.26
0.0618989467621
1371645342.29
0.032998085022
1371645342.32
0.0307168960571
1371645343.06
0.744112968445
1371645343.1
0.0326130390167
1371645343.16
0.0633919239044
1371645343.19
0.0317630767822
1371645343.22
0.0321578979492
1371645343.3
0.0755341053009
1371645343.36
0.0610029697418
1371645343.42
0.0635011196136
1371645343.53
0.101257801056
1371645343.55
0.0269560813904
1371645343.58
0.0318210124969
1371645343.65
0.0639190673828
1371645343.68
0.0327889919281
1371645343.71
0.0312669277191
1371645343.74
0.0325241088867
1371645343.78
0.0314948558807
1371645343.81
0.035640001297
1371645344.4
0.583514928818
1371645344.42
0.0290582180023
1371645344.46
0.0318398475647
1371645344.49
0.0319700241089
1371645344.52
0.0322511196136
1371645344.55
0.0342509746552
1371645344.62
0.0619690418243
1371645344.65
0.0313799381256
1371645344.69
0.0466089248657
1371645345.08
0.383851051331
1371645345.09
0.00681495666504
1371645345.09
2.09808349609e-05
1371645345.09
1.4066696167e-05
1371645345.09
1.50203704834e-05
1371645345.1
0.0192370414734
1371645345.17
0.0633590221405
1371645345.2
0.0326008796692
1371645345.23
0.0320250988007
1371645345.26
0.0316889286041
1371645345.3
0.0335140228271
1371645345.33
0.0337820053101
1371645345.37
0.036514043808
1371645345.4
0.0322978496552
1371645345.46
0.0642540454865
1371645345.5
0.0336298942566
1371645345.53
0.0298421382904
1371645345.66
0.135901927948
1371645345.7
0.032557964325
1371645345.73
0.0333030223846
1371645345.8
0.0670161247253
1371645345.86
0.0591690540314
1371645346.09
0.231964826584
1371645346.12
0.0324020385742
1371645346.15
0.0319809913635
1371645346.18
0.0315999984741
1371645346.22
0.0323340892792
1371645346.29
0.0716140270233
1371645346.35
0.064309835434
1371645346.38
0.0317401885986
1371645346.42
0.0332379341125
1371645346.45
0.0310339927673
1371645346.51
0.0644299983978
1371645346.54
0.0314970016479
1371645346.58
0.0320508480072
1371645346.74
0.168073177338
1371645346.78
0.0316979885101
1371645346.84
0.0639660358429
1371645347.03
0.191998004913
1371645347.06
0.0320999622345
1371645347.1
0.0321040153503
1371645347.13
0.0321049690247
1371645347.19
0.0664429664612
1371645347.22
0.0292539596558
1371645347.29
0.0645980834961
1371645347.32
0.0316100120544
1371645347.35
0.0320320129395
1371645347.38
0.0318269729614
1371645350.21
2.82402300835
1371645350.34
0.128021001816
1371645350.37
0.0319828987122
1371645350.46
0.0960900783539
1371645351.03
0.569272994995
1371645351.04
0.01007604599
1371645351.04
1.28746032715e-05
1371645351.04
1.21593475342e-05
1371645351.05
0.00823497772217
1371645351.11
0.0609250068665
1371645351.14
0.0315937995911
1371645351.54
0.39227104187
1371645351.66
0.127601146698
1371645351.73
0.0637969970703
1371645351.76
0.0319108963013
1371645351.79
0.0332441329956
1371645351.89
0.0949738025665
1371645352.83
0.94448018074
1371645353.12
0.287556886673
1371645353.7
0.584326028824
1371645353.77
0.0636179447174
1371645353.8
0.0323810577393
1371645353.83
0.0316751003265
1371645353.86
0.0320999622345
1371645354.29
0.423754930496
1371645354.32
0.0326008796692
1371645354.45
0.128018140793
1371645355.3
0.853273868561
1371645355.32
0.0181782245636
1371645355.35
0.0325949192047
1371645355.45
0.0961608886719
1371645355.54
0.0952880382538
1371645355.58
0.0321431159973
1371645355.61
0.032280921936
1371645355.64
0.031445980072
1371645356.36
0.724980115891
1371645356.84
0.475121974945
1371645356.87
0.0319228172302
1371645356.94
0.0653860569
1371645357.0
0.0645551681519
1371645357.1
0.103039979935
1371645357.68
0.575404882431
1371645358.4
0.721045017242
1371645358.43
0.0311748981476
1371645358.46
0.031946182251
1371645358.53
0.0634088516235
1371645358.62
0.0962669849396
1371645358.72
0.0959100723267
1371645358.91
0.192095041275
1371645359.07
0.160057067871
1371645359.24
0.167830944061
1371645359.37
0.127949953079
1371645359.4
0.0320498943329
1371645359.43
0.0337300300598
1371645359.46
0.0300450325012
1371645360.14
0.680631160736
1371645360.18
0.0316019058228
1371645360.24
0.0640239715576
1371645360.41
0.168004989624
1371645360.46
0.0558791160583
1371645360.73
0.265075922012
1371645360.89
0.158987045288
1371645361.31
0.42416882515
1371645361.34
0.0323061943054
1371645362.22
0.879860877991
1371645362.26
0.0318400859833
1371645362.68
0.423960924149
1371645362.71
0.0319399833679
1371645363.2
0.485589981079
1371645363.9
0.70724606514
1371645363.9
8.10623168945e-05
1371645363.9
1.00135803223e-05
1371645363.9
7.86781311035e-06
1371645363.94
0.038861989975
1371645363.98
0.0322740077972
1371645364.1
0.12838602066
1371645364.14
0.0313420295715
1371645364.23
0.0960199832916
1371645364.26
0.0318491458893
1371645364.66
0.392499923706
1371645364.75
0.096382856369
1371645364.78
0.0314490795135
1371645366.44
1.65604901314
1371645366.47
0.0318660736084
1371645366.54
0.0639498233795
1371645366.6
0.0640630722046
1371645366.68
0.0753719806671
1371645366.7
0.0290081501007
1371645366.77
0.0637509822845
1371645366.9
0.128088951111
1371645366.93
0.0319900512695
1371645368.61
1.67975902557
1371645368.64
0.0319797992706
1371645368.74
0.104602098465
1371645368.78
0.0314030647278
1371645368.81
0.0319018363953
1371645369.06
0.256179094315
1371645369.19
0.127994060516
1371645369.26
0.064062833786
1371645369.32
0.0639481544495
1371645369.35
0.0317149162292
1371645369.39
0.034912109375
1371645369.42
0.0377879142761
1371645369.58
0.15966296196
1371645369.62
0.031877040863
1371645369.68
0.0639450550079
1371645369.71
0.033805847168
1371645369.78
0.0622711181641
1371645369.87
0.096137046814
1371645369.9
0.0324878692627
1371645369.97
0.0642521381378
1371645370.31
0.340699911118
1371645370.32
0.0129480361938
1371645370.32
2.69412994385e-05
1371645370.32
1.21593475342e-05
1371645370.32
1.19209289551e-05
1371645370.32
1.19209289551e-05
1371645370.49
0.165471076965
1371645370.65
0.159901857376
1371645370.68
0.0321412086487
1371645370.78
0.0957210063934
1371645370.82
0.0400018692017
1371645370.85
0.0325999259949
1371645370.88
0.031417131424
1371645370.98
0.0962798595428
1371645371.02
0.0401501655579
1371645371.05
0.0316288471222
1371645371.11
0.0640962123871
1371645371.18
0.0639109611511
1371645371.41
0.231982946396
1371645371.43
0.0240590572357
1371645371.46
0.0320308208466
1371645371.6
0.136039018631
1371645371.63
0.0319859981537
1371645371.66
0.0327610969543
1371645371.7
0.0394909381866
1371645371.74
0.0319471359253
1371645371.77
0.0320239067078
1371645371.8
0.0325920581818
1371645371.83
0.0311088562012
1371645371.86
0.0321700572968
1371645371.9
0.0319559574127
1371645371.93
0.0320861339569
1371645371.96
0.0319938659668
1371645385.29
13.327876091
1371645385.32
0.0319941043854
1371645385.35
0.032036781311
1371645385.38
0.0322980880737
1371645385.45
0.0636079311371
1371645385.48
0.0319221019745
1371645385.51
0.0320088863373
1371645385.61
0.0959920883179
1371645385.64
0.0345411300659
1371645385.67
0.0304009914398
1371645385.77
0.0951719284058
1371645385.9
0.127974033356
1371645385.94
0.0401439666748
1371645386.11
0.172894001007
1371645386.13
0.0193178653717
1371645386.16
0.0316681861877
1371645386.26
0.0976278781891
1371645386.29
0.0304129123688
1371645386.33
0.0407500267029
1371645386.35
0.0247061252594
1371645386.42
0.0627570152283
1371645386.45
0.0316019058228
1371645386.54
0.0960049629211
1371645386.58
0.0321130752563
1371645386.74
0.168091058731
1371645386.78
0.031919002533
1371645389.72
2.94432902336
1371645389.75
0.0317039489746
1371645391.03
1.27332806587
1371645391.09
0.0627408027649
1371645391.18
0.0961871147156
1371645391.22
0.0325539112091
1371645391.25
0.0311391353607
1371645391.28
0.031928062439
1371645391.31
0.0327627658844
1371645391.34
0.0316340923309
1371645391.38
0.0314569473267
1371645391.41
0.0321910381317
1371645391.45
0.0399129390717
1371645391.48
0.0323572158813
1371645391.51
0.0319228172302
1371645391.64
0.12779211998
1371645391.67
0.0321419239044
1371645391.71
0.0343050956726
1371645391.74
0.0320329666138
1371645391.77
0.0297689437866
1371645391.8
0.0325319766998
1371645391.83
0.0311810970306
1371645391.93
0.0959718227386
1371645391.96
0.0322351455688
1371645391.99
0.034108877182
1371645392.02
0.0298800468445
1371645392.06
0.0318441390991
1371645392.09
0.0318899154663
1371645392.16
0.0721640586853
1371645392.19
0.0321989059448
1371645392.7
0.512025117874
1371645392.74
0.0316519737244
1371645392.77
0.0329518318176
1371645392.87
0.103238105774
1371645392.9
0.0324330329895
1371645393.17
0.263417959213
1371645393.2
0.0319468975067
1371645393.23
0.0320951938629
1371645393.26
0.0329248905182
1371645393.71
0.448544025421
1371645393.74
0.0305869579315
1371645393.78
0.0323619842529
1371645393.84
0.0641059875488
1371645394.03
0.191462993622
1371645394.07
0.0331871509552
1371645394.1
0.030956029892
1371645394.13
0.0370869636536
1371645394.16
0.027263879776
1371645395.1
0.936110019684
1371645395.1
0.00827407836914
1371645395.26
0.15963101387
1371645395.36
0.0956149101257
1371645395.4
0.0411570072174
1371645395.42
0.0231170654297
1371645395.46
0.0316500663757
1371645395.49
0.0322008132935
1371645395.69
0.200309991837
1371645395.72
0.0315661430359
1371645395.75
0.0319268703461
1371645395.78
0.0320241451263
1371645395.82
0.0322580337524
1371645395.85
0.0315718650818
1371645395.88
0.0321071147919
1371645395.91
0.0337460041046
1371645396.04
0.126573801041
1371645396.07
0.031711101532
1371645396.18
0.105917930603
1371645396.2
0.0222511291504
1371645396.23
0.0323359966278
1371645396.4
0.167392969131
1371645396.47
0.066358089447
1371645396.5
0.0302369594574
1371645396.53
0.0324478149414
1371645396.59
0.0644841194153
1371645396.66
0.0625579357147
1371645396.69
0.0320081710815
1371645396.72
0.0340068340302
1371645400.8
4.07815313339
1371645400.83
0.0318758487701
1371645400.86
0.0318961143494
1371645400.9
0.0321118831635
1371645400.93
0.03338098526
1371645400.96
0.0307970046997
1371645400.99
0.0327231884003
1371645401.03
0.0391039848328
1371645401.06
0.0324568748474
1371645401.13
0.06405210495
1371645401.19
0.0644090175629
1371645401.29
0.0952408313751
1371645401.35
0.064845085144
1371645401.48
0.126923084259
1371645401.51
0.0320680141449
1371645401.54
0.0324358940125
1371645401.58
0.0316779613495
1371645401.61
0.0321850776672
1371645402.42
0.807965993881
1371645402.46
0.0397498607635
1371645402.49
0.032466173172
1371645402.52
0.0320420265198
1371645402.55
0.0330920219421
1371645402.58
0.0303449630737
1371645402.65
0.0639979839325
1371645402.68
0.0344989299774
1371645402.78
0.0938000679016
1371645402.87
0.0960500240326
1371645402.94
0.0635898113251
1371645402.97
0.0322880744934
1371645403.1
0.12774014473
1371645403.17
0.0722999572754
1371645403.2
0.0320198535919
1371645403.3
0.0957629680634
1371645403.34
0.0413281917572
1371645403.37
0.0306618213654
1371645403.4
0.0327341556549
1371645410.82
7.4157948494
1371645410.85
0.0314819812775
1371645410.88
0.0319821834564
1371645410.91
0.0321679115295
1371645410.94
0.0321791172028
1371645410.98
0.0335857868195
1371645411.01
0.0301570892334
1371645411.04
0.0319600105286
1371645411.07
0.0320661067963
1371645411.23
0.15970492363
1371645411.3
0.0721709728241
1371645411.37
0.064220905304
1371645411.43
0.0638492107391
1371645411.46
0.0327758789062
1371645411.5
0.0353620052338
1371645411.53
0.0278010368347
1371645411.56
0.0335159301758
1371645411.59
0.0324840545654
1371645411.69
0.0943241119385
1371645411.72
0.031665802002
1371645411.75
0.0338079929352
1371645412.24
0.486699104309
1371645412.28
0.0394670963287
1371645412.34
0.064169883728
1371645412.38
0.032103061676
1371645412.41
0.0350270271301
1371645412.47
0.0608749389648
1371645412.5
0.0318529605865
1371645412.54
0.0324060916901
1371645412.57
0.0348110198975
1371645412.6
0.0294208526611
1371645412.7
0.0956449508667
1371645413.01
0.310992002487
1371645413.01
0.00151801109314
1371645413.01
1.50203704834e-05
1371645413.12
0.111346960068
1371645413.28
0.160010099411
1371645413.34
0.0637440681458
1371645413.38
0.0320639610291
1371645413.42
0.0403120517731
1371645413.45
0.0318310260773
1371645413.48
0.034393787384
1371645413.51
0.0298101902008
1371645413.54
0.0318899154663
1371645413.58
0.0324981212616
1371645413.61
0.0319108963013
1371645413.64
0.0313949584961
1371645413.67
0.0321199893951
1371645413.7
0.0318081378937
1371645413.9
0.192732810974
1371645413.93
0.0317711830139
1371645414.09
0.160269975662
1371645414.16
0.0711278915405
1371645414.19
0.0323600769043
1371645414.22
0.0318019390106
1371645414.42
0.192620992661
1371645414.45
0.0316381454468
1371645414.48
0.0321559906006
1371645414.61
0.127906799316
1371645414.7
0.0956530570984
1371645414.77
0.0643610954285
1371645414.81
0.0401420593262
1371645414.84
0.033989906311
1371645414.9
0.0623369216919
1371645414.97
0.0633749961853
1371645415.06
0.0960931777954
1371645415.19
0.128326892853
1371645415.26
0.0635950565338
1371645415.29
0.0318968296051
1371645415.32
0.0321090221405
1371645415.35
0.0317721366882
1371645415.38
0.0327398777008
1371645416.49
1.10340499878
1371645416.55
0.0637140274048
1371645416.58
0.0331060886383
1371645416.81
0.223304033279
1371645416.84
0.0318839550018
1371645416.91
0.0722279548645
1371645417.13
0.215826034546
1371645417.13
0.000256061553955
1371645417.78
0.655581951141
1371645417.82
0.0324928760529
1371645418.14
0.319617986679
1371645418.18
0.0398631095886
1371645418.2
0.0239949226379
1371645418.23
0.0319111347198
1371645419.44
1.20701384544
1371645419.44
5.81741333008e-05
1371645419.44
7.86781311035e-06
1371645419.44
8.10623168945e-06
1371645419.6
0.157909870148
1371645419.63
0.0351991653442
1371645419.82
0.192084789276
1371645419.86
0.0333051681519
1371645420.14
0.28705406189
1371645420.27
0.127631902695
1371645420.31
0.0398559570312
1371645420.44
0.127913951874
1371645420.5
0.0644211769104
1371645420.6
0.095841884613
1371645420.66
0.0636539459229
1371645420.7
0.0321271419525
1371645420.82
0.127981901169
1371645423.97
3.14409208298
1371645424.06
0.0960040092468
1371645424.1
0.0320558547974
1371645424.26
0.162922143936
1371645424.29
0.0295989513397
1371645424.32
0.0314660072327
1371645424.35
0.0322549343109
1371645424.38
0.0315101146698
1371645424.49
0.105269908905
1371645424.58
0.0948209762573
1371645424.62
0.0319340229034
1371645424.66
0.0402340888977
1371645424.69
0.0317449569702
1371645424.72
0.0319359302521
1371645424.75
0.032212972641
1371645424.78
0.0319449901581
1371645424.85
0.0646190643311
1371645424.88
0.0354111194611
1371645424.91
0.0281569957733
1371645424.94
0.0321338176727
1371645424.98
0.0319051742554
1371645425.01
0.0337338447571
1371645425.07
0.0628900527954
1371645425.1
0.0313100814819
1371645425.18
0.0734059810638
1371645425.21
0.0310308933258
1371645425.24
0.0316390991211
1371645427.08
1.840061903
1371645427.11
0.0315959453583
1371645427.14
0.0322911739349
1371645427.18
0.0396900177002
1371645427.22
0.0321788787842
1371645427.38
0.160041093826
1371645427.41
0.0325930118561
1371645427.44
0.0337369441986
1371645427.47
0.0297880172729
1371645427.66
0.192313909531
1371645427.7
0.0329411029816
1371645427.82
0.127013921738
1371645427.86
0.0395450592041
1371645427.9
0.0329549312592
1371645427.93
0.0308921337128
1371645428.06
0.128350973129
1371645428.1
0.0405719280243
1371645428.19
0.0967969894409
1371645428.22
0.0305819511414
1371645428.29
0.0639541149139
1371645428.35
0.0643079280853
1371645428.38
0.0317189693451
1371645428.42
0.0317940711975
1371645428.45
0.032350063324
1371645428.55
0.0981409549713
1371645428.58
0.038162946701
1371645428.62
0.0316109657288
1371645435.38
6.7602391243
1371645435.41
0.031879901886
1371645435.48
0.0715370178223
1371645435.54
0.0646419525146
1371645435.61
0.0637090206146
1371645435.7
0.0959799289703
1371645435.8
0.0958411693573
1371645435.83
0.0318899154663
1371645435.86
0.0325479507446
1371645435.9
0.0346031188965
1371645435.93
0.0291709899902
1371645435.99
0.0650150775909
1371645436.02
0.0308649539948
1371645436.06
0.0319130420685
1371645436.16
0.107168912888
1371645436.45
0.284801959991
1371645436.58
0.128062009811
1371645436.61
0.0318191051483
1371645436.64
0.0320999622345
1371645436.67
0.0320248603821
1371645436.7
0.0324470996857
1371645436.74
0.0314559936523
1371645436.78
0.0442490577698
1371645436.81
0.0283019542694
1371645436.84
0.0318760871887
1371645436.87
0.0317928791046
1371645440.78
3.91186499596
1371645440.82
0.0321640968323
1371645441.02
0.20003080368
1371645441.05
0.0320560932159
1371645441.11
0.063873052597
1371645441.44
0.324142932892
1371645441.63
0.196493148804
1371645441.82
0.191297769547
1371645441.86
0.0323011875153
1371645442.11
0.256526947021
1371645442.18
0.0706839561462
1371645442.21
0.0250110626221
1371645442.24
0.0315799713135
1371645442.27
0.0318830013275
1371645442.31
0.0402109622955
1371645442.34
0.0319340229034
1371645442.38
0.0320611000061
1371645442.61
0.235248804092
1371645442.61
1.81198120117e-05
1371645442.61
1.4066696167e-05
1371645442.61
0.00103282928467
1371645442.61
1.31130218506e-05
1371645442.61
1.4066696167e-05
1371645442.61
1.28746032715e-05
1371645442.63
0.0195231437683
1371645442.7
0.0640788078308
1371645442.76
0.0638630390167
1371645442.79
0.0330719947815
1371645442.92
0.127049922943
1371645442.95
0.0319511890411
1371645443.02
0.0719728469849
1371645443.12
0.0960881710052
1371645443.16
0.0407288074493
1371645443.22
0.0553200244904
1371645443.28
0.0638000965118
1371645443.31
0.0322089195251
1371645470.25
26.935863018
1371645470.28
0.0318701267242
1371645470.31
0.0319018363953
1371645470.34
0.0322949886322
1371645470.38
0.0317871570587
1371645470.44
0.0644710063934
1371645470.48
0.0385758876801
1371645470.51
0.0329849720001
1371645470.54
0.0319261550903
1371645470.58
0.0319879055023
1371645470.64
0.0642969608307
1371645470.67
0.0318579673767
1371645470.77
0.0959169864655
1371645470.83
0.0639991760254
1371645470.9
0.064239025116
1371645470.93
0.0324249267578
1371645470.96
0.0325150489807
1371645470.99
0.0311479568481
1371645471.02
0.0316228866577
1371645471.06
0.0334181785583
1371645473.52
2.46333479881
1371645473.58
0.0638120174408
1371645473.62
0.0322570800781
1371645473.88
0.26335811615
1371645473.9
0.0238728523254
1371645473.94
0.0319521427155
1371645473.98
0.0401449203491
1371645474.01
0.0320398807526
1371645474.04
0.0320739746094
1371645474.07
0.0320270061493
1371645474.1
0.0319700241089
1371645474.14
0.031848192215
1371645474.18
0.0400238037109
1371645474.4
0.222565174103
1371645474.4
1.50203704834e-05
1371645474.4
1.28746032715e-05
1371645474.4
6.19888305664e-05
1371645474.53
0.12918305397
1371645474.73
0.200809001923
1371645474.82
0.0953378677368
1371645474.86
0.0398581027985
1371645474.9
0.0321080684662
1371645474.93
0.0324628353119
1371645474.96
0.0344581604004
1371645474.99
0.0307128429413
1371645475.9
0.902894020081
1371645475.93
0.0320279598236
1371645475.96
0.0315990447998
1371645475.99
0.0343480110168
1371645476.09
0.0946640968323
1371645476.13
0.0393450260162
1371645476.5
0.366946935654
1371645476.5
0.00269198417664
1371645476.5
1.50203704834e-05
1371645476.5
1.4066696167e-05
1371645476.5
1.28746032715e-05
1371645476.54
0.0463371276855
1371645476.58
0.0316398143768
1371645476.61
0.0327320098877
1371645476.65
0.0390841960907
1371645476.67
0.0239958763123
1371645476.7
0.0321440696716
1371645477.16
0.456027984619
1371645477.19
0.0319700241089
1371645477.22
0.0318598747253
1371645477.26
0.0320861339569
1371645477.39
0.136020898819
1371645477.52
0.128185987473
1371645477.9
0.384061098099
1371645477.94
0.0317480564117
1371645477.97
0.0319199562073
1371645478.01
0.039892911911
1371645478.03
0.0240249633789
1371645478.06
0.0321791172028
1371645478.1
0.0404748916626
1371645478.14
0.0313880443573
1371645478.17
0.0320250988007
1371645478.2
0.032821893692
1371645478.23
0.03116106987
1371645478.37
0.136386871338
1371645478.4
0.0315101146698
1371645478.43
0.0320448875427
1371645478.53
0.0962500572205
1371645478.62
0.0958890914917
1371645478.66
0.0324759483337
1371645478.69
0.0315089225769
1371645478.72
0.0323090553284
1371645478.75
0.031937122345
1371645478.79
0.0415089130402
1371645478.86
0.0624079704285
1371645478.99
0.129415988922
1371645479.05
0.0640830993652
1371645479.08
0.0307569503784
1371645479.11
0.0314679145813
1371645479.14
0.0322480201721
1371645479.18
0.0339069366455
1371645479.34
0.157921075821
1371645479.37
0.032112121582
1371645479.4
0.0323708057404
1371645479.43
0.0315930843353
1371645479.47
0.0402328968048
1371645479.5
0.0323090553284
1371645479.63
0.127254009247
1371645479.7
0.0643539428711
1371645479.79
0.0964350700378
1371645479.83
0.0330679416656
1371645479.86
0.030296087265
1371645479.89
0.0320010185242
1371645479.98
0.0968720912933
1371645491.29
11.3037748337
1371645491.32
0.0321221351624
1371645491.35
0.0311238765717
1371645491.97
0.616641998291
1371645492.0
0.0315589904785
1371645492.03
0.0320119857788
1371645492.06
0.0319311618805
1371645492.16
0.0959949493408
1371645492.19
0.0322580337524
1371645492.35
0.159672021866
1371645492.38
0.0320599079132
1371645492.42
0.0323469638824
1371645492.74
0.327636957169
1371645492.87
0.12798500061
1371645492.9
0.0322229862213
1371645493.0
0.0973391532898
1371645493.03
0.0311880111694
1371645493.06
0.0313589572906
1371645493.38
0.319225072861
1371645493.38
1.47819519043e-05
1371645493.38
1.31130218506e-05
1371645493.39
0.00923991203308
1371645494.26
0.871495008469
1371645494.39
0.128576040268
1371645494.42
0.0315721035004
1371645495.66
1.24030184746
1371645495.67
0.00187611579895
1371645495.67
1.28746032715e-05
1371645495.67
1.21593475342e-05
1371645495.67
1.19209289551e-05
1371645495.67
1.00135803223e-05
1371645495.84
0.177098989487
1371645495.85
0.00250697135925
1371645496.02
0.17196893692
1371645496.05
0.0299201011658
1371645496.14
0.0960700511932
1371645496.18
0.0325059890747
1371645496.21
0.0316078662872
1371645496.24
0.0321671962738
1371645496.27
0.0317249298096
1371645497.34
1.07227802277
1371645497.38
0.0316660404205
1371645497.41
0.0321369171143
1371645497.44
0.0363790988922
1371645497.6
0.155520915985
1371645497.63
0.0319728851318
1371645497.66
0.03209400177
1371645497.7
0.0340991020203
1371645497.76
0.0634329319
1371645497.79
0.0310649871826
1371645497.82
0.0312960147858
1371645498.06
0.232089996338
1371645498.28
0.224117994308
1371645498.31
0.0321199893951
1371645498.66
0.351552963257
1371645498.7
0.040018081665
1371645498.74
0.0320539474487
1371645499.02
0.287938117981
1371645499.06
0.0324640274048
1371645499.15
0.0957119464874
1371645499.22
0.06414103508
1371645499.26
0.039813041687
1371645499.28
0.0240399837494
1371645499.31
0.0325119495392
1371645499.34
0.0313529968262
1371645509.17
9.8245909214
1371645509.2
0.0314400196075
1371645509.24
0.0401649475098
1371645509.27
0.0318729877472
s=225.215508938
i=979
Avg=0.23
