1371645275.76
1371645277.57
1.80884814262
1371645283.9
6.33493280411
1371645289.6
5.69857001305
1371645295.91
6.31112098694
1371645302.32
6.41020512581
1371645308.17
5.84608006477
1371645313.29
5.12699699402
1371645319.55
6.25498485565
1371645326.03
6.48338007927
1371645332.51
6.47427606583
1371645338.67
6.1621158123
1371645345.07
6.40475702286
1371645351.03
5.95875310898
1371645357.64
6.60351705551
1371645363.9
6.26667881012
1371645370.31
6.40668201447
1371645376.7
6.39498209953
1371645383.21
6.50616908073
1371645389.6
6.38569092751
1371645395.09
5.49867105484
1371645400.24
5.14216685295
1371645406.64
6.39964199066
1371645413.01
6.36972212791
1371645419.43
6.42474603653
1371645425.83
6.39674282074
1371645432.2
6.37714409828
1371645438.51
6.30046010017
1371645444.66
6.15367388725
1371645451.01
6.34926104546
1371645457.33
6.31806993484
1371645463.87
6.54367303848
1371645470.21
6.33766698837
1371645476.49
6.28336787224
1371645482.85
6.35789203644
1371645489.26
6.41491007805
1371645495.66
6.39953899384
1371645501.52
5.85838103294
1371645507.86
6.33414196968
s=232.098613024
i=40
Avg=5.8025
