1371645274.11
1371645277.14
3.03782105446
1371645283.42
6.27254891396
1371645289.18
5.76390910149
1371645295.52
6.3435049057
1371645301.95
6.42451405525
1371645307.77
5.82025289536
1371645312.83
5.06338620186
1371645319.17
6.33628487587
1371645325.61
6.4395570755
1371645332.04
6.42778587341
1371645338.27
6.22923803329
1371645344.69
6.42656803131
1371645350.66
5.96720910072
1371645357.07
6.40975880623
1371645363.51
6.44527220726
1371645369.92
6.40892982483
1371645376.27
6.34627795219
1371645382.72
6.44761514664
1371645389.11
6.39509487152
1371645394.64
5.52578806877
1371645399.77
5.13720798492
1371645406.17
6.39250397682
1371645412.54
6.37299609184
1371645418.95
6.40765285492
1371645425.37
6.41712617874
1371645431.76
6.39328598976
1371645437.98
6.21949696541
1371645444.14
6.16582989693
1371645450.49
6.35086512566
1371645456.9
6.40880084038
1371645463.41
6.50653600693
1371645469.78
6.36695814133
1371645476.0
6.22781705856
1371645482.42
6.41547584534
1371645488.82
6.40421795845
1371645495.2
6.37420415878
1371645501.05
5.84641385078
1371645507.41
6.36371803284
s=233.302423954
i=40
Avg=5.8326
