1371645275.33
1371645275.76
0.433133840561
1371645275.76
0.00409507751465
1371645275.76
1.09672546387e-05
1371645275.76
8.10623168945e-06
1371645275.93
0.166637897491
1371645276.03
0.0971541404724
1371645276.13
0.1003677845
1371645276.23
0.0997631549835
1371645276.43
0.199718952179
1371645276.53
0.100353002548
1371645276.63
0.100099086761
1371645276.73
0.0999519824982
1371645276.83
0.100018024445
1371645276.93
0.100368976593
1371645277.03
0.101817846298
1371645277.13
0.0977210998535
1371645277.25
0.11959195137
1371645277.57
0.318654060364
1371645277.57
0.00454807281494
1371645277.57
2.98023223877e-05
1371645277.63
0.0571980476379
1371645277.73
0.0998680591583
1371645277.83
0.10000705719
1371645277.93
0.101423978806
1371645278.03
0.0995519161224
1371645278.13
0.10009098053
1371645278.23
0.100118160248
1371645278.33
0.100533008575
1371645278.43
0.0993418693542
1371645278.53
0.0997219085693
1371645278.63
0.10139799118
1371645278.73
0.0987260341644
1371645278.83
0.100646018982
1371645278.93
0.103955984116
1371645279.03
0.0969040393829
1371645279.13
0.0984230041504
1371645279.23
0.100063085556
1371645279.33
0.100263834
1371645279.43
0.100271224976
1371645279.53
0.0994288921356
1371645279.63
0.100169897079
1371645279.73
0.100326061249
1371645279.83
0.0997080802917
1371645279.93
0.100589990616
1371645280.03
0.0996520519257
1371645280.13
0.099310874939
1371645280.23
0.0999009609222
1371645280.33
0.10113120079
1371645280.43
0.09907579422
1371645280.53
0.100900173187
1371645280.63
0.0999789237976
1371645280.73
0.100303888321
1371645280.83
0.0999000072479
1371645280.93
0.0996689796448
1371645281.03
0.100951194763
1371645281.13
0.0995218753815
1371645281.23
0.101094007492
1371645281.33
0.099240064621
1371645281.43
0.0995309352875
1371645281.53
0.100479125977
1371645281.78
0.248275995255
1371645281.78
0.000213861465454
1371645281.83
0.051609992981
1371645281.93
0.101595163345
1371645282.03
0.0984218120575
1371645282.13
0.100232124329
1371645282.23
0.0992050170898
1371645282.33
0.100334882736
1371645282.43
0.0996999740601
1371645282.53
0.0999040603638
1371645282.63
0.100218057632
1371645282.73
0.100803852081
1371645282.83
0.100144147873
1371645282.93
0.102449893951
1371645283.03
0.0987441539764
1371645283.13
0.0996060371399
1371645283.23
0.101140975952
1371645283.33
0.0980048179626
1371645283.43
0.101692199707
1371645283.53
0.0990250110626
1371645283.63
0.0995528697968
1371645283.9
0.27191901207
1371645283.9
0.00120806694031
1371645283.93
0.0283699035645
1371645284.03
0.098384141922
1371645284.13
0.100458860397
1371645284.23
0.0994679927826
1371645284.33
0.100078105927
1371645284.43
0.0996530056
1371645284.53
0.100409030914
1371645284.63
0.0998327732086
1371645284.73
0.10023522377
1371645284.83
0.0995998382568
1371645284.93
0.0997569561005
1371645285.03
0.100647211075
1371645285.13
0.0994749069214
1371645285.24
0.106350898743
1371645285.33
0.0953900814056
1371645285.43
0.0993940830231
1371645285.53
0.101768016815
1371645285.63
0.0980079174042
1371645285.73
0.101533889771
1371645285.83
0.0991070270538
1371645285.93
0.100151062012
1371645286.03
0.0999760627747
1371645286.13
0.099949836731
1371645286.23
0.0996961593628
1371645286.33
0.100997924805
1371645286.44
0.107258081436
1371645286.53
0.0920028686523
1371645286.63
0.099641084671
1371645286.73
0.100461959839
1371645286.83
0.099828004837
1371645286.93
0.10060095787
1371645287.03
0.0994200706482
1371645287.13
0.100550889969
1371645287.23
0.0993590354919
1371645287.33
0.0995869636536
1371645287.43
0.100192070007
1371645287.53
0.100260019302
1371645287.63
0.0995581150055
1371645287.73
0.10185790062
1371645287.98
0.24796295166
1371645287.98
1.31130218506e-05
1371645288.03
0.0518958568573
1371645288.13
0.100634098053
1371645288.23
0.0988118648529
1371645288.33
0.100025177002
1371645288.43
0.0998148918152
1371645288.53
0.100051164627
1371645288.64
0.10249876976
1371645288.73
0.0981922149658
1371645288.83
0.0997478961945
1371645288.93
0.100032091141
1371645289.03
0.0995709896088
1371645289.13
0.100777864456
1371645289.24
0.102313041687
1371645289.33
0.0975949764252
1371645289.6
0.267075061798
1371645289.6
5.00679016113e-05
1371645289.63
0.0329079627991
1371645289.73
0.100827932358
1371645289.83
0.100542068481
1371645289.93
0.0986280441284
1371645290.03
0.100040912628
1371645290.13
0.100282907486
1371645290.23
0.0988531112671
1371645290.33
0.100503921509
1371645290.43
0.100800991058
1371645290.53
0.0997800827026
1371645290.63
0.100709915161
1371645290.73
0.100087165833
1371645290.83
0.0992000102997
1371645290.93
0.100298881531
1371645291.03
0.100614070892
1371645291.13
0.0992460250854
1371645291.23
0.100291967392
1371645291.33
0.0996298789978
1371645291.43
0.100737094879
1371645291.53
0.0990409851074
1371645291.63
0.10053396225
1371645291.74
0.110417127609
1371645291.83
0.089439868927
1371645291.94
0.111017942429
1371645292.03
0.0893080234528
1371645292.13
0.0997591018677
1371645292.23
0.0997228622437
1371645292.33
0.0999281406403
1371645292.43
0.100272893906
1371645292.53
0.100317001343
1371645292.63
0.0993421077728
1371645292.73
0.100764036179
1371645292.83
0.0996990203857
1371645292.93
0.100068807602
1371645293.04
0.10121512413
1371645293.14
0.100112915039
1371645293.23
0.0993721485138
1371645293.34
0.100389003754
1371645293.43
0.0992939472198
1371645293.53
0.100456953049
1371645293.78
0.245152950287
1371645293.78
0.00314402580261
1371645293.84
0.0594840049744
1371645293.94
0.0928440093994
1371645294.03
0.0993030071259
1371645294.14
0.100656986237
1371645294.24
0.099720954895
1371645294.34
0.100059986115
1371645294.43
0.0992350578308
1371645294.53
0.100018024445
1371645294.64
0.106014966965
1371645294.74
0.0945160388947
1371645294.84
0.100322961807
1371645294.93
0.0991311073303
1371645295.04
0.100749015808
1371645295.14
0.10222196579
1371645295.23
0.0974860191345
1371645295.33
0.0997529029846
1371645295.44
0.101888895035
1371645295.54
0.0992121696472
1371645295.64
0.101229906082
1371645295.92
0.285187005997
1371645295.93
0.0103149414062
1371645295.94
0.00637817382812
1371645296.04
0.0968008041382
1371645296.14
0.100475072861
1371645296.24
0.0995070934296
1371645296.34
0.100755929947
1371645296.44
0.100358963013
1371645296.54
0.0993120670319
1371645296.64
0.0995330810547
1371645296.74
0.100713014603
1371645296.84
0.099081993103
1371645296.94
0.100042819977
1371645297.04
0.101155996323
1371645297.14
0.0992770195007
1371645297.24
0.0995349884033
1371645297.34
0.10066318512
1371645297.44
0.100154876709
1371645297.54
0.0993320941925
1371645297.64
0.10186290741
1371645297.74
0.0988869667053
1371645297.84
0.101107120514
1371645297.94
0.0996119976044
1371645298.04
0.0999658107758
1371645298.14
0.0999200344086
1371645298.24
0.0995750427246
1371645298.34
0.100486040115
1371645298.44
0.0997519493103
1371645298.54
0.100188016891
1371645298.64
0.10086607933
1371645298.74
0.0991480350494
1371645298.84
0.0998959541321
1371645298.94
0.100106954575
1371645299.04
0.100140094757
1371645299.14
0.101769924164
1371645299.24
0.0977449417114
1371645299.34
0.100232124329
1371645299.44
0.102829933167
1371645299.54
0.0973279476166
1371645299.64
0.100950956345
1371645299.74
0.0985751152039
1371645299.84
0.100908041
1371645300.1
0.264163970947
1371645300.1
0.000607013702393
1371645300.14
0.0355310440063
1371645300.24
0.0999858379364
1371645300.34
0.0987141132355
1371645300.44
0.101225852966
1371645300.54
0.100074052811
1371645300.64
0.100487947464
1371645300.74
0.0995831489563
1371645300.84
0.100168943405
1371645300.94
0.10044503212
1371645301.04
0.100049972534
1371645301.14
0.101134061813
1371645301.24
0.0980620384216
1371645301.34
0.0998208522797
1371645301.44
0.101027011871
1371645301.54
0.0990560054779
1371645301.64
0.100069046021
1371645301.74
0.100432872772
1371645301.84
0.100771188736
1371645301.94
0.101405858994
1371645302.04
0.098699092865
1371645302.32
0.285510063171
1371645302.33
0.00230097770691
1371645302.34
0.0178480148315
1371645302.44
0.0935750007629
1371645302.54
0.0994658470154
1371645302.64
0.100852966309
1371645302.74
0.0993630886078
1371645302.84
0.100749015808
1371645302.94
0.100029945374
1371645303.04
0.100435018539
1371645303.14
0.0993950366974
1371645303.24
0.100459098816
1371645303.34
0.0997779369354
1371645303.44
0.0996990203857
1371645303.54
0.100677013397
1371645303.64
0.0998468399048
1371645303.74
0.0995490550995
1371645303.84
0.100672960281
1371645303.94
0.0995509624481
1371645304.04
0.100327014923
1371645304.14
0.0993301868439
1371645304.24
0.100156784058
1371645304.34
0.100229024887
1371645304.44
0.103038072586
1371645304.54
0.0978329181671
1371645304.64
0.0990600585938
1371645304.74
0.100281953812
1371645304.84
0.0997560024261
1371645304.94
0.100562095642
1371645305.04
0.099445104599
1371645305.14
0.0999758243561
1371645305.24
0.10209107399
1371645305.34
0.099406003952
1371645305.44
0.101307868958
1371645305.54
0.0981001853943
1371645305.64
0.100109815598
1371645305.74
0.0998330116272
1371645305.84
0.100503206253
1371645305.94
0.100332975388
1371645306.04
0.0992538928986
1371645306.14
0.100337028503
1371645306.24
0.0999720096588
1371645306.34
0.0996930599213
1371645306.61
0.266013860703
1371645306.61
1.71661376953e-05
1371645306.64
0.0337607860565
1371645306.74
0.100199222565
1371645306.84
0.102242946625
1371645306.94
0.0976600646973
1371645307.04
0.100413799286
1371645307.14
0.100004196167
1371645307.24
0.101061820984
1371645307.34
0.0987219810486
1371645307.44
0.0998351573944
1371645307.54
0.100001811981
1371645307.64
0.100471019745
1371645307.74
0.100033044815
1371645307.87
0.124951124191
1371645308.17
0.305796861649
1371645308.17
5.19752502441e-05
1371645308.17
1.00135803223e-05
1371645308.24
0.0698850154877
1371645308.34
0.0999929904938
1371645308.44
0.10015296936
1371645308.54
0.100791215897
1371645308.64
0.0990159511566
1371645308.74
0.101745843887
1371645308.84
0.098069190979
1371645308.94
0.100564002991
1371645309.04
0.0999989509583
1371645309.14
0.0994009971619
1371645309.24
0.100276947021
1371645309.34
0.100672006607
1371645309.44
0.099142074585
1371645309.54
0.102249860764
1371645309.64
0.0981941223145
1371645309.74
0.0997309684753
1371645309.84
0.100040912628
1371645309.94
0.100502967834
1371645310.04
0.100251197815
1371645310.14
0.0988597869873
1371645310.24
0.100444078445
1371645310.34
0.1008040905
1371645310.44
0.100286960602
1371645310.54
0.0999979972839
1371645310.64
0.100879907608
1371645310.74
0.100476980209
1371645310.84
0.0998990535736
1371645310.94
0.0983140468597
1371645311.04
0.100513935089
1371645311.14
0.100068092346
1371645311.24
0.100551843643
1371645311.34
0.0990672111511
1371645311.44
0.101478815079
1371645311.54
0.0988550186157
1371645311.64
0.0993859767914
1371645311.74
0.100125074387
1371645311.84
0.10199213028
1371645311.94
0.0986568927765
1371645312.04
0.102683067322
1371645312.14
0.0972590446472
1371645312.41
0.265167951584
1371645312.41
1.28746032715e-05
1371645312.44
0.0345060825348
1371645312.54
0.10055398941
1371645312.64
0.0997838973999
1371645312.74
0.100507974625
1371645312.84
0.10126209259
1371645312.94
0.100109100342
1371645313.29
0.350385904312
1371645313.3
0.00180697441101
1371645313.3
1.4066696167e-05
1371645313.34
0.046707868576
1371645313.44
0.100226163864
1371645313.54
0.0992748737335
1371645313.64
0.101803064346
1371645313.74
0.098984003067
1371645313.84
0.0999600887299
1371645313.94
0.101148843765
1371645314.04
0.0994069576263
1371645314.14
0.0990591049194
1371645314.24
0.0999479293823
1371645314.34
0.100016117096
1371645314.44
0.0994930267334
1371645314.54
0.100425958633
1371645314.64
0.100388050079
1371645314.74
0.101537942886
1371645314.84
0.0977129936218
1371645314.94
0.101360082626
1371645315.04
0.0992419719696
1371645315.14
0.0999660491943
1371645315.24
0.0999338626862
1371645315.34
0.101511955261
1371645315.45
0.102189064026
1371645315.54
0.0974290370941
1371645315.64
0.099809885025
1371645315.74
0.100149154663
1371645315.84
0.100113868713
1371645315.95
0.102269172668
1371645316.14
0.198104858398
1371645316.24
0.100461959839
1371645316.34
0.0987551212311
1371645316.44
0.100245952606
1371645316.54
0.0998969078064
1371645316.65
0.101697206497
1371645316.74
0.0982348918915
1371645316.84
0.101078033447
1371645316.94
0.0990068912506
1371645317.04
0.100654125214
1371645317.14
0.0996849536896
1371645317.41
0.262628078461
1371645317.41
1.00135803223e-05
1371645317.44
0.0380299091339
1371645317.54
0.0986089706421
1371645317.64
0.100086927414
1371645317.75
0.1024081707
1371645317.84
0.0987839698792
1371645317.95
0.103235006332
1371645318.04
0.0966868400574
1371645318.15
0.1016061306
1371645318.25
0.100332975388
1371645318.34
0.0981419086456
1371645318.45
0.101620197296
1371645318.54
0.0985429286957
1371645318.65
0.100451946259
1371645318.74
0.0994079113007
1371645318.85
0.101494073868
1371645318.95
0.0999429225922
1371645319.05
0.0988161563873
1371645319.15
0.0999920368195
1371645319.26
0.11040186882
1371645319.56
0.303013086319
1371645319.56
0.000329971313477
1371645319.56
2.59876251221e-05
1371645319.65
0.0870020389557
1371645319.74
0.0991699695587
1371645319.85
0.100359916687
1371645319.95
0.100146055222
1371645320.05
0.100507974625
1371645320.15
0.0995509624481
1371645320.25
0.102989196777
1371645320.35
0.0965859889984
1371645320.45
0.100796937943
1371645320.55
0.10003900528
1371645320.65
0.100996017456
1371645320.75
0.0988788604736
1371645320.85
0.1004550457
1371645320.95
0.102180957794
1371645321.05
0.0973470211029
1371645321.15
0.100265026093
1371645321.25
0.0994989871979
1371645321.35
0.100558042526
1371645321.45
0.0996479988098
1371645321.55
0.100143909454
1371645321.65
0.0998539924622
1371645321.75
0.100800037384
1371645321.85
0.100718975067
1371645321.95
0.0982050895691
1371645322.05
0.10089802742
1371645322.15
0.0993819236755
1371645322.25
0.10051202774
1371645322.35
0.0994210243225
1371645322.45
0.100826978683
1371645322.55
0.0998599529266
1371645322.65
0.099671125412
1371645322.75
0.10057091713
1371645322.85
0.100867986679
1371645322.95
0.0992231369019
1371645323.05
0.100584983826
1371645323.15
0.0997908115387
1371645323.25
0.0995271205902
1371645323.35
0.100339889526
1371645323.45
0.10004401207
1371645323.55
0.0995070934296
1371645323.81
0.267577886581
1371645323.82
0.00151205062866
1371645323.85
0.0313451290131
1371645323.95
0.100380897522
1371645324.05
0.0991809368134
1371645324.15
0.101138114929
1371645324.25
0.0996520519257
1371645324.35
0.103554964066
1371645324.45
0.0973589420319
1371645324.55
0.0989060401917
1371645324.65
0.100792884827
1371645324.75
0.0995571613312
1371645324.85
0.100078821182
1371645324.95
0.100040197372
1371645325.05
0.0990378856659
1371645325.15
0.100791931152
1371645325.25
0.10028219223
1371645325.35
0.10103392601
1371645325.45
0.0998878479004
1371645325.55
0.0990052223206
1371645325.65
0.100547790527
1371645325.75
0.100525140762
1371645326.04
0.292402029037
1371645326.04
0.000388860702515
1371645326.05
0.00729417800903
1371645326.15
0.100630998611
1371645326.26
0.107338905334
1371645326.35
0.0911719799042
1371645326.45
0.100677013397
1371645326.55
0.0995330810547
1371645326.65
0.100035905838
1371645326.75
0.0992839336395
1371645326.85
0.100280046463
1371645326.95
0.100847005844
1371645327.05
0.0990481376648
1371645327.15
0.100653886795
1371645327.25
0.0992650985718
1371645327.35
0.100055932999
1371645327.45
0.100131034851
1371645327.55
0.100538015366
1371645327.65
0.100117921829
1371645327.75
0.100411891937
1371645327.85
0.10048699379
1371645327.95
0.0998260974884
1371645328.05
0.099424123764
1371645328.16
0.107393980026
1371645328.25
0.0932309627533
1371645328.35
0.0994749069214
1371645328.45
0.100453138351
1371645328.55
0.0996799468994
1371645328.65
0.103199958801
1371645328.75
0.0964839458466
1371645328.85
0.100518941879
1371645328.95
0.100342035294
1371645329.05
0.099760055542
1371645329.15
0.100874900818
1371645329.25
0.0994951725006
1371645329.35
0.0999858379364
1371645329.45
0.101294994354
1371645329.55
0.0996401309967
1371645329.65
0.0989918708801
1371645329.75
0.0994992256165
1371645329.85
0.100111961365
1371645329.95
0.0998549461365
1371645330.22
0.275326967239
1371645330.22
5.79357147217e-05
1371645330.25
0.0273909568787
1371645330.35
0.097944021225
1371645330.45
0.100429058075
1371645330.55
0.099730014801
1371645330.65
0.100677013397
1371645330.75
0.0996980667114
1371645330.85
0.099860906601
1371645330.95
0.100400924683
1371645331.05
0.0993301868439
1371645331.15
0.100926876068
1371645331.25
0.0991990566254
1371645331.35
0.0999240875244
1371645331.45
0.100198984146
1371645331.55
0.100529909134
1371645331.65
0.0993049144745
1371645331.75
0.100624084473
1371645331.85
0.100078105927
1371645331.95
0.0998518466949
1371645332.05
0.0997700691223
1371645332.15
0.100373983383
1371645332.25
0.0993540287018
1371645332.51
0.257061958313
1371645332.51
0.0024471282959
1371645332.55
0.0415289402008
1371645332.65
0.100512981415
1371645332.75
0.0995519161224
1371645332.85
0.0999841690063
1371645332.95
0.100114822388
1371645333.05
0.101763010025
1371645333.15
0.098562002182
1371645333.25
0.100031137466
1371645333.35
0.10099697113
1371645333.45
0.0996239185333
1371645333.55
0.0992829799652
1371645333.65
0.0997309684753
1371645333.75
0.0998780727386
1371645333.85
0.100852012634
1371645333.95
0.0997700691223
1371645334.05
0.0995419025421
1371645334.15
0.100178956985
1371645334.25
0.1001060009
1371645334.35
0.101093053818
1371645334.45
0.0992929935455
1371645334.55
0.0991270542145
1371645334.65
0.100787878036
1371645334.75
0.0997791290283
1371645334.85
0.0995719432831
1371645334.95
0.101068973541
1371645335.05
0.0993189811707
1371645335.15
0.0997540950775
1371645335.25
0.101444005966
1371645335.35
0.099858045578
1371645335.45
0.100109815598
1371645335.55
0.0989861488342
1371645335.65
0.101922035217
1371645335.75
0.0995759963989
1371645335.85
0.100251913071
1371645335.95
0.0985419750214
1371645336.05
0.100306987762
1371645336.15
0.0999240875244
1371645336.25
0.0997538566589
1371645336.35
0.103108167648
1371645336.6
0.244343996048
1371645336.6
0.000401973724365
1371645336.65
0.0523209571838
1371645336.75
0.100051879883
1371645336.86
0.104225158691
1371645336.95
0.0960600376129
1371645337.05
0.0996639728546
1371645337.15
0.10011100769
1371645337.25
0.099524974823
1371645337.35
0.100455999374
1371645337.45
0.0996599197388
1371645337.55
0.100414991379
1371645337.65
0.102798938751
1371645337.75
0.0985162258148
1371645337.85
0.101168870926
1371645337.95
0.0982151031494
1371645338.05
0.100435018539
1371645338.15
0.0996778011322
1371645338.25
0.0997881889343
1371645338.36
0.102785825729
1371645338.67
0.313920021057
1371645338.67
0.00424814224243
1371645338.67
1.50203704834e-05
1371645338.75
0.0789837837219
1371645338.85
0.100606203079
1371645338.95
0.0997569561005
1371645339.05
0.0998589992523
1371645339.15
0.10066485405
1371645339.25
0.0998442173004
1371645339.35
0.100222826004
1371645339.45
0.100110054016
1371645339.55
0.0990509986877
1371645339.65
0.100126028061
1371645339.75
0.0998668670654
1371645339.85
0.100051164627
1371645339.95
0.102033853531
1371645340.05
0.0985450744629
1371645340.15
0.100224018097
1371645340.25
0.1001060009
1371645340.35
0.100579977036
1371645340.45
0.099170923233
1371645340.55
0.100496053696
1371645340.65
0.100050926208
1371645340.75
0.0995671749115
1371645340.85
0.10014295578
1371645340.95
0.0997669696808
1371645341.06
0.101819992065
1371645341.15
0.0993549823761
1371645341.25
0.0987601280212
1371645341.35
0.100202798843
1371645341.45
0.100788116455
1371645341.55
0.0989890098572
1371645341.65
0.100305080414
1371645341.75
0.10098695755
1371645341.85
0.0999689102173
1371645341.96
0.100679159164
1371645342.05
0.0990328788757
1371645342.15
0.0990889072418
1371645342.25
0.101231098175
1371645342.35
0.0989310741425
1371645342.46
0.102335929871
1371645342.55
0.0979640483856
1371645342.85
0.292247056961
1371645342.85
0.00468778610229
1371645342.85
0.00397300720215
1371645342.95
0.0997941493988
1371645343.06
0.100308895111
1371645343.16
0.101802110672
1371645343.25
0.0980968475342
1371645343.36
0.100745201111
1371645343.45
0.09898686409
1371645343.55
0.10006403923
1371645343.66
0.100936889648
1371645343.75
0.0991721153259
1371645343.86
0.101327896118
1371645343.95
0.0986771583557
1371645344.06
0.100195884705
1371645344.15
0.099858045578
1371645344.25
0.100034952164
1371645344.36
0.100203037262
1371645344.46
0.100837945938
1371645344.55
0.0986959934235
1371645344.66
0.100675106049
1371645344.77
0.112384080887
1371645345.07
0.306824922562
1371645345.08
0.00374603271484
1371645345.08
1.09672546387e-05
1371645345.16
0.07728099823
1371645345.26
0.100899934769
1371645345.36
0.100326061249
1371645345.46
0.0992929935455
1371645345.56
0.100060939789
1371645345.66
0.0998239517212
1371645345.76
0.100121021271
1371645345.86
0.0999970436096
1371645345.96
0.100482940674
1371645346.06
0.0996770858765
1371645346.16
0.0995380878448
1371645346.26
0.100550889969
1371645346.36
0.0997579097748
1371645346.46
0.101011991501
1371645346.56
0.0997250080109
1371645346.66
0.0994441509247
1371645346.76
0.10021686554
1371645346.86
0.100293159485
1371645346.96
0.099170923233
1371645347.06
0.0999779701233
1371645347.16
0.100165128708
1371645347.26
0.101856946945
1371645347.36
0.0976459980011
1371645347.46
0.100558996201
1371645347.56
0.100148916245
1371645347.66
0.0999579429626
1371645347.76
0.100817203522
1371645347.86
0.100224971771
1371645347.96
0.0999269485474
1371645348.06
0.0998599529266
1371645348.16
0.0996940135956
1371645348.26
0.100538015366
1371645348.36
0.0994250774384
1371645348.46
0.100693941116
1371645348.56
0.100239038467
1371645348.66
0.0998158454895
1371645348.76
0.0995461940765
1371645348.86
0.100041866302
1371645348.96
0.100039958954
1371645349.06
0.099573135376
1371645349.31
0.25350689888
1371645349.31
0.00298094749451
1371645349.36
0.0436630249023
1371645349.46
0.10039305687
1371645349.56
0.0997710227966
1371645349.66
0.100779056549
1371645349.76
0.0993008613586
1371645349.86
0.0997920036316
1371645349.96
0.0997381210327
1371645350.06
0.099760055542
1371645350.16
0.10157084465
1371645350.26
0.100998163223
1371645350.36
0.0993669033051
1371645350.46
0.101037025452
1371645350.56
0.0981049537659
1371645350.66
0.103013038635
1371645350.76
0.0981299877167
1371645351.05
0.287453889847
1371645351.05
5.41210174561e-05
1371645351.06
0.0121729373932
1371645351.16
0.0993020534515
1371645351.26
0.100863933563
1371645351.36
0.0991790294647
1371645351.46
0.100830078125
1371645351.56
0.0994348526001
1371645351.66
0.100890159607
1371645351.76
0.0995779037476
1371645351.86
0.100374937057
1371645351.96
0.0986461639404
1371645352.06
0.100126028061
1371645352.16
0.101184844971
1371645352.26
0.0987279415131
1371645352.36
0.100226163864
1371645352.46
0.0999548435211
1371645352.56
0.10088300705
1371645352.66
0.101760149002
1371645352.76
0.0982010364532
1371645352.86
0.100636005402
1371645352.96
0.0999319553375
1371645353.06
0.0994129180908
1371645353.16
0.10049700737
1371645353.26
0.0998449325562
1371645353.36
0.100037097931
1371645353.46
0.100192070007
1371645353.56
0.0995948314667
1371645353.66
0.100011110306
1371645353.76
0.100311994553
1371645353.86
0.100084066391
1371645353.96
0.100621938705
1371645354.06
0.0990619659424
1371645354.16
0.101463079453
1371645354.26
0.0991628170013
1371645354.36
0.0992171764374
1371645354.46
0.10174202919
1371645354.56
0.099250793457
1371645354.66
0.0996840000153
1371645354.76
0.0996811389923
1371645354.86
0.100538015366
1371645354.96
0.0992949008942
1371645355.06
0.0997631549835
1371645355.3
0.244263887405
1371645355.3
1.31130218506e-05
1371645355.36
0.0580379962921
1371645355.46
0.0994148254395
1371645355.56
0.0994679927826
1371645355.66
0.100614070892
1371645355.76
0.099879026413
1371645355.86
0.102027893066
1371645355.96
0.0974180698395
1371645356.06
0.100345134735
1371645356.16
0.100470781326
1371645356.26
0.099641084671
1371645356.36
0.0998101234436
1371645356.46
0.0995450019836
1371645356.56
0.100057840347
1371645356.66
0.101017951965
1371645356.77
0.106770038605
1371645356.86
0.0928711891174
1371645356.96
0.100220918655
1371645357.06
0.100161075592
1371645357.16
0.101260900497
1371645357.26
0.0982329845428
1371645357.36
0.0998709201813
1371645357.64
0.277703046799
1371645357.64
0.00132012367249
1371645357.66
0.0221059322357
1371645357.76
0.100449085236
1371645357.86
0.0995218753815
1371645357.96
0.100758075714
1371645358.06
0.0997040271759
1371645358.16
0.0992958545685
1371645358.26
0.100388050079
1371645358.36
0.100279092789
1371645358.46
0.0998668670654
1371645358.56
0.0998561382294
1371645358.66
0.101235866547
1371645358.76
0.0983221530914
1371645358.86
0.100140810013
1371645358.96
0.100196123123
1371645359.06
0.0999879837036
1371645359.16
0.0995850563049
1371645359.26
0.0999338626862
1371645359.36
0.102339982986
1371645359.46
0.0976111888885
1371645359.56
0.101100921631
1371645359.66
0.099436044693
1371645359.76
0.0995888710022
1371645359.86
0.100269079208
1371645359.96
0.0998558998108
1371645360.06
0.100914001465
1371645360.16
0.100129127502
1371645360.26
0.100227832794
1371645360.36
0.0995810031891
1371645360.46
0.100933074951
1371645360.56
0.0991969108582
1371645360.76
0.199751138687
1371645360.86
0.100558042526
1371645360.96
0.0997929573059
1371645361.06
0.100938081741
1371645361.16
0.099280834198
1371645361.26
0.100185155869
1371645361.36
0.0996119976044
1371645361.46
0.100311994553
1371645361.68
0.219699859619
1371645361.68
1.21593475342e-05
1371645361.76
0.0801618099213
1371645361.86
0.0998170375824
1371645361.96
0.0998129844666
1371645362.06
0.100394964218
1371645362.16
0.0996911525726
1371645362.26
0.0999238491058
1371645362.36
0.10041809082
1371645362.46
0.0997650623322
1371645362.56
0.10019493103
1371645362.66
0.101249933243
1371645362.76
0.100251197815
1371645362.86
0.0990688800812
1371645362.96
0.102031946182
1371645363.06
0.0987620353699
1371645363.16
0.0998320579529
1371645363.26
0.100013971329
1371645363.36
0.0997710227966
1371645363.46
0.0998170375824
1371645363.56
0.100363969803
1371645363.9
0.339230060577
1371645363.91
0.00353598594666
1371645363.91
1.8835067749e-05
1371645363.96
0.0571811199188
1371645364.06
0.0994329452515
1371645364.16
0.100294113159
1371645364.26
0.10066986084
1371645364.36
0.0990660190582
1371645364.46
0.101233959198
1371645364.56
0.0993959903717
1371645364.66
0.0995600223541
1371645364.76
0.100134134293
1371645364.86
0.100324869156
1371645364.96
0.0997970104218
1371645365.06
0.101808071136
1371645365.16
0.0992000102997
1371645365.27
0.101783037186
1371645365.36
0.0982429981232
1371645365.46
0.0993478298187
1371645365.56
0.100984096527
1371645365.66
0.100315093994
1371645365.76
0.0989499092102
1371645365.86
0.100816011429
1371645365.96
0.0997068881989
1371645366.06
0.100328207016
1371645366.16
0.0995848178864
1371645366.26
0.10031414032
1371645366.36
0.099182844162
1371645366.46
0.1004550457
1371645366.56
0.100326061249
1371645366.66
0.100317001343
1371645366.76
0.0999689102173
1371645366.86
0.0992140769958
1371645366.96
0.100387096405
1371645367.06
0.0998919010162
1371645367.16
0.0993690490723
1371645367.26
0.100517988205
1371645367.37
0.107172012329
1371645367.46
0.0928769111633
1371645367.56
0.099622964859
1371645367.66
0.10086107254
1371645367.77
0.100425958633
1371645367.86
0.0996570587158
1371645368.11
0.24344086647
1371645368.11
1.31130218506e-05
1371645368.17
0.0573680400848
1371645368.27
0.0999450683594
1371645368.37
0.100237846375
1371645368.47
0.0992739200592
1371645368.57
0.10070514679
1371645368.67
0.100317955017
1371645368.77
0.103338003159
1371645368.87
0.096107006073
1371645368.96
0.099426984787
1371645369.06
0.0994999408722
1371645369.17
0.100697040558
1371645369.27
0.108718156815
1371645369.36
0.0909328460693
1371645369.47
0.100912094116
1371645369.57
0.102489948273
1371645369.66
0.096745967865
1371645369.76
0.100011110306
1371645369.87
0.10089302063
1371645369.97
0.100071907043
1371645370.31
0.345926046371
1371645370.33
0.0225758552551
1371645370.33
1.12056732178e-05
1371645370.37
0.0317578315735
1371645370.47
0.0999190807343
1371645370.57
0.0999619960785
1371645370.67
0.0996720790863
1371645370.77
0.100140810013
1371645370.87
0.101416110992
1371645370.97
0.0989398956299
1371645371.07
0.0995600223541
1371645371.17
0.100043058395
1371645371.27
0.101922035217
1371645371.37
0.0980150699615
1371645371.47
0.100589990616
1371645371.57
0.0995569229126
1371645371.67
0.100874900818
1371645371.77
0.099601984024
1371645371.87
0.102677106857
1371645371.97
0.0981268882751
1371645372.07
0.0992271900177
1371645372.17
0.0993118286133
1371645372.27
0.1011531353
1371645372.37
0.0985879898071
1371645372.47
0.101907014847
1371645372.57
0.0996470451355
1371645372.67
0.0998349189758
1371645372.77
0.100651979446
1371645372.87
0.099760055542
1371645372.97
0.10006403923
1371645373.07
0.100353002548
1371645373.17
0.0990648269653
1371645373.27
0.100619077682
1371645373.37
0.0996539592743
1371645373.47
0.099552154541
1371645373.57
0.100312948227
1371645373.67
0.100500822067
1371645373.77
0.0995221138
1371645373.87
0.100254058838
1371645373.97
0.0998368263245
1371645374.07
0.0998151302338
1371645374.17
0.100193023682
1371645374.27
0.0995180606842
1371645374.51
0.245677947998
1371645374.51
1.50203704834e-05
1371645374.57
0.054594039917
1371645374.67
0.100106954575
1371645374.77
0.100101947784
1371645374.87
0.100828886032
1371645374.97
0.0989739894867
1371645375.07
0.100130081177
1371645375.17
0.10053896904
1371645375.37
0.201411962509
1371645375.47
0.0995271205902
1371645375.57
0.100095033646
1371645375.67
0.0990679264069
1371645375.77
0.100273132324
1371645375.87
0.100567817688
1371645375.97
0.0990509986877
1371645376.07
0.100404977798
1371645376.17
0.100606203079
1371645376.27
0.0995140075684
1371645376.38
0.113562822342
1371645376.71
0.324272155762
1371645376.71
0.00554800033569
1371645376.71
1.19209289551e-05
1371645376.77
0.0566558837891
1371645376.87
0.100239992142
1371645376.97
0.0993239879608
1371645377.07
0.101461172104
1371645377.17
0.0988638401031
1371645377.27
0.100060224533
1371645377.37
0.100058794022
1371645377.47
0.100006103516
1371645377.57
0.100660085678
1371645377.67
0.0998389720917
1371645377.77
0.100172042847
1371645377.87
0.100534915924
1371645377.97
0.102036952972
1371645378.07
0.0973260402679
1371645378.17
0.101366043091
1371645378.27
0.099555015564
1371645378.37
0.0994307994843
1371645378.47
0.0998902320862
1371645378.57
0.100565910339
1371645378.67
0.0998229980469
1371645378.77
0.09921002388
1371645378.87
0.101449012756
1371645378.97
0.0990149974823
1371645379.07
0.100347042084
1371645379.17
0.0998709201813
1371645379.27
0.0998380184174
1371645379.37
0.100065946579
1371645379.47
0.100111961365
1371645379.57
0.0995121002197
1371645379.67
0.100564002991
1371645379.77
0.100014925003
1371645379.87
0.0999119281769
1371645379.97
0.101089000702
1371645380.07
0.0994369983673
1371645380.17
0.100638151169
1371645380.27
0.0993418693542
1371645380.37
0.0999701023102
1371645380.47
0.100030899048
1371645380.57
0.100373029709
1371645380.67
0.100419998169
1371645380.91
0.243096113205
1371645380.91
1.38282775879e-05
1371645380.98
0.0618162155151
1371645381.07
0.0965459346771
1371645381.17
0.0975689888
1371645381.27
0.100513935089
1371645381.37
0.100075006485
1371645381.47
0.100143909454
1371645381.57
0.0995931625366
1371645381.67
0.0996508598328
1371645381.87
0.200258016586
1371645381.97
0.100236177444
1371645382.07
0.0999329090118
1371645382.17
0.0998380184174
1371645382.27
0.100442886353
1371645382.37
0.0995080471039
1371645382.47
0.100067138672
1371645382.57
0.101064920425
1371645382.67
0.100183963776
1371645382.8
0.126204967499
1371645382.87
0.0760891437531
1371645383.21
0.338231801987
1371645383.21
4.72068786621e-05
1371645383.21
1.09672546387e-05
1371645383.27
0.059623003006
1371645383.37
0.0992908477783
1371645383.47
0.100192070007
1371645383.57
0.100312948227
1371645383.67
0.0998160839081
1371645383.77
0.10059094429
1371645383.87
0.101724147797
1371645383.97
0.0977749824524
1371645384.07
0.100143909454
1371645384.17
0.0998980998993
1371645384.28
0.106148004532
1371645384.37
0.0939128398895
1371645384.47
0.100244998932
1371645384.57
0.101176023483
1371645384.67
0.0991649627686
1371645384.77
0.0994820594788
1371645384.87
0.100267887115
1371645384.98
0.108305215836
1371645385.07
0.0931029319763
1371645385.17
0.0988759994507
1371645385.27
0.100630044937
1371645385.37
0.0995488166809
1371645385.47
0.100033998489
1371645385.57
0.101494073868
1371645385.67
0.0984971523285
1371645385.77
0.0997278690338
1371645385.87
0.100256919861
1371645385.97
0.0998711585999
1371645386.07
0.100550889969
1371645386.17
0.0996129512787
1371645386.27
0.0997769832611
1371645386.37
0.10004901886
1371645386.47
0.100601196289
1371645386.57
0.0992538928986
1371645386.67
0.0999319553375
1371645386.77
0.100275039673
1371645386.88
0.10818696022
1371645386.97
0.0918469429016
1371645387.07
0.100588083267
1371645387.29
0.222193002701
1371645387.29
5.60283660889e-05
1371645387.37
0.0789439678192
1371645387.47
0.0992951393127
1371645387.57
0.100013971329
1371645387.68
0.109218835831
1371645387.77
0.0915241241455
1371645387.87
0.0991399288177
1371645387.97
0.100487947464
1371645388.07
0.100048065186
1371645388.17
0.0992479324341
1371645388.27
0.100834131241
1371645388.37
0.100164890289
1371645388.47
0.0991849899292
1371645388.57
0.0999200344086
1371645388.67
0.100604057312
1371645388.77
0.0995569229126
1371645388.87
0.100475072861
1371645388.97
0.100121974945
1371645389.07
0.0997319221497
1371645389.21
0.136556148529
1371645389.27
0.063982963562
1371645389.6
0.322793006897
1371645389.6
0.00561594963074
1371645389.6
1.00135803223e-05
1371645389.67
0.0715260505676
1371645389.77
0.0994479656219
1371645389.87
0.100172996521
1371645389.97
0.100271940231
1371645390.07
0.10050702095
1371645390.18
0.101035118103
1371645390.27
0.098641872406
1371645390.37
0.100364923477
1371645390.47
0.100457191467
1371645390.57
0.0998430252075
1371645390.67
0.100295782089
1371645390.77
0.099326133728
1371645390.87
0.0999009609222
1371645390.97
0.100203037262
1371645391.07
0.10010099411
1371645391.18
0.101598024368
1371645391.27
0.0980529785156
1371645391.37
0.100787878036
1371645391.47
0.0990011692047
1371645391.57
0.100126981735
1371645391.67
0.100214004517
1371645391.77
0.0998229980469
1371645391.87
0.101110935211
1371645391.97
0.0998198986053
1371645392.07
0.0993411540985
1371645392.17
0.0996210575104
1371645392.28
0.103495836258
1371645392.37
0.0968761444092
1371645392.48
0.101701021194
1371645392.57
0.0991039276123
1371645392.67
0.0998330116272
1371645392.77
0.100190877914
1371645392.88
0.100278139114
1371645392.97
0.0995738506317
1371645393.08
0.102181196213
1371645393.18
0.0981788635254
1371645393.27
0.0998549461365
1371645393.37
0.0997550487518
1371645393.47
0.100157976151
1371645393.7
0.222453117371
1371645393.7
5.29289245605e-05
1371645393.78
0.0790200233459
1371645393.88
0.0987589359283
1371645393.97
0.0995609760284
1371645394.07
0.100059986115
1371645394.18
0.100745201111
1371645394.27
0.0992999076843
1371645394.38
0.100540876389
1371645394.48
0.100102186203
1371645394.57
0.0994448661804
1371645394.68
0.100790977478
1371645394.78
0.100195169449
1371645395.1
0.319869995117
1371645395.1
0.00144100189209
1371645395.1
1.19209289551e-05
1371645395.18
0.0797820091248
1371645395.28
0.0993030071259
1371645395.38
0.100054979324
1371645395.48
0.0996289253235
1371645395.58
0.0997681617737
1371645395.68
0.100623846054
1371645395.78
0.0999150276184
1371645395.88
0.10051202774
1371645395.98
0.100140094757
1371645396.08
0.0994238853455
1371645396.18
0.100289106369
1371645396.28
0.0995240211487
1371645396.38
0.0998749732971
1371645396.48
0.0997829437256
1371645396.58
0.100446939468
1371645396.68
0.0996589660645
1371645396.78
0.100155115128
1371645396.88
0.0997228622437
1371645396.98
0.100547075272
1371645397.08
0.0998780727386
1371645397.18
0.0997970104218
1371645397.28
0.108774900436
1371645397.38
0.0922000408173
1371645397.48
0.100920915604
1371645397.58
0.099011182785
1371645397.68
0.101286888123
1371645397.79
0.108377933502
1371645397.88
0.0906081199646
1371645397.98
0.0994758605957
1371645398.08
0.101085186005
1371645398.18
0.0997149944305
1371645398.28
0.103067874908
1371645398.38
0.0962669849396
1371645398.48
0.100527048111
1371645398.58
0.106141090393
1371645398.68
0.0934708118439
1371645398.78
0.100146055222
1371645398.88
0.0999619960785
1371645398.98
0.0997829437256
1371645399.22
0.241370201111
1371645399.22
0.00257587432861
1371645399.28
0.0574460029602
1371645399.38
0.0984489917755
1371645399.48
0.100157022476
1371645399.58
0.0998899936676
1371645399.68
0.099977016449
1371645399.78
0.100969076157
1371645399.88
0.101138830185
1371645400.24
0.360301017761
1371645400.24
0.00413608551025
1371645400.24
2.09808349609e-05
1371645400.41
0.167622089386
1371645400.41
4.6968460083e-05
1371645400.48
0.0689198970795
1371645400.58
0.0987141132355
1371645400.68
0.0997970104218
1371645400.78
0.0994448661804
1371645400.88
0.0998241901398
1371645400.98
0.0997498035431
1371645401.08
0.100736141205
1371645401.18
0.100245952606
1371645401.28
0.100009918213
1371645401.38
0.0998220443726
1371645401.48
0.0996389389038
1371645401.58
0.100739002228
1371645401.68
0.0996510982513
1371645401.78
0.0997409820557
1371645401.88
0.100383043289
1371645401.98
0.101835012436
1371645402.08
0.0979340076447
1371645402.18
0.0999879837036
1371645402.28
0.100116014481
1371645402.38
0.100224018097
1371645402.48
0.100265026093
1371645402.58
0.100353956223
1371645402.68
0.104168891907
1371645402.78
0.0957751274109
1371645402.88
0.0997128486633
1371645402.98
0.10130405426
1371645403.08
0.0996260643005
1371645403.18
0.0989680290222
1371645403.28
0.100414991379
1371645403.38
0.0996408462524
1371645403.48
0.0999381542206
1371645403.58
0.100240945816
1371645403.68
0.100383043289
1371645403.78
0.0992209911346
1371645403.88
0.101083993912
1371645403.98
0.100040912628
1371645404.08
0.099426984787
1371645404.18
0.0998980998993
1371645404.39
0.214472055435
1371645404.39
0.00056791305542
1371645404.48
0.0850789546967
1371645404.58
0.0997960567474
1371645404.68
0.100639104843
1371645404.78
0.0995218753815
1371645404.88
0.101435899734
1371645404.98
0.0997581481934
1371645405.08
0.104697942734
1371645405.18
0.0949010848999
1371645405.28
0.0998129844666
1371645405.38
0.101861000061
1371645405.48
0.0987598896027
1371645405.58
0.0999100208282
1371645405.68
0.100738048553
1371645405.78
0.0986590385437
1371645405.88
0.101008892059
1371645405.98
0.0991740226746
1371645406.08
0.101326942444
1371645406.18
0.0996360778809
1371645406.28
0.0993919372559
1371645406.64
0.356538057327
1371645406.65
0.00951600074768
1371645406.65
1.4066696167e-05
1371645406.81
0.158943891525
1371645406.81
0.00212812423706
1371645406.88
0.0729959011078
1371645406.98
0.101629972458
1371645407.08
0.0977051258087
1371645407.18
0.100477933884
1371645407.28
0.100636959076
1371645407.38
0.100759029388
1371645407.48
0.0992889404297
1371645407.58
0.100739002228
1371645407.68
0.0992710590363
1371645407.78
0.100063085556
1371645407.88
0.100324869156
1371645407.98
0.0996739864349
1371645408.08
0.100146055222
1371645408.18
0.100520133972
1371645408.28
0.099503993988
1371645408.38
0.102324008942
1371645408.48
0.0979437828064
1371645408.58
0.100526094437
1371645408.68
0.0993509292603
1371645408.78
0.10076713562
1371645408.88
0.0988910198212
1371645408.98
0.0998108386993
1371645409.08
0.101245164871
1371645409.18
0.0991678237915
1371645409.28
0.100087165833
1371645409.38
0.0998139381409
1371645409.48
0.0999660491943
1371645409.58
0.1002368927
1371645409.68
0.0996861457825
1371645409.78
0.10050201416
1371645409.88
0.0991909503937
1371645409.98
0.101644992828
1371645410.08
0.099408864975
1371645410.19
0.103641033173
1371645410.28
0.096745967865
1371645410.38
0.100567102432
1371645410.48
0.099977016449
1371645410.58
0.100069999695
1371645410.81
0.227876901627
1371645410.81
5.41210174561e-05
1371645410.88
0.0714259147644
1371645410.98
0.10035610199
1371645411.08
0.0996708869934
1371645411.18
0.0997800827026
1371645411.28
0.0998208522797
1371645411.38
0.10031914711
1371645411.48
0.100415945053
1371645411.58
0.099937915802
1371645411.68
0.0998389720917
1371645411.78
0.0997500419617
1371645411.88
0.100103139877
1371645411.98
0.10044002533
1371645412.08
0.0994319915771
1371645412.18
0.100023984909
1371645412.28
0.100196838379
1371645412.38
0.100739002228
1371645412.48
0.101963043213
1371645412.58
0.0989820957184
1371645412.68
0.0998270511627
1371645413.01
0.323176860809
1371645413.01
0.000378131866455
1371645413.01
1.38282775879e-05
1371645413.08
0.0758399963379
1371645413.18
0.100031137466
1371645413.28
0.0998158454895
1371645413.38
0.100160121918
1371645413.48
0.0997939109802
1371645413.58
0.101283073425
1371645413.68
0.0991170406342
1371645413.78
0.099858045578
1371645413.88
0.0998690128326
1371645413.98
0.100281000137
1371645414.08
0.0996639728546
1371645414.18
0.0996940135956
1371645414.28
0.100788831711
1371645414.38
0.100605010986
1371645414.48
0.0989470481873
1371645414.58
0.100034952164
1371645414.68
0.100619077682
1371645414.78
0.100034952164
1371645414.88
0.0999021530151
1371645414.98
0.100381851196
1371645415.08
0.100825071335
1371645415.18
0.1001329422
1371645415.28
0.0997910499573
1371645415.38
0.0998890399933
1371645415.48
0.0994658470154
1371645415.58
0.100699186325
1371645415.69
0.109354972839
1371645415.78
0.0897879600525
1371645415.88
0.10053396225
1371645415.98
0.0994830131531
1371645416.08
0.100389957428
1371645416.18
0.100321054459
1371645416.28
0.0999400615692
1371645416.38
0.0993099212646
1371645416.48
0.0998029708862
1371645416.58
0.10053896904
1371645416.68
0.100147008896
1371645416.78
0.100311994553
1371645416.88
0.0992560386658
1371645417.13
0.246791124344
1371645417.13
0.00237488746643
1371645417.18
0.0507459640503
1371645417.28
0.100288152695
1371645417.39
0.101224899292
1371645417.49
0.0999629497528
1371645417.59
0.101798057556
1371645417.69
0.0982558727264
1371645417.79
0.0999231338501
1371645417.88
0.0997660160065
1371645417.99
0.100878953934
1371645418.08
0.0990459918976
1371645418.18
0.0998430252075
1371645418.28
0.100142002106
1371645418.39
0.101516008377
1371645418.48
0.0985260009766
1371645418.58
0.0997889041901
1371645418.69
0.10071516037
1371645418.79
0.100505828857
1371645418.88
0.0989460945129
1371645418.99
0.100262880325
1371645419.09
0.100048065186
1371645419.43
0.349189996719
1371645419.44
0.00154399871826
1371645419.44
1.09672546387e-05
1371645419.58
0.145086050034
1371645419.59
0.00457191467285
1371645419.68
0.0993440151215
1371645419.79
0.10177898407
1371645419.89
0.0993502140045
1371645419.99
0.100214004517
1371645420.09
0.0995337963104
1371645420.19
0.100232124329
1371645420.29
0.101039886475
1371645420.39
0.107367038727
1371645420.49
0.0915219783783
1371645420.59
0.100559949875
1371645420.69
0.0995500087738
1371645420.79
0.0999381542206
1371645420.89
0.100107908249
1371645420.99
0.0994999408722
1371645421.09
0.100156068802
1371645421.19
0.102991104126
1371645421.29
0.0980498790741
1371645421.39
0.0999281406403
1371645421.49
0.0990159511566
1371645421.59
0.0998229980469
1371645421.69
0.100509881973
1371645421.79
0.10036110878
1371645421.89
0.0992929935455
1371645421.99
0.100890874863
1371645422.09
0.0992112159729
1371645422.19
0.099967956543
1371645422.29
0.100481033325
1371645422.39
0.0995669364929
1371645422.49
0.101413965225
1371645422.59
0.0994319915771
1371645422.69
0.100491046906
1371645422.79
0.0999629497528
1371645422.89
0.100192070007
1371645422.99
0.0999758243561
1371645423.09
0.100118160248
1371645423.19
0.0992510318756
1371645423.29
0.101091861725
1371645423.39
0.0998630523682
1371645423.59
0.199758052826
1371645423.59
0.0013689994812
1371645423.69
0.0984089374542
1371645423.79
0.0998620986938
1371645423.89
0.100992918015
1371645423.99
0.0988190174103
1371645424.09
0.101306915283
1371645424.19
0.0984580516815
1371645424.29
0.101345062256
1371645424.39
0.0987339019775
1371645424.49
0.100877046585
1371645424.59
0.0993928909302
1371645424.69
0.0997161865234
1371645424.79
0.0998628139496
1371645424.89
0.101362228394
1371645424.99
0.100054979324
1371645425.09
0.0999138355255
1371645425.19
0.100016117096
1371645425.29
0.0999760627747
1371645425.39
0.101278781891
1371645425.49
0.0987319946289
1371645425.83
0.340398073196
1371645425.83
0.00308799743652
1371645425.83
1.31130218506e-05
1371645425.89
0.0565798282623
1371645425.99
0.0998260974884
1371645426.09
0.100801944733
1371645426.19
0.0996069908142
1371645426.29
0.0995671749115
1371645426.39
0.100116014481
1371645426.49
0.0999829769135
1371645426.59
0.10057592392
1371645426.69
0.100555896759
1371645426.79
0.0997891426086
1371645426.89
0.0988528728485
1371645426.99
0.100840091705
1371645427.09
0.0991809368134
1371645427.19
0.100551128387
1371645427.29
0.100660800934
1371645427.39
0.100488185883
1371645427.49
0.100172996521
1371645427.59
0.0995588302612
1371645427.69
0.100182056427
1371645427.79
0.0998311042786
1371645427.89
0.0998020172119
1371645427.99
0.102288007736
1371645428.09
0.097571849823
1371645428.19
0.100197076797
1371645428.29
0.0999789237976
1371645428.39
0.0998501777649
1371645428.49
0.100168943405
1371645428.59
0.101738929749
1371645428.69
0.0984230041504
1371645428.79
0.0999739170074
1371645428.89
0.0997090339661
1371645428.99
0.100998163223
1371645429.09
0.0987949371338
1371645429.19
0.100108861923
1371645429.29
0.100165128708
1371645429.39
0.100662946701
1371645429.49
0.0995681285858
1371645429.59
0.0997278690338
1371645429.69
0.10019493103
1371645429.79
0.100072145462
1371645430.01
0.218544960022
1371645430.01
0.00309991836548
1371645430.09
0.0802791118622
1371645430.19
0.0987730026245
1371645430.29
0.100084066391
1371645430.39
0.100969791412
1371645430.49
0.0991640090942
1371645430.59
0.0999059677124
1371645430.69
0.100871086121
1371645430.79
0.102123022079
1371645430.89
0.0977449417114
1371645430.99
0.0997400283813
1371645431.09
0.0996241569519
1371645431.19
0.101181983948
1371645431.3
0.106137990952
1371645431.39
0.0941069126129
1371645431.49
0.0982179641724
1371645431.59
0.100736141205
1371645431.7
0.105370998383
1371645431.79
0.0943899154663
1371645431.89
0.100136995316
1371645432.21
0.316107034683
1371645432.22
0.010097026825
1371645432.22
2.28881835938e-05
1371645432.3
0.0792551040649
1371645432.39
0.0980098247528
1371645432.49
0.0976440906525
1371645432.59
0.0999839305878
1371645432.7
0.103759050369
1371645432.8
0.10148191452
1371645432.89
0.0963830947876
1371645432.99
0.0983150005341
1371645433.09
0.10055398941
1371645433.19
0.0999050140381
1371645433.29
0.10302400589
1371645433.39
0.0995349884033
1371645433.49
0.0971491336823
1371645433.6
0.105006933212
1371645433.69
0.094733953476
1371645433.79
0.10089802742
1371645433.89
0.0993759632111
1371645433.99
0.102397918701
1371645434.1
0.102996110916
1371645434.19
0.0946950912476
1371645434.29
0.0995907783508
1371645434.39
0.100146055222
1371645434.49
0.100713968277
1371645434.59
0.100346088409
1371645434.69
0.101160049438
1371645434.79
0.0990960597992
1371645434.9
0.105129957199
1371645434.99
0.094691991806
1371645435.09
0.100827932358
1371645435.19
0.0990159511566
1371645435.29
0.101842164993
1371645435.39
0.099681854248
1371645435.49
0.0986120700836
1371645435.59
0.100703954697
1371645435.7
0.102934122086
1371645435.79
0.0960350036621
1371645435.9
0.103604793549
1371645435.99
0.0979092121124
1371645436.09
0.0991997718811
1371645436.41
0.317762136459
1371645436.41
1.78813934326e-05
1371645436.41
1.12056732178e-05
1371645436.49
0.0814719200134
1371645436.59
0.100497961044
1371645436.69
0.100668907166
1371645436.79
0.10133099556
1371645436.89
0.0980091094971
1371645436.99
0.0994188785553
1371645437.09
0.102570056915
1371645437.19
0.0980999469757
1371645437.29
0.100549221039
1371645437.4
0.10392999649
1371645437.49
0.0963318347931
1371645437.59
0.0997960567474
1371645437.69
0.101670026779
1371645437.79
0.0990629196167
1371645437.89
0.0996379852295
1371645437.99
0.101323127747
1371645438.1
0.100172996521
1371645438.2
0.101289987564
1371645438.51
0.313745975494
1371645438.51
0.000686883926392
1371645438.51
1.4066696167e-05
1371645438.59
0.0840129852295
1371645438.7
0.102051973343
1371645438.79
0.0973739624023
1371645438.89
0.0997731685638
1371645439.0
0.102727890015
1371645439.09
0.097284078598
1371645439.19
0.0989990234375
1371645439.3
0.102834939957
1371645439.39
0.098424911499
1371645439.5
0.103035211563
1371645439.59
0.0958888530731
1371645439.69
0.100919961929
1371645439.8
0.10585308075
1371645439.89
0.0943160057068
1371645439.99
0.100535869598
1371645440.1
0.101776123047
1371645440.19
0.0976378917694
1371645440.3
0.103657007217
1371645440.4
0.102508068085
1371645440.49
0.0934231281281
1371645440.6
0.101684808731
1371645440.69
0.0989210605621
1371645440.79
0.0992751121521
1371645440.9
0.102669000626
1371645441.0
0.0994379520416
1371645441.1
0.0996470451355
1371645441.2
0.0996718406677
1371645441.29
0.0995380878448
1371645441.4
0.101603984833
1371645441.5
0.100737094879
1371645441.59
0.0968639850616
1371645441.69
0.100304841995
1371645441.8
0.101698160172
1371645441.89
0.0988509654999
1371645441.99
0.0995318889618
1371645442.09
0.100375175476
1371645442.2
0.100914955139
1371645442.3
0.10225892067
1371645442.61
0.312792062759
1371645442.61
5.29289245605e-05
1371645442.61
0.00247097015381
1371645442.7
0.0822520256042
1371645442.8
0.0996141433716
1371645442.9
0.0999948978424
1371645443.0
0.104873895645
1371645443.1
0.0957891941071
1371645443.2
0.103166818619
1371645443.3
0.096794128418
1371645443.4
0.0993120670319
1371645443.5
0.104644775391
1371645443.6
0.0962011814117
1371645443.7
0.100631952286
1371645443.8
0.0993750095367
1371645443.9
0.0994799137115
1371645444.0
0.100497961044
1371645444.1
0.0994181632996
1371645444.2
0.10095500946
1371645444.31
0.11173081398
1371645444.66
0.354140996933
1371645444.67
0.0041651725769
1371645444.67
1.59740447998e-05
1371645444.7
0.0332059860229
1371645444.8
0.096391916275
1371645444.9
0.101017951965
1371645445.0
0.0988991260529
1371645445.1
0.102003097534
1371645445.2
0.0987827777863
1371645445.3
0.099730014801
1371645445.4
0.0993020534515
1371645445.5
0.100835084915
1371645445.6
0.100108861923
1371645445.7
0.100534200668
1371645445.8
0.100657939911
1371645445.9
0.0987870693207
1371645446.0
0.0996599197388
1371645446.1
0.100087881088
1371645446.2
0.107812166214
1371645446.3
0.0934829711914
1371645446.4
0.0989139080048
1371645446.5
0.099837064743
1371645446.6
0.101675033569
1371645446.71
0.108187913895
1371645446.8
0.0893890857697
1371645446.9
0.108846902847
1371645447.0
0.0972509384155
1371645447.1
0.0949079990387
1371645447.2
0.100617170334
1371645447.3
0.100139856339
1371645447.4
0.101704120636
1371645447.5
0.0984418392181
1371645447.6
0.0994231700897
1371645447.7
0.100497961044
1371645447.8
0.0995869636536
1371645447.9
0.100831031799
1371645448.0
0.0991160869598
1371645448.1
0.101194858551
1371645448.2
0.0991151332855
1371645448.3
0.0994799137115
1371645448.4
0.102144956589
1371645448.5
0.0978031158447
1371645448.79
0.297017812729
1371645448.8
0.00162410736084
1371645448.8
0.0045440196991
1371645448.9
0.101394891739
1371645449.0
0.0957491397858
1371645449.1
0.0998649597168
1371645449.2
0.100713014603
1371645449.3
0.0992078781128
1371645449.4
0.102498054504
1371645449.5
0.101393938065
1371645449.6
0.0965490341187
1371645449.7
0.102416992188
1371645449.8
0.0979809761047
1371645449.9
0.100810050964
1371645450.0
0.10019993782
1371645450.1
0.0990700721741
1371645450.2
0.100526094437
1371645450.3
0.101277828217
1371645450.4
0.0993001461029
1371645450.5
0.100244045258
1371645450.6
0.098620891571
1371645450.7
0.100984096527
1371645451.01
0.315853834152
1371645451.01
4.31537628174e-05
1371645451.01
1.00135803223e-05
1371645451.1
0.0833449363708
1371645451.2
0.0999689102173
1371645451.3
0.0998241901398
1371645451.4
0.102762937546
1371645451.5
0.0972559452057
1371645451.6
0.100286960602
1371645451.7
0.100551128387
1371645451.8
0.099357843399
1371645451.9
0.099503993988
1371645452.0
0.100342035294
1371645452.1
0.106009960175
1371645452.2
0.0957660675049
1371645452.3
0.099858045578
1371645452.4
0.102757930756
1371645452.5
0.096745967865
1371645452.6
0.100269079208
1371645452.7
0.0999660491943
1371645452.8
0.100786924362
1371645452.9
0.0998330116272
1371645453.0
0.100266933441
1371645453.1
0.0989830493927
1371645453.2
0.101197957993
1371645453.3
0.0993070602417
1371645453.4
0.0991859436035
1371645453.5
0.10046505928
1371645453.6
0.0996329784393
1371645453.7
0.100173950195
1371645453.8
0.100530147552
1371645453.9
0.100165843964
1371645454.0
0.0983831882477
1371645454.1
0.100668907166
1371645454.2
0.0999629497528
1371645454.3
0.100151062012
1371645454.4
0.100918054581
1371645454.5
0.0996639728546
1371645454.6
0.100509881973
1371645454.7
0.100533008575
1371645454.8
0.100217103958
1371645455.08
0.276928901672
1371645455.08
0.00177597999573
1371645455.1
0.0207071304321
1371645455.21
0.106036901474
1371645455.31
0.101838111877
1371645455.4
0.0920209884644
1371645455.5
0.100863933563
1371645455.6
0.0991640090942
1371645455.7
0.0996630191803
1371645455.8
0.100636959076
1371645455.9
0.0997729301453
1371645456.0
0.101528167725
1371645456.1
0.0985939502716
1371645456.2
0.100625991821
1371645456.3
0.100302934647
1371645456.4
0.0989971160889
1371645456.5
0.10009098053
1371645456.6
0.10005903244
1371645456.7
0.100453853607
1371645456.8
0.100355148315
1371645456.9
0.0991439819336
1371645457.0
0.10102391243
1371645457.33
0.329859972
1371645457.34
0.00393009185791
1371645457.34
1.59740447998e-05
1371645457.4
0.066036939621
1371645457.5
0.099317073822
1371645457.6
0.100993871689
1371645457.7
0.100378990173
1371645457.8
0.0986640453339
1371645457.9
0.103471040726
1371645458.0
0.0978491306305
1371645458.1
0.0990469455719
1371645458.2
0.100769042969
1371645458.3
0.102366924286
1371645458.4
0.0976989269257
1371645458.5
0.100162029266
1371645458.6
0.0998110771179
1371645458.7
0.100033998489
1371645458.8
0.100117921829
1371645458.9
0.100587129593
1371645459.0
0.0991809368134
1371645459.1
0.100039958954
1371645459.2
0.0993480682373
1371645459.3
0.101301908493
1371645459.4
0.099249124527
1371645459.5
0.0999948978424
1371645459.6
0.100169897079
1371645459.7
0.100347995758
1371645459.8
0.10039806366
1371645459.9
0.0997879505157
1371645460.0
0.0994801521301
1371645460.1
0.101016998291
1371645460.2
0.0996768474579
1371645460.31
0.104422092438
1371645460.4
0.0951030254364
1371645460.5
0.102977991104
1371645460.6
0.0980560779572
1371645460.7
0.0994470119476
1371645460.8
0.10064291954
1371645460.9
0.10079908371
1371645461.0
0.0985968112946
1371645461.1
0.10055398941
1371645461.2
0.0987520217896
1371645461.48
0.281224012375
1371645461.48
4.81605529785e-05
1371645461.5
0.0194039344788
1371645461.6
0.100342035294
1371645461.7
0.0997560024261
1371645461.8
0.100340843201
1371645461.9
0.0996081829071
1371645462.0
0.0998229980469
1371645462.1
0.10135602951
1371645462.2
0.100341796875
1371645462.3
0.0991971492767
1371645462.4
0.100224971771
1371645462.5
0.0998449325562
1371645462.6
0.100918054581
1371645462.7
0.0993299484253
1371645462.8
0.100899934769
1371645462.9
0.100018024445
1371645463.0
0.0983180999756
1371645463.11
0.104511976242
1371645463.2
0.0958440303802
1371645463.3
0.0999720096588
1371645463.4
0.100636959076
1371645463.51
0.102700948715
1371645463.87
0.364406108856
1371645463.87
0.00196194648743
1371645463.87
1.09672546387e-05
1371645463.9
0.0311110019684
1371645464.0
0.0992410182953
1371645464.11
0.104511976242
1371645464.2
0.096214056015
1371645464.3
0.0993959903717
1371645464.4
0.100252866745
1371645464.5
0.099552154541
1371645464.61
0.10263800621
1371645464.7
0.0990369319916
1371645464.8
0.0994980335236
1371645464.9
0.0998198986053
1371645465.0
0.100409984589
1371645465.1
0.0995931625366
1371645465.2
0.0996479988098
1371645465.3
0.100133895874
1371645465.41
0.104457139969
1371645465.5
0.0954790115356
1371645465.6
0.0999767780304
1371645465.7
0.10023021698
1371645465.8
0.0999779701233
1371645465.9
0.100471019745
1371645466.0
0.0999000072479
1371645466.1
0.100292921066
1371645466.21
0.101126909256
1371645466.3
0.0992510318756
1371645466.4
0.0992479324341
1371645466.51
0.103138208389
1371645466.61
0.0978059768677
1371645466.7
0.0989928245544
1371645466.81
0.101147174835
1371645466.91
0.100418806076
1371645467.0
0.0980620384216
1371645467.11
0.101766109467
1371645467.21
0.100270986557
1371645467.31
0.0997450351715
1371645467.4
0.0992660522461
1371645467.5
0.0997478961945
1371645467.61
0.104525089264
1371645467.71
0.0963249206543
1371645468.0
0.296832084656
1371645468.01
0.0040168762207
1371645468.01
0.000495910644531
1371645468.1
0.0979540348053
1371645468.21
0.100392103195
1371645468.31
0.100276947021
1371645468.41
0.099946975708
1371645468.51
0.0998811721802
1371645468.61
0.104057788849
1371645468.71
0.0958061218262
1371645468.8
0.099536895752
1371645468.9
0.100087165833
1371645469.0
0.0998859405518
1371645469.11
0.101752996445
1371645469.21
0.0993249416351
1371645469.31
0.0994830131531
1371645469.41
0.102890014648
1371645469.51
0.0972650051117
1371645469.61
0.10036611557
1371645469.71
0.100544929504
1371645469.81
0.0995750427246
1371645469.91
0.0999948978424
1371645470.22
0.311795949936
1371645470.22
0.000823974609375
1371645470.22
1.90734863281e-05
1371645470.31
0.0871870517731
1371645470.41
0.100697994232
1371645470.51
0.100574970245
1371645470.61
0.0993990898132
1371645470.71
0.100251913071
1371645470.81
0.0996789932251
1371645470.91
0.0997769832611
1371645471.01
0.100476026535
1371645471.11
0.1001329422
1371645471.21
0.0995609760284
1371645471.31
0.0995349884033
1371645471.41
0.100280046463
1371645471.51
0.0997059345245
1371645471.61
0.100292205811
1371645471.71
0.0995237827301
1371645471.81
0.100803136826
1371645471.91
0.100421905518
1371645472.01
0.0996890068054
1371645472.11
0.10046505928
1371645472.21
0.0996999740601
1371645472.31
0.100081920624
1371645472.41
0.100212097168
1371645472.51
0.101185083389
1371645472.61
0.0994398593903
1371645472.71
0.0994400978088
1371645472.81
0.0998179912567
1371645472.91
0.100908994675
1371645473.01
0.0994749069214
1371645473.11
0.0997471809387
1371645473.21
0.100895881653
1371645473.31
0.0995230674744
1371645473.41
0.0996558666229
1371645473.51
0.100643157959
1371645473.61
0.100487947464
1371645473.71
0.09956407547
1371645473.81
0.0991449356079
1371645473.91
0.0999488830566
1371645474.01
0.101051092148
1371645474.11
0.100828886032
1371645474.4
0.295361042023
1371645474.4
1.31130218506e-05
1371645474.41
0.00259685516357
1371645474.51
0.103249073029
1371645474.61
0.097708940506
1371645474.71
0.100502967834
1371645474.81
0.0994870662689
1371645474.91
0.0999641418457
1371645475.01
0.100317955017
1371645475.11
0.100239992142
1371645475.21
0.0997610092163
1371645475.31
0.100178956985
1371645475.41
0.0998449325562
1371645475.51
0.100229978561
1371645475.61
0.101313114166
1371645475.71
0.102375984192
1371645475.81
0.0962200164795
1371645475.91
0.100477933884
1371645476.01
0.0998680591583
1371645476.11
0.100768089294
1371645476.21
0.101427793503
1371645476.49
0.28116607666
1371645476.5
0.0047459602356
1371645476.51
0.0185160636902
1371645476.61
0.0950140953064
1371645476.71
0.0978138446808
1371645476.81
0.0999109745026
1371645476.91
0.103814125061
1371645477.01
0.096626996994
1371645477.11
0.100942850113
1371645477.21
0.100339174271
1371645477.31
0.1021900177
1371645477.41
0.0973520278931
1371645477.51
0.0997228622437
1371645477.61
0.100448131561
1371645477.71
0.099940776825
1371645477.81
0.100151062012
1371645477.91
0.0997700691223
1371645478.01
0.0996780395508
1371645478.11
0.100328922272
1371645478.21
0.100651979446
1371645478.31
0.0997469425201
1371645478.41
0.100088119507
1371645478.51
0.099503993988
1371645478.61
0.100682973862
1371645478.71
0.0989639759064
1371645478.81
0.100081920624
1371645478.91
0.100085020065
1371645479.01
0.099956035614
1371645479.11
0.100857019424
1371645479.21
0.101048946381
1371645479.31
0.0983080863953
1371645479.41
0.100260019302
1371645479.51
0.0995829105377
1371645479.61
0.101282119751
1371645479.71
0.100605964661
1371645479.81
0.0996429920197
1371645479.91
0.0999538898468
1371645480.01
0.100293159485
1371645480.11
0.0999839305878
1371645480.21
0.0992209911346
1371645480.31
0.10046005249
1371645480.53
0.224273920059
1371645480.53
1.59740447998e-05
1371645480.61
0.0765311717987
1371645480.71
0.100878000259
1371645480.81
0.097795009613
1371645480.91
0.10133600235
1371645481.01
0.0997707843781
1371645481.11
0.0992851257324
1371645481.21
0.0995099544525
1371645481.31
0.100564956665
1371645481.41
0.0999920368195
1371645481.51
0.0999970436096
1371645481.61
0.100537061691
1371645481.71
0.0991950035095
1371645481.81
0.100121021271
1371645481.91
0.100493907928
1371645482.01
0.10018491745
1371645482.11
0.100764036179
1371645482.21
0.0994701385498
1371645482.31
0.0997619628906
1371645482.41
0.0998449325562
1371645482.52
0.104970932007
1371645482.85
0.33355307579
1371645482.86
0.0106611251831
1371645482.86
1.19209289551e-05
1371645483.03
0.173600912094
1371645483.04
0.00322508811951
1371645483.11
0.0753009319305
1371645483.21
0.0994441509247
1371645483.31
0.0997037887573
1371645483.42
0.107766151428
1371645483.51
0.0926339626312
1371645483.61
0.0998649597168
1371645483.71
0.0998849868774
1371645483.81
0.0995850563049
1371645483.91
0.100390911102
1371645484.01
0.100391149521
1371645484.11
0.0990958213806
1371645484.21
0.10139298439
1371645484.31
0.0989770889282
1371645484.41
0.100657939911
1371645484.51
0.099053144455
1371645484.61
0.101227998734
1371645484.71
0.099949836731
1371645484.82
0.103375196457
1371645484.91
0.097137928009
1371645485.01
0.100190877914
1371645485.11
0.0997290611267
1371645485.21
0.0993180274963
1371645485.31
0.100338935852
1371645485.41
0.099424123764
1371645485.51
0.100019931793
1371645485.61
0.100198030472
1371645485.71
0.100462913513
1371645485.81
0.0994470119476
1371645485.91
0.101107120514
1371645486.01
0.0991439819336
1371645486.11
0.100354909897
1371645486.21
0.0993990898132
1371645486.31
0.100347995758
1371645486.41
0.099958896637
1371645486.51
0.100097179413
1371645486.61
0.0997588634491
1371645486.71
0.101292133331
1371645487.03
0.313286781311
1371645487.03
0.00751113891602
1371645487.03
5.10215759277e-05
1371645487.11
0.0790908336639
1371645487.21
0.0999641418457
1371645487.31
0.0996489524841
1371645487.41
0.100599050522
1371645487.51
0.0994250774384
1371645487.61
0.100266933441
1371645487.71
0.0998158454895
1371645487.81
0.100211143494
1371645487.91
0.100311994553
1371645488.01
0.10046505928
1371645488.11
0.0994279384613
1371645488.21
0.099328994751
1371645488.31
0.100339889526
1371645488.41
0.100404977798
1371645488.51
0.0996041297913
1371645488.61
0.0998740196228
1371645488.71
0.100599050522
1371645488.81
0.0993709564209
1371645488.92
0.103790998459
1371645489.27
0.352031946182
1371645489.27
0.00434398651123
1371645489.27
1.4066696167e-05
1371645489.31
0.0411009788513
1371645489.41
0.100203990936
1371645489.52
0.103971004486
1371645489.61
0.0958640575409
1371645489.71
0.0998508930206
1371645489.81
0.099839925766
1371645489.91
0.0999751091003
1371645490.01
0.101037025452
1371645490.11
0.10005402565
1371645490.21
0.0998048782349
1371645490.31
0.0998151302338
1371645490.41
0.0996119976044
1371645490.51
0.100422859192
1371645490.61
0.0995180606842
1371645490.71
0.0998871326447
1371645490.81
0.100356817245
1371645490.91
0.100205183029
1371645491.01
0.0996868610382
1371645491.11
0.0998229980469
1371645491.21
0.100700139999
1371645491.31
0.100144863129
1371645491.41
0.0992541313171
1371645491.51
0.100696802139
1371645491.61
0.0995740890503
1371645491.71
0.0997180938721
1371645491.81
0.100026845932
1371645491.92
0.101384162903
1371645492.01
0.0989668369293
1371645492.11
0.100625038147
1371645492.22
0.101248025894
1371645492.32
0.0994999408722
1371645492.42
0.100370168686
1371645492.52
0.0997948646545
1371645492.61
0.0989489555359
1371645492.71
0.0997920036316
1371645492.82
0.10040307045
1371645492.92
0.10008597374
1371645493.02
0.100378990173
1371645493.12
0.0995869636536
1371645493.38
0.269353151321
1371645493.39
0.00300884246826
1371645493.41
0.0271611213684
1371645493.52
0.100735902786
1371645493.62
0.100110054016
1371645493.72
0.0996611118317
1371645493.81
0.0996007919312
1371645493.92
0.100485086441
1371645494.02
0.0999519824982
1371645494.12
0.101031064987
1371645494.21
0.0986819267273
1371645494.32
0.100975990295
1371645494.42
0.100908994675
1371645494.52
0.103646039963
1371645494.62
0.0959830284119
1371645494.72
0.0996758937836
1371645494.82
0.100793123245
1371645494.92
0.101105928421
1371645495.02
0.0986800193787
1371645495.12
0.099102973938
1371645495.22
0.101927995682
1371645495.32
0.104437112808
1371645495.85
0.526406049728
1371645495.86
0.0128378868103
1371645495.86
2.78949737549e-05
1371645495.86
1.31130218506e-05
1371645495.86
1.00135803223e-05
1371645495.92
0.0559179782867
1371645496.02
0.0987119674683
1371645496.12
0.102112054825
1371645496.22
0.0977439880371
1371645496.32
0.101265907288
1371645496.42
0.0992410182953
1371645496.52
0.0992829799652
1371645496.62
0.100709199905
1371645496.72
0.0994288921356
1371645496.82
0.0998170375824
1371645496.92
0.100859880447
1371645497.02
0.100677013397
1371645497.12
0.105319023132
1371645497.22
0.0957520008087
1371645497.32
0.0991599559784
1371645497.42
0.0997719764709
1371645497.52
0.10162115097
1371645497.62
0.0983419418335
1371645497.72
0.100625991821
1371645497.82
0.100219011307
1371645497.92
0.10008597374
1371645498.02
0.0996599197388
1371645498.12
0.101528167725
1371645498.22
0.0996379852295
1371645498.32
0.0980749130249
1371645498.42
0.10098695755
1371645498.52
0.103479146957
1371645498.62
0.0953409671783
1371645498.72
0.100317955017
1371645498.82
0.100776910782
1371645498.92
0.100010156631
1371645499.02
0.0990450382233
1371645499.12
0.100574016571
1371645499.22
0.0999789237976
1371645499.32
0.0996329784393
1371645499.42
0.099956035614
1371645499.52
0.101320981979
1371645499.78
0.262461900711
1371645499.78
0.00202703475952
1371645499.82
0.0354499816895
1371645499.92
0.100429058075
1371645500.02
0.0990738868713
1371645500.12
0.100386142731
1371645500.22
0.0994439125061
1371645500.32
0.10085606575
1371645500.42
0.100209951401
1371645500.52
0.0997240543365
1371645500.62
0.100461959839
1371645500.72
0.100373983383
1371645500.82
0.0987169742584
1371645500.92
0.1009349823
1371645501.02
0.0998530387878
1371645501.12
0.103412151337
1371645501.52
0.400259971619
1371645501.53
0.00298285484314
1371645501.53
1.59740447998e-05
1371645501.62
0.0953981876373
1371645501.72
0.0971629619598
1371645501.82
0.100260972977
1371645501.92
0.101176977158
1371645502.02
0.100311040878
1371645502.12
0.099720954895
1371645502.22
0.101394891739
1371645502.32
0.0988922119141
1371645502.42
0.100172996521
1371645502.52
0.100552797318
1371645502.62
0.0993900299072
1371645502.72
0.0989670753479
1371645502.82
0.100183963776
1371645502.92
0.100645065308
1371645503.02
0.0992360115051
1371645503.12
0.10044503212
1371645503.22
0.0995218753815
1371645503.32
0.101113080978
1371645503.42
0.0986800193787
1371645503.52
0.100126028061
1371645503.62
0.100409984589
1371645503.72
0.100143909454
1371645503.82
0.100203037262
1371645503.92
0.0995099544525
1371645504.02
0.0996730327606
1371645504.12
0.100738048553
1371645504.22
0.100316047668
1371645504.32
0.100027799606
1371645504.42
0.0995390415192
1371645504.52
0.100857973099
1371645504.62
0.0998160839081
1371645504.72
0.100425004959
1371645504.82
0.0995330810547
1371645505.02
0.200492858887
1371645505.12
0.0994040966034
1371645505.22
0.104143857956
1371645505.32
0.0971050262451
1371645505.42
0.100233078003
1371645505.52
0.0986180305481
1371645505.72
0.202125072479
1371645505.73
0.00597786903381
1371645505.82
0.0919790267944
1371645505.92
0.100723981857
1371645506.02
0.0993621349335
1371645506.12
0.100831985474
1371645506.22
0.0988178253174
1371645506.32
0.100906133652
1371645506.42
0.1002368927
1371645506.52
0.10046505928
1371645506.62
0.0986468791962
1371645506.72
0.0996651649475
1371645506.82
0.104148864746
1371645506.92
0.0980219841003
1371645507.02
0.101694107056
1371645507.12
0.0986840724945
1371645507.22
0.0990669727325
1371645507.33
0.105636835098
1371645507.42
0.0954720973969
1371645507.52
0.100574970245
1371645507.86
0.337553024292
1371645507.86
0.000406980514526
1371645507.86
1.09672546387e-05
1371645507.92
0.0598630905151
1371645508.02
0.100671052933
1371645508.12
0.0992729663849
1371645508.22
0.100075960159
1371645508.32
0.100390911102
1371645508.42
0.099701166153
1371645508.52
0.100795030594
1371645508.62
0.0991158485413
1371645508.72
0.0999579429626
1371645508.82
0.100868225098
1371645508.92
0.0998978614807
1371645509.02
0.0994100570679
1371645509.12
0.0996398925781
1371645509.22
0.102595090866
1371645509.32
0.0986709594727
1371645509.42
0.100482940674
1371645509.52
0.0999159812927
1371645509.62
0.0994491577148
1371645509.72
0.10089802742
1371645509.82
0.0994110107422
1371645509.92
0.0998408794403
1371645510.02
0.100454092026
1371645510.12
0.100666046143
1371645510.22
0.0990209579468
1371645510.32
0.10009598732
1371645510.42
0.099604845047
1371645510.52
0.100654125214
1371645510.62
0.100054979324
1371645510.72
0.0993568897247
1371645510.82
0.100697994232
1371645510.92
0.0994110107422
1371645511.02
0.100401163101
1371645511.12
0.100549936295
1371645511.22
0.0999670028687
1371645511.32
0.0989520549774
1371645511.42
0.101281881332
1371645511.52
0.100176095963
1371645511.62
0.0986020565033
1371645511.72
0.101176023483
1371645511.82
0.0989398956299
1371645511.92
0.100276947021
1371645512.02
0.100579977036
1371645512.12
0.100345134735
1371645512.23
0.104298830032
1371645512.32
0.0953350067139
1371645512.43
0.103321075439
1371645512.52
0.0969851016998
1371645512.62
0.10027885437
1371645512.72
0.101118087769
1371645512.82
0.0992829799652
1371645512.92
0.098757982254
1371645513.02
0.10094499588
s=237.696806908
i=2370
Avg=0.1003
