1371645274.9
1371645275.08
0.177623987198
1371645275.09
0.0150198936462
1371645275.19
0.100024938583
1371645275.29
0.0989081859589
1371645275.76
0.467077970505
1371645275.76
0.00357699394226
1371645275.76
1.50203704834e-05
1371645275.76
1.09672546387e-05
1371645275.9
0.141141891479
1371645275.99
0.0891189575195
1371645276.09
0.100198030472
1371645276.19
0.0994510650635
1371645276.31
0.114028930664
1371645276.49
0.185449123383
1371645276.59
0.100447893143
1371645276.7
0.105677127838
1371645276.79
0.0961830615997
1371645276.89
0.0983369350433
1371645276.99
0.0994379520416
1371645277.09
0.100069046021
1371645277.19
0.100771903992
1371645277.29
0.0992710590363
1371645277.57
0.277294874191
1371645277.57
0.00613522529602
1371645277.59
0.0167307853699
1371645277.69
0.102014064789
1371645277.79
0.0979180335999
1371645277.89
0.0996060371399
1371645277.99
0.101091861725
1371645278.09
0.0983881950378
1371645278.19
0.101737976074
1371645278.29
0.101153850555
1371645278.4
0.102183103561
1371645278.49
0.0969319343567
1371645278.59
0.0978441238403
1371645278.69
0.100895881653
1371645278.79
0.102147102356
1371645278.89
0.10095500946
1371645278.99
0.100209951401
1371645279.1
0.104808092117
1371645279.19
0.0927238464355
1371645279.29
0.10075211525
1371645279.39
0.0989518165588
1371645279.49
0.0994071960449
1371645279.6
0.104100942612
1371645279.69
0.096832036972
1371645279.79
0.0991358757019
1371645279.89
0.101089000702
1371645279.99
0.0984899997711
1371645280.09
0.0999250411987
1371645280.19
0.103629112244
1371645280.29
0.0961577892303
1371645280.39
0.101171016693
1371645280.49
0.100113153458
1371645280.59
0.0998549461365
1371645280.69
0.100471973419
1371645280.79
0.100719928741
1371645280.89
0.0985450744629
1371645280.99
0.100491046906
1371645281.09
0.100759983063
1371645281.19
0.101583957672
1371645281.29
0.0979011058807
1371645281.39
0.0987968444824
1371645281.49
0.100114107132
1371645281.78
0.286742925644
1371645281.78
0.000498056411743
1371645281.79
0.0133259296417
1371645281.89
0.0999491214752
1371645281.99
0.0996809005737
1371645282.09
0.101490974426
1371645282.19
0.100906133652
1371645282.29
0.0974559783936
1371645282.39
0.10062289238
1371645282.49
0.0995650291443
1371645282.59
0.101226091385
1371645282.69
0.100128889084
1371645282.79
0.0982999801636
1371645282.89
0.100969076157
1371645282.99
0.102857112885
1371645283.09
0.0972309112549
1371645283.19
0.0997538566589
1371645283.29
0.0991661548615
1371645283.39
0.0993628501892
1371645283.53
0.135269165039
1371645283.59
0.0677518844604
1371645283.92
0.325535058975
1371645283.92
0.00326299667358
1371645283.92
1.4066696167e-05
1371645283.99
0.0694048404694
1371645284.09
0.0996291637421
1371645284.19
0.10259103775
1371645284.29
0.0970749855042
1371645284.39
0.0997128486633
1371645284.49
0.100056171417
1371645284.59
0.104054927826
1371645284.69
0.0981550216675
1371645284.79
0.0984199047089
1371645284.89
0.0994710922241
1371645284.99
0.10003900528
1371645285.09
0.101908922195
1371645285.19
0.0995779037476
1371645285.3
0.103058099747
1371645285.39
0.0959360599518
1371645285.49
0.100100040436
1371645285.59
0.100322008133
1371645285.69
0.0999698638916
1371645285.79
0.101273059845
1371645285.89
0.0984978675842
1371645285.99
0.101902008057
1371645286.09
0.0974550247192
1371645286.19
0.0996510982513
1371645286.29
0.102644920349
1371645286.39
0.0972621440887
1371645286.49
0.100842952728
1371645286.6
0.110282897949
1371645286.69
0.0895881652832
1371645286.79
0.0998117923737
1371645286.89
0.10049700737
1371645286.99
0.10037112236
1371645287.09
0.101465940475
1371645287.19
0.0980730056763
1371645287.29
0.100404024124
1371645287.4
0.106841087341
1371645287.49
0.0926949977875
1371645287.59
0.100082874298
1371645287.69
0.0995841026306
1371645287.79
0.100826025009
1371645287.99
0.196699857712
1371645287.99
0.00374698638916
1371645288.1
0.103342056274
1371645288.19
0.0969460010529
1371645288.29
0.0987529754639
1371645288.39
0.100023031235
1371645288.49
0.101784944534
1371645288.59
0.0982279777527
1371645288.69
0.100848197937
1371645288.79
0.0991427898407
1371645288.89
0.0993649959564
1371645288.99
0.101961135864
1371645289.09
0.0987770557404
1371645289.19
0.100145816803
1371645289.29
0.100606203079
1371645289.6
0.310637950897
1371645289.61
0.00595283508301
1371645289.61
1.21593475342e-05
1371645289.69
0.0838840007782
1371645289.79
0.0994699001312
1371645289.89
0.0989799499512
1371645289.99
0.0999171733856
1371645290.09
0.100167036057
1371645290.19
0.102988004684
1371645290.29
0.0970499515533
1371645290.39
0.101948976517
1371645290.5
0.104637861252
1371645290.59
0.0947120189667
1371645290.69
0.0993540287018
1371645290.79
0.0998210906982
1371645290.89
0.0988688468933
1371645290.99
0.101325035095
1371645291.09
0.100501060486
1371645291.19
0.101051092148
1371645291.29
0.100405931473
1371645291.39
0.0983378887177
1371645291.49
0.0979731082916
1371645291.59
0.100888967514
1371645291.69
0.101019144058
1371645291.8
0.10357093811
1371645291.89
0.0951058864594
1371645291.99
0.10208106041
1371645292.09
0.0982949733734
1371645292.19
0.103192090988
1371645292.29
0.0991258621216
1371645292.39
0.100327968597
1371645292.49
0.0985879898071
1371645292.59
0.101635217667
1371645292.69
0.0971989631653
1371645292.79
0.100816965103
1371645292.89
0.0987679958344
1371645292.99
0.101417064667
1371645293.09
0.100967884064
1371645293.19
0.0980360507965
1371645293.29
0.100704908371
1371645293.39
0.0999121665955
1371645293.49
0.0995228290558
1371645293.59
0.0998251438141
1371645293.78
0.191404819489
1371645293.79
0.0103762149811
1371645293.89
0.0996329784393
1371645293.99
0.0980248451233
1371645294.09
0.1004550457
1371645294.19
0.103050947189
1371645294.29
0.0963370800018
1371645294.4
0.108407974243
1371645294.49
0.0915501117706
1371645294.59
0.100550889969
1371645294.69
0.0999429225922
1371645294.79
0.102912187576
1371645294.89
0.0980179309845
1371645294.99
0.0992000102997
1371645295.09
0.100120067596
1371645295.19
0.100772857666
1371645295.29
0.100202083588
1371645295.39
0.0988440513611
1371645295.49
0.100195884705
1371645295.6
0.111115932465
1371645295.91
0.310792207718
1371645295.91
0.000711917877197
1371645295.91
1.4066696167e-05
1371645295.99
0.0784769058228
1371645296.09
0.0987219810486
1371645296.19
0.101854085922
1371645296.3
0.102705955505
1371645296.39
0.0987689495087
1371645296.49
0.0980451107025
1371645296.59
0.0994319915771
1371645296.69
0.100723028183
1371645296.79
0.09801197052
1371645296.89
0.100449800491
1371645296.99
0.100415229797
1371645297.09
0.0997347831726
1371645297.19
0.0997090339661
1371645297.29
0.0999281406403
1371645297.39
0.103199005127
1371645297.5
0.10257601738
1371645297.59
0.096608877182
1371645297.69
0.100117921829
1371645297.79
0.101694107056
1371645297.89
0.0985469818115
1371645297.99
0.0971369743347
1371645298.1
0.106215000153
1371645298.19
0.0959920883179
1371645298.29
0.0980498790741
1371645298.39
0.101845979691
1371645298.49
0.0996551513672
1371645298.59
0.10046505928
1371645298.69
0.0981628894806
1371645298.79
0.102210998535
1371645298.89
0.0998730659485
1371645298.99
0.100375890732
1371645299.09
0.096776008606
1371645299.19
0.100655078888
1371645299.29
0.101152896881
1371645299.4
0.103281021118
1371645299.49
0.0978240966797
1371645299.59
0.101141929626
1371645299.69
0.0980939865112
1371645299.79
0.0995321273804
1371645299.89
0.100098848343
1371645300.1
0.207518100739
1371645300.1
0.00300002098083
1371645300.19
0.0883519649506
1371645300.29
0.100656032562
1371645300.39
0.102488040924
1371645300.49
0.0974488258362
1371645300.59
0.103338956833
1371645300.69
0.0991480350494
1371645300.79
0.0983080863953
1371645300.89
0.100821971893
1371645300.99
0.101344108582
1371645301.1
0.103832960129
1371645301.19
0.0947020053864
1371645301.29
0.0993700027466
1371645301.39
0.0992360115051
1371645301.49
0.0995860099792
1371645301.59
0.0998339653015
1371645301.69
0.101753950119
1371645301.79
0.0986590385437
1371645301.89
0.102104902267
1371645302.0
0.103986024857
1371645302.32
0.323709011078
1371645302.33
0.00580501556396
1371645302.33
1.4066696167e-05
1371645302.39
0.0643439292908
1371645302.49
0.102896928787
1371645302.59
0.0970780849457
1371645302.69
0.100889921188
1371645302.79
0.0992619991302
1371645302.89
0.09943318367
1371645302.99
0.101282835007
1371645303.09
0.100785017014
1371645303.19
0.0990340709686
1371645303.29
0.100966930389
1371645303.39
0.0984880924225
1371645303.49
0.101656913757
1371645303.59
0.0987100601196
1371645303.69
0.0997159481049
1371645303.79
0.100292921066
1371645303.89
0.0992200374603
1371645303.99
0.100872039795
1371645304.09
0.0988829135895
1371645304.19
0.100880146027
1371645304.29
0.100036859512
1371645304.39
0.0994431972504
1371645304.5
0.104212999344
1371645304.59
0.0975198745728
1371645304.69
0.0991909503937
1371645304.79
0.100268125534
1371645304.89
0.0990750789642
1371645304.99
0.100321769714
1371645305.09
0.0997881889343
1371645305.19
0.102373838425
1371645305.29
0.0986711978912
1371645305.39
0.100568771362
1371645305.49
0.101892232895
1371645305.59
0.0978357791901
1371645305.69
0.0975921154022
1371645305.79
0.100462913513
1371645305.9
0.111124992371
1371645305.99
0.0891129970551
1371645306.09
0.100285053253
1371645306.19
0.100763082504
1371645306.29
0.100117921829
1371645306.39
0.0988240242004
1371645306.6
0.213382959366
1371645306.6
4.50611114502e-05
1371645306.69
0.0865108966827
1371645306.79
0.0993449687958
1371645306.89
0.100103139877
1371645306.99
0.101701021194
1371645307.09
0.0991399288177
1371645307.19
0.101098060608
1371645307.29
0.101770877838
1371645307.39
0.0972759723663
1371645307.49
0.0999732017517
1371645307.59
0.0992968082428
1371645307.7
0.1121301651
1371645307.79
0.0895609855652
1371645307.89
0.0997340679169
1371645308.18
0.289262771606
1371645308.18
0.0023090839386
1371645308.2
0.0138490200043
1371645308.29
0.0931079387665
1371645308.39
0.0999670028687
1371645308.49
0.102261066437
1371645308.6
0.103195905685
1371645308.7
0.099457025528
1371645308.79
0.0968430042267
1371645308.89
0.0998990535736
1371645308.99
0.100313901901
1371645309.09
0.099377155304
1371645309.19
0.0997478961945
1371645309.29
0.0989761352539
1371645309.39
0.100227832794
1371645309.49
0.100352048874
1371645309.59
0.10130906105
1371645309.69
0.0993010997772
1371645309.79
0.0983068943024
1371645309.89
0.101332902908
1371645309.99
0.100466012955
1371645310.09
0.0999841690063
1371645310.19
0.100116014481
1371645310.29
0.101133823395
1371645310.39
0.098934173584
1371645310.49
0.101293802261
1371645310.59
0.100350141525
1371645310.69
0.0970120429993
1371645310.79
0.102712869644
1371645310.89
0.0988349914551
1371645310.99
0.101966142654
1371645311.1
0.105177879333
1371645311.19
0.0913889408112
1371645311.29
0.101726055145
1371645311.39
0.100382089615
1371645311.49
0.0991909503937
1371645311.59
0.100564956665
1371645311.69
0.0986590385437
1371645311.79
0.101330041885
1371645311.9
0.111325979233
1371645311.99
0.0873129367828
1371645312.09
0.100008010864
1371645312.19
0.0993320941925
1371645312.41
0.218279838562
1371645312.41
1.71661376953e-05
1371645312.49
0.0829889774323
1371645312.59
0.101441860199
1371645312.7
0.103316068649
1371645312.79
0.0962119102478
1371645312.9
0.108735084534
1371645312.99
0.0909309387207
1371645313.3
0.305363178253
1371645313.3
0.0017728805542
1371645313.3
1.50203704834e-05
1371645313.39
0.0905599594116
1371645313.49
0.101557970047
1371645313.59
0.0992820262909
1371645313.69
0.100968122482
1371645313.79
0.0989718437195
1371645313.89
0.102675199509
1371645313.99
0.0982778072357
1371645314.09
0.101536989212
1371645314.19
0.0971851348877
1371645314.3
0.104160070419
1371645314.39
0.0975639820099
1371645314.49
0.0982828140259
1371645314.59
0.102087974548
1371645314.69
0.0992760658264
1371645314.79
0.099231004715
1371645314.89
0.0996899604797
1371645314.99
0.10326218605
1371645315.09
0.098671913147
1371645315.19
0.100692987442
1371645315.29
0.101157903671
1371645315.39
0.0953280925751
1371645315.49
0.101691961288
1371645315.59
0.101561069489
1371645315.69
0.100995063782
1371645315.79
0.098119020462
1371645315.89
0.0991878509521
1371645315.99
0.101577043533
1371645316.19
0.197752952576
1371645316.29
0.102540969849
1371645316.39
0.0989401340485
1371645316.49
0.0985610485077
1371645316.59
0.0996129512787
1371645316.69
0.10143494606
1371645316.79
0.0986731052399
1371645316.89
0.10308098793
1371645316.99
0.0994908809662
1371645317.09
0.0976669788361
1371645317.19
0.102385044098
1371645317.41
0.212323904037
1371645317.41
1.4066696167e-05
1371645317.49
0.0857689380646
1371645317.59
0.101706981659
1371645317.69
0.0986661911011
1371645317.79
0.0991988182068
1371645317.89
0.0992760658264
1371645317.99
0.102204084396
1371645318.1
0.11111497879
1371645318.19
0.0871858596802
1371645318.29
0.100568056107
1371645318.39
0.100216150284
1371645318.49
0.09903383255
1371645318.59
0.101370096207
1371645318.69
0.0993540287018
1371645318.79
0.100107908249
1371645318.89
0.100134134293
1371645318.99
0.0997858047485
1371645319.09
0.100191116333
1371645319.19
0.101378917694
1371645319.55
0.3591401577
1371645319.55
5.3882598877e-05
1371645319.55
4.10079956055e-05
1371645319.59
0.0381751060486
1371645319.7
0.109902858734
1371645319.79
0.0914440155029
1371645319.89
0.10037112236
1371645319.99
0.0988278388977
1371645320.09
0.0999960899353
1371645320.19
0.100979089737
1371645320.3
0.10374379158
1371645320.39
0.09605717659
1371645320.49
0.101438999176
1371645320.6
0.106437921524
1371645320.69
0.0908958911896
1371645320.79
0.102145195007
1371645320.89
0.0979719161987
1371645320.99
0.100265979767
1371645321.09
0.101058959961
1371645321.19
0.0998730659485
1371645321.3
0.103288888931
1371645321.39
0.0952291488647
1371645321.49
0.10224199295
1371645321.59
0.100940942764
1371645321.69
0.0988750457764
1371645321.79
0.0991079807281
1371645321.89
0.0995540618896
1371645321.99
0.100247859955
1371645322.09
0.100053071976
1371645322.19
0.0993740558624
1371645322.29
0.100724935532
1371645322.39
0.0998959541321
1371645322.49
0.100332021713
1371645322.59
0.101174116135
1371645322.69
0.100001811981
1371645322.79
0.100038051605
1371645322.89
0.0978291034698
1371645323.0
0.105454921722
1371645323.09
0.0984210968018
1371645323.19
0.0966749191284
1371645323.29
0.099091053009
1371645323.4
0.105421066284
1371645323.49
0.0971968173981
1371645323.59
0.0990259647369
1371645323.82
0.223105192184
1371645323.82
0.00414490699768
1371645323.89
0.0750670433044
1371645323.99
0.0965919494629
1371645324.09
0.102374076843
1371645324.19
0.0973818302155
1371645324.29
0.101921081543
1371645324.4
0.110441923141
1371645324.49
0.0898191928864
1371645324.61
0.112572908401
1371645324.69
0.0852560997009
1371645324.79
0.0996789932251
1371645324.89
0.102509021759
1371645324.99
0.0995028018951
1371645325.09
0.0984270572662
1371645325.19
0.100774049759
1371645325.29
0.0992820262909
1371645325.39
0.100358009338
1371645325.5
0.110007047653
1371645325.59
0.08966588974
1371645325.7
0.105953931808
1371645326.03
0.335819959641
1371645326.03
0.0012571811676
1371645326.03
1.19209289551e-05
1371645326.09
0.0566630363464
1371645326.19
0.100471973419
1371645326.29
0.100636005402
1371645326.39
0.101263999939
1371645326.49
0.0988659858704
1371645326.59
0.0997951030731
1371645326.7
0.10734796524
1371645326.79
0.0920739173889
1371645326.89
0.0999910831451
1371645326.99
0.102458953857
1371645327.09
0.0974860191345
1371645327.19
0.0997800827026
1371645327.29
0.0999429225922
1371645327.39
0.100589036942
1371645327.49
0.102497816086
1371645327.59
0.0993051528931
1371645327.69
0.0994739532471
1371645327.79
0.098699092865
1371645327.9
0.107149839401
1371645328.0
0.0966770648956
1371645328.09
0.0967140197754
1371645328.19
0.102380037308
1371645328.29
0.0967898368835
1371645328.39
0.10326218605
1371645328.49
0.0953938961029
1371645328.6
0.107458114624
1371645328.69
0.0959358215332
1371645328.8
0.102123022079
1371645328.89
0.0952150821686
1371645328.99
0.101171970367
1371645329.09
0.100528001785
1371645329.19
0.0997469425201
1371645329.29
0.0990080833435
1371645329.39
0.100141048431
1371645329.49
0.10093998909
1371645329.59
0.0990278720856
1371645329.69
0.101166009903
1371645329.79
0.100075960159
1371645329.89
0.0980241298676
1371645329.99
0.100322961807
1371645330.22
0.232069969177
1371645330.23
0.00643801689148
1371645330.29
0.0644631385803
1371645330.39
0.0982849597931
1371645330.49
0.0992748737335
1371645330.6
0.104769945145
1371645330.69
0.0960960388184
1371645330.79
0.100748062134
1371645330.89
0.102052927017
1371645330.99
0.0967071056366
1371645331.09
0.101310968399
1371645331.19
0.0972650051117
1371645331.29
0.102409124374
1371645331.39
0.0995659828186
1371645331.49
0.0986859798431
1371645331.59
0.100242853165
1371645331.69
0.100401163101
1371645331.79
0.101675987244
1371645331.89
0.0984280109406
1371645331.99
0.099711894989
1371645332.12
0.131169080734
1371645332.2
0.0742030143738
1371645332.51
0.311926841736
1371645332.51
0.00287508964539
1371645332.51
1.00135803223e-05
1371645332.59
0.08061003685
1371645332.7
0.104374885559
1371645332.79
0.0964000225067
1371645332.89
0.0986869335175
1371645332.99
0.101703166962
1371645333.1
0.102298021317
1371645333.19
0.0970339775085
1371645333.29
0.0990560054779
1371645333.39
0.0998508930206
1371645333.49
0.100641012192
1371645333.59
0.102277994156
1371645333.69
0.0979249477386
1371645333.79
0.0997521877289
1371645333.89
0.0986487865448
1371645333.99
0.101179122925
1371645334.09
0.102339029312
1371645334.19
0.0969069004059
1371645334.29
0.100522994995
1371645334.39
0.0994579792023
1371645334.49
0.101855039597
1371645334.59
0.0975770950317
1371645334.69
0.104076862335
1371645334.79
0.0969800949097
1371645334.89
0.0988910198212
1371645334.99
0.10213303566
1371645335.09
0.101897954941
1371645335.19
0.0983839035034
1371645335.29
0.100023031235
1371645335.39
0.0988209247589
1371645335.49
0.0991821289062
1371645335.59
0.10017490387
1371645335.69
0.100226163864
1371645335.79
0.100051879883
1371645335.89
0.101794958115
1371645335.99
0.0979290008545
1371645336.09
0.10280418396
1371645336.19
0.0997719764709
1371645336.29
0.0974128246307
1371645336.4
0.104264974594
1371645336.6
0.206023216248
1371645336.6
0.00254201889038
1371645336.69
0.0888469219208
1371645336.79
0.100560903549
1371645336.89
0.100044965744
1371645336.99
0.0986371040344
1371645337.09
0.10054898262
1371645337.19
0.102181911469
1371645337.29
0.0978791713715
1371645337.39
0.0992529392242
1371645337.5
0.104964017868
1371645337.59
0.0938799381256
1371645337.69
0.100598096848
1371645337.79
0.101529836655
1371645337.89
0.101719141006
1371645337.99
0.0959899425507
1371645338.1
0.104494094849
1371645338.19
0.09672498703
1371645338.29
0.100922822952
1371645338.39
0.101433992386
1371645338.67
0.275098085403
1371645338.67
0.00365400314331
1371645338.69
0.0189161300659
1371645338.79
0.0995547771454
1371645338.9
0.105776071548
1371645338.99
0.0954899787903
1371645339.09
0.0984041690826
1371645339.2
0.107306003571
1371645339.3
0.106320858002
1371645339.39
0.0877799987793
1371645339.49
0.101799964905
1371645339.59
0.0970799922943
1371645339.69
0.0992991924286
1371645339.79
0.101365804672
1371645339.89
0.0994791984558
1371645339.99
0.0996699333191
1371645340.09
0.0995919704437
1371645340.19
0.100264072418
1371645340.29
0.100022792816
1371645340.39
0.101396083832
1371645340.49
0.0999200344086
1371645340.59
0.1012570858
1371645340.69
0.0985479354858
1371645340.79
0.101413011551
1371645340.89
0.0984020233154
1371645340.99
0.101526021957
1371645341.09
0.0997159481049
1371645341.19
0.0995149612427
1371645341.29
0.0986180305481
1371645341.4
0.103658914566
1371645341.49
0.0971660614014
1371645341.59
0.0995950698853
1371645341.69
0.0984179973602
1371645341.79
0.101327896118
1371645341.89
0.101722002029
1371645341.99
0.0989589691162
1371645342.1
0.106037139893
1371645342.2
0.0968489646912
1371645342.29
0.0964720249176
1371645342.4
0.104390859604
1371645342.49
0.0983591079712
1371645342.6
0.100801944733
1371645342.85
0.253901004791
1371645342.85
5.10215759277e-05
1371645342.89
0.0444560050964
1371645342.99
0.098128080368
1371645343.09
0.100932836533
1371645343.19
0.0981631278992
1371645343.29
0.103586912155
1371645343.39
0.0971319675446
1371645343.49
0.0996081829071
1371645343.59
0.0998258590698
1371645343.69
0.101639032364
1371645343.79
0.0986230373383
1371645343.89
0.100461006165
1371645343.99
0.100365877151
1371645344.09
0.101683139801
1371645344.19
0.0975608825684
1371645344.29
0.100501060486
1371645344.4
0.103379011154
1371645344.49
0.0971620082855
1371645344.6
0.107826948166
1371645344.69
0.0920329093933
1371645344.79
0.0996661186218
1371645345.08
0.284868001938
1371645345.08
0.00788688659668
1371645345.09
0.0082700252533
1371645345.19
0.0972690582275
1371645345.3
0.106575965881
1371645345.39
0.0953290462494
1371645345.5
0.104061126709
1371645345.59
0.0959007740021
1371645345.69
0.0998241901398
1371645345.79
0.101526975632
1371645345.89
0.0972008705139
1371645345.99
0.100517988205
1371645346.09
0.10174703598
1371645346.19
0.0985720157623
1371645346.29
0.100026130676
1371645346.39
0.102154016495
1371645346.49
0.0985209941864
1371645346.59
0.0999648571014
1371645346.7
0.103105068207
1371645346.79
0.0960569381714
1371645346.89
0.100256919861
1371645347.0
0.104131221771
1371645347.09
0.0974888801575
1371645347.19
0.0988910198212
1371645347.29
0.100526094437
1371645347.39
0.0984280109406
1371645347.49
0.099869966507
1371645347.59
0.100162029266
1371645347.69
0.101100921631
1371645347.8
0.110425949097
1371645347.89
0.0881719589233
1371645347.99
0.101266145706
1371645348.09
0.100062847137
1371645348.19
0.100224971771
1371645348.29
0.0986120700836
1371645348.39
0.101207971573
1371645348.49
0.100545167923
1371645348.59
0.0992078781128
1371645348.7
0.105637073517
1371645348.79
0.0967948436737
1371645348.89
0.0980770587921
1371645348.99
0.0991950035095
1371645349.31
0.316373109818
1371645349.31
0.00614881515503
1371645349.32
0.00235605239868
1371645349.39
0.0765750408173
1371645349.49
0.100925922394
1371645349.59
0.099701166153
1371645349.69
0.0992228984833
1371645349.79
0.10181593895
1371645349.89
0.0977740287781
1371645350.0
0.111299037933
1371645350.09
0.0878159999847
1371645350.19
0.0996289253235
1371645350.29
0.101037979126
1371645350.39
0.0991280078888
1371645350.49
0.099641084671
1371645350.59
0.100513935089
1371645350.71
0.114643096924
1371645351.04
0.331526041031
1371645351.04
0.00156784057617
1371645351.04
2.59876251221e-05
1371645351.09
0.0534670352936
1371645351.19
0.0980610847473
1371645351.29
0.101041078568
1371645351.39
0.100198030472
1371645351.49
0.100754976273
1371645351.59
0.0996079444885
1371645351.69
0.101278066635
1371645351.79
0.100914955139
1371645351.89
0.0961999893188
1371645351.99
0.100272893906
1371645352.09
0.100872993469
1371645352.19
0.0995149612427
1371645352.3
0.103810071945
1371645352.39
0.0984399318695
1371645352.49
0.0991880893707
1371645352.59
0.0996351242065
1371645352.69
0.0995979309082
1371645352.79
0.100769042969
1371645352.9
0.102356910706
1371645352.99
0.0959839820862
1371645353.09
0.102010965347
1371645353.2
0.102715969086
1371645353.3
0.099974155426
1371645353.39
0.0956358909607
1371645353.49
0.101958990097
1371645353.59
0.101449012756
1371645353.69
0.0969581604004
1371645353.79
0.0997359752655
1371645353.9
0.105768918991
1371645354.0
0.0989210605621
1371645354.09
0.0961408615112
1371645354.19
0.0993051528931
1371645354.29
0.0997519493103
1371645354.39
0.101238965988
1371645354.49
0.100312948227
1371645354.59
0.0987629890442
1371645354.7
0.104084968567
1371645354.79
0.0954999923706
1371645354.89
0.101949214935
1371645354.99
0.0991289615631
1371645355.09
0.098436832428
1371645355.3
0.211513996124
1371645355.3
1.4066696167e-05
1371645355.39
0.0885889530182
1371645355.49
0.100592136383
1371645355.59
0.102452993393
1371645355.69
0.0979719161987
1371645355.79
0.101584911346
1371645355.89
0.0979020595551
1371645355.99
0.098876953125
1371645356.09
0.103361129761
1371645356.19
0.0979719161987
1371645356.29
0.0997090339661
1371645356.39
0.098886013031
1371645356.49
0.103146076202
1371645356.59
0.0972800254822
1371645356.69
0.102502822876
1371645356.79
0.0987961292267
1371645356.89
0.0990710258484
1371645356.99
0.100298881531
1371645357.09
0.100729942322
1371645357.19
0.0992920398712
1371645357.29
0.100363016129
1371645357.64
0.34879899025
1371645357.64
0.00111413002014
1371645357.64
1.09672546387e-05
1371645357.69
0.0528118610382
1371645357.79
0.0980892181396
1371645357.89
0.100086927414
1371645357.99
0.101983070374
1371645358.09
0.0985269546509
1371645358.19
0.0989258289337
1371645358.29
0.0999071598053
1371645358.4
0.103199005127
1371645358.49
0.0959899425507
1371645358.59
0.100668907166
1371645358.69
0.0989451408386
1371645358.79
0.101541042328
1371645358.89
0.0993869304657
1371645359.0
0.104153871536
1371645359.09
0.0973210334778
1371645359.19
0.097599029541
1371645359.29
0.102371931076
1371645359.39
0.0977489948273
1371645359.49
0.101968050003
1371645359.59
0.0999810695648
1371645359.69
0.0976529121399
1371645359.79
0.100468158722
1371645359.9
0.104142904282
1371645360.0
0.100817918777
1371645360.09
0.0965411663055
1371645360.2
0.102558851242
1371645360.29
0.0965371131897
1371645360.39
0.10053396225
1371645360.49
0.099846124649
1371645360.59
0.0989339351654
1371645360.79
0.201272964478
1371645360.89
0.100785017014
1371645361.0
0.103188037872
1371645361.09
0.0974628925323
1371645361.19
0.100577116013
1371645361.29
0.0999419689178
1371645361.39
0.0984799861908
1371645361.49
0.0994720458984
1371645361.68
0.189065933228
1371645361.69
0.0101170539856
1371645361.79
0.0994529724121
1371645361.89
0.103193998337
1371645361.99
0.0975379943848
1371645362.09
0.100324869156
1371645362.19
0.100149154663
1371645362.29
0.100710868835
1371645362.39
0.10177397728
1371645362.49
0.0966610908508
1371645362.59
0.100620985031
1371645362.69
0.0998830795288
1371645362.79
0.0993020534515
1371645362.89
0.101352930069
1371645362.99
0.0997369289398
1371645363.09
0.100821971893
1371645363.2
0.10515499115
1371645363.29
0.093111038208
1371645363.41
0.115239143372
1371645363.49
0.0849769115448
1371645363.59
0.0994470119476
1371645363.9
0.313580989838
1371645363.91
0.00478601455688
1371645363.91
1.00135803223e-05
1371645363.99
0.0857570171356
1371645364.09
0.0958349704742
1371645364.19
0.100661039352
1371645364.3
0.106835842133
1371645364.39
0.0936050415039
1371645364.49
0.102545022964
1371645364.6
0.102793931961
1371645364.7
0.0982279777527
1371645364.79
0.0974411964417
1371645364.89
0.0990319252014
1371645364.99
0.0986220836639
1371645365.09
0.100018978119
1371645365.19
0.103317975998
1371645365.29
0.0980188846588
1371645365.39
0.09903216362
1371645365.49
0.101050853729
1371645365.59
0.100023031235
1371645365.69
0.100353956223
1371645365.79
0.101213932037
1371645365.89
0.0982961654663
1371645366.0
0.104065895081
1371645366.09
0.095358133316
1371645366.19
0.0997200012207
1371645366.29
0.100540876389
1371645366.39
0.102524995804
1371645366.49
0.0977580547333
1371645366.6
0.108293056488
1371645366.69
0.0922689437866
1371645366.79
0.100539922714
1371645366.89
0.100510120392
1371645366.99
0.0974109172821
1371645367.09
0.103271961212
1371645367.2
0.101263999939
1371645367.29
0.0971670150757
1371645367.39
0.0986931324005
1371645367.49
0.100230932236
1371645367.59
0.100625991821
1371645367.69
0.100435972214
1371645367.8
0.102725982666
1371645367.89
0.0980081558228
1371645368.11
0.21576499939
1371645368.11
1.38282775879e-05
1371645368.19
0.0836641788483
1371645368.3
0.110641956329
1371645368.4
0.0933048725128
1371645368.49
0.0936870574951
1371645368.59
0.104192972183
1371645368.69
0.0990130901337
1371645368.79
0.0988759994507
1371645368.89
0.0998668670654
1371645368.99
0.101137161255
1371645369.09
0.0981729030609
1371645369.19
0.0994210243225
1371645369.29
0.100480079651
1371645369.39
0.101918935776
1371645369.49
0.0973410606384
1371645369.59
0.101752996445
1371645369.69
0.0995309352875
1371645369.8
0.105520009995
1371645369.89
0.0939519405365
1371645370.01
0.116755008698
1371645370.31
0.303002119064
1371645370.32
0.00809383392334
1371645370.32
0.000173091888428
1371645370.39
0.0734028816223
1371645370.49
0.0979959964752
1371645370.59
0.0998561382294
1371645370.69
0.100210905075
1371645370.79
0.100119113922
1371645370.89
0.100564002991
1371645370.99
0.101819992065
1371645371.09
0.0975258350372
1371645371.19
0.100529193878
1371645371.3
0.110306024551
1371645371.39
0.0909979343414
1371645371.49
0.0995450019836
1371645371.59
0.100342988968
1371645371.69
0.0987589359283
1371645371.79
0.101256132126
1371645371.89
0.101288795471
1371645371.99
0.0991630554199
1371645372.09
0.0980770587921
1371645372.2
0.109544992447
1371645372.29
0.0914828777313
1371645372.39
0.0991990566254
1371645372.49
0.101039171219
1371645372.6
0.10359787941
1371645372.7
0.107012033463
1371645372.79
0.0902509689331
1371645372.89
0.0995860099792
1371645372.99
0.0989699363708
1371645373.1
0.103714942932
1371645373.19
0.0975580215454
1371645373.29
0.0980880260468
1371645373.39
0.0996060371399
1371645373.49
0.10004901886
1371645373.59
0.100852012634
1371645373.69
0.100554943085
1371645373.79
0.100733995438
1371645373.89
0.0987551212311
1371645374.0
0.104084968567
1371645374.09
0.0965518951416
1371645374.19
0.0988199710846
1371645374.29
0.100405216217
1371645374.51
0.221406936646
1371645374.52
0.00258803367615
1371645374.59
0.0762298107147
1371645374.69
0.101292133331
1371645374.79
0.101216077805
1371645374.89
0.0992078781128
1371645374.99
0.096832036972
1371645375.09
0.102289915085
1371645375.19
0.0991179943085
1371645375.39
0.200813055038
1371645375.49
0.0989270210266
1371645375.59
0.099319934845
1371645375.69
0.1017370224
1371645375.79
0.0983109474182
1371645375.89
0.101641178131
1371645375.99
0.0997738838196
1371645376.1
0.105829000473
1371645376.19
0.095057964325
1371645376.3
0.102835178375
1371645376.4
0.102212905884
1371645376.71
0.312525987625
1371645376.71
0.00318193435669
1371645376.71
2.31266021729e-05
1371645376.79
0.0789358615875
1371645376.89
0.0990171432495
1371645377.0
0.105429887772
1371645377.09
0.0952210426331
1371645377.19
0.100728034973
1371645377.3
0.103049039841
1371645377.4
0.100039958954
1371645377.49
0.0977740287781
1371645377.6
0.100885868073
1371645377.7
0.102257013321
1371645377.79
0.0951490402222
1371645377.89
0.0997109413147
1371645377.99
0.100782155991
1371645378.09
0.101293802261
1371645378.19
0.0975821018219
1371645378.3
0.103506088257
1371645378.39
0.0963129997253
1371645378.49
0.101074934006
1371645378.59
0.0997650623322
1371645378.69
0.0990748405457
1371645378.79
0.0989871025085
1371645378.89
0.102380990982
1371645378.99
0.0999619960785
1371645379.09
0.0974519252777
1371645379.19
0.100481033325
1371645379.3
0.106486082077
1371645379.39
0.0971739292145
1371645379.49
0.0999720096588
1371645379.59
0.0992429256439
1371645379.69
0.100092172623
1371645379.79
0.0987010002136
1371645379.89
0.0981919765472
1371645379.99
0.102045059204
1371645380.09
0.100493907928
1371645380.21
0.114103078842
1371645380.29
0.0856490135193
1371645380.39
0.0990269184113
1371645380.49
0.0998599529266
1371645380.6
0.106357097626
1371645380.91
0.312968969345
1371645380.91
0.000340938568115
1371645380.91
1.09672546387e-05
1371645381.0
0.0835180282593
1371645381.09
0.0970408916473
1371645381.19
0.100654125214
1371645381.3
0.102601051331
1371645381.39
0.0988249778748
1371645381.5
0.100923061371
1371645381.59
0.0962538719177
1371645381.69
0.100211143494
1371645381.89
0.200542926788
1371645382.01
0.113600969315
1371645382.09
0.0878338813782
1371645382.19
0.100567102432
1371645382.29
0.0972089767456
1371645382.39
0.101532936096
1371645382.49
0.0991849899292
1371645382.59
0.0994501113892
1371645382.69
0.103380918503
1371645382.79
0.0979659557343
1371645382.89
0.0990002155304
1371645383.21
0.321538925171
1371645383.22
0.00248789787292
1371645383.22
2.09808349609e-05
1371645383.3
0.0801310539246
1371645383.4
0.10239315033
1371645383.49
0.0927469730377
1371645383.59
0.102792978287
1371645383.69
0.097244977951
1371645383.79
0.101160049438
1371645383.89
0.0990059375763
1371645384.0
0.105046033859
1371645384.09
0.0953550338745
1371645384.2
0.106794834137
1371645384.29
0.0937221050262
1371645384.39
0.10079407692
1371645384.49
0.100480794907
1371645384.59
0.0997200012207
1371645384.69
0.0997610092163
1371645384.79
0.0994529724121
1371645384.89
0.0994811058044
1371645384.99
0.101104021072
1371645385.09
0.0995218753815
1371645385.19
0.101612091064
1371645385.3
0.101068973541
1371645385.39
0.0962290763855
1371645385.49
0.100594997406
1371645385.59
0.0996930599213
1371645385.7
0.103802919388
1371645385.79
0.0949130058289
1371645385.89
0.102560997009
1371645385.99
0.098541021347
1371645386.1
0.107548952103
1371645386.19
0.0937631130219
1371645386.29
0.0978708267212
1371645386.39
0.101575136185
1371645386.49
0.0991740226746
1371645386.59
0.0990710258484
1371645386.69
0.101234912872
1371645386.8
0.10337305069
1371645386.9
0.104954957962
1371645386.99
0.0934679508209
1371645387.09
0.0995700359344
1371645387.29
0.200231075287
1371645387.3
0.00207185745239
1371645387.39
0.0980081558228
1371645387.5
0.101775884628
1371645387.59
0.0981249809265
1371645387.7
0.101716041565
1371645387.79
0.0975189208984
1371645387.89
0.101109027863
1371645387.99
0.0977039337158
1371645388.09
0.101279020309
1371645388.19
0.097953081131
1371645388.29
0.100024938583
1371645388.39
0.102347135544
1371645388.49
0.0982038974762
1371645388.59
0.0999970436096
1371645388.69
0.100153923035
1371645388.79
0.100399971008
1371645388.89
0.0994071960449
1371645388.99
0.102316856384
1371645389.09
0.0981481075287
1371645389.21
0.115918874741
1371645389.29
0.0866551399231
1371645389.6
0.303632974625
1371645389.6
0.000999927520752
1371645389.6
1.09672546387e-05
1371645389.69
0.0948929786682
1371645389.8
0.101408004761
1371645389.89
0.0955090522766
1371645389.99
0.101380109787
1371645390.09
0.0997099876404
1371645390.19
0.0997889041901
1371645390.29
0.0991070270538
1371645390.39
0.101646900177
1371645390.49
0.0987331867218
1371645390.6
0.104462862015
1371645390.69
0.0979220867157
1371645390.79
0.0974068641663
1371645390.89
0.101154088974
1371645390.99
0.100166082382
1371645391.09
0.100267887115
1371645391.19
0.0994729995728
1371645391.29
0.10035610199
1371645391.39
0.0995678901672
1371645391.49
0.100657939911
1371645391.59
0.100422143936
1371645391.69
0.0993359088898
1371645391.79
0.0989379882812
1371645391.89
0.102559089661
1371645391.99
0.0982458591461
1371645392.09
0.0994942188263
1371645392.19
0.0988609790802
1371645392.3
0.105250835419
1371645392.4
0.099454164505
1371645392.49
0.0986249446869
1371645392.59
0.0966339111328
1371645392.69
0.100201129913
1371645392.79
0.100608825684
1371645392.89
0.101631164551
1371645392.99
0.102005004883
1371645393.09
0.0999958515167
1371645393.19
0.0962381362915
1371645393.29
0.101004838943
1371645393.39
0.098286151886
1371645393.7
0.304873943329
1371645393.7
0.00256395339966
1371645393.7
0.000892162322998
1371645393.8
0.0990929603577
1371645393.89
0.0936968326569
1371645393.99
0.100404024124
1371645394.09
0.100805997849
1371645394.19
0.100871086121
1371645394.3
0.104006052017
1371645394.39
0.0934619903564
1371645394.49
0.10049700737
1371645394.59
0.100437879562
1371645394.72
0.129055976868
1371645394.79
0.0703830718994
1371645395.1
0.305201053619
1371645395.11
0.00831389427185
1371645395.11
2.09808349609e-05
1371645395.19
0.0878500938416
1371645395.29
0.09912109375
1371645395.39
0.0992197990417
1371645395.49
0.102311134338
1371645395.59
0.0968508720398
1371645395.69
0.101868152618
1371645395.79
0.0991539955139
1371645395.89
0.100471973419
1371645395.99
0.0998549461365
1371645396.09
0.101493120193
1371645396.19
0.100879907608
1371645396.29
0.0980219841003
1371645396.39
0.0996160507202
1371645396.49
0.0993390083313
1371645396.59
0.100960969925
1371645396.69
0.102133989334
1371645396.79
0.0977289676666
1371645396.89
0.101961135864
1371645397.01
0.118671894073
1371645397.09
0.0785129070282
1371645397.19
0.1013879776
1371645397.29
0.100971221924
1371645397.39
0.10102891922
1371645397.49
0.099720954895
1371645397.59
0.1005859375
1371645397.69
0.0996010303497
1371645397.79
0.100111961365
1371645397.89
0.0968401432037
1371645397.99
0.102435827255
1371645398.09
0.100416183472
1371645398.19
0.0977900028229
1371645398.3
0.104466915131
1371645398.39
0.0957100391388
1371645398.49
0.0993900299072
1371645398.59
0.10214805603
1371645398.69
0.0981638431549
1371645398.79
0.100656032562
1371645398.89
0.0987319946289
1371645399.22
0.32511806488
1371645399.22
0.00245904922485
1371645399.22
1.50203704834e-05
1371645399.3
0.0793688297272
1371645399.39
0.0939280986786
1371645399.49
0.0999188423157
1371645399.59
0.10006403923
1371645399.69
0.0993859767914
1371645399.79
0.100761175156
1371645399.9
0.103646993637
1371645400.24
0.345244884491
1371645400.24
0.00285506248474
1371645400.24
1.28746032715e-05
1371645400.41
0.165891170502
1371645400.41
4.29153442383e-05
1371645400.49
0.084666967392
1371645400.59
0.0963220596313
1371645400.69
0.100522041321
1371645400.79
0.102319955826
1371645400.89
0.0995759963989
1371645400.99
0.101062059402
1371645401.09
0.0991408824921
1371645401.19
0.0981199741364
1371645401.29
0.099552154541
1371645401.39
0.0999329090118
1371645401.49
0.101922035217
1371645401.59
0.0977640151978
1371645401.69
0.101418018341
1371645401.79
0.0996840000153
1371645401.89
0.102443933487
1371645401.99
0.0963199138641
1371645402.09
0.101534128189
1371645402.19
0.100797891617
1371645402.29
0.0998320579529
1371645402.4
0.102612018585
1371645402.49
0.0949170589447
1371645402.6
0.104771852493
1371645402.69
0.0985660552979
1371645402.79
0.100386142731
1371645402.89
0.0983529090881
1371645403.0
0.109203100204
1371645403.09
0.0905909538269
1371645403.19
0.0994229316711
1371645403.29
0.100537061691
1371645403.39
0.0985698699951
1371645403.5
0.105859041214
1371645403.59
0.0954420566559
1371645403.7
0.105366945267
1371645403.79
0.0942180156708
1371645403.89
0.100852012634
1371645404.0
0.104831933975
1371645404.09
0.0955171585083
1371645404.39
0.300028800964
1371645404.39
0.00166511535645
1371645404.39
1.50203704834e-05
1371645404.49
0.0969278812408
1371645404.59
0.103141069412
1371645404.69
0.0977039337158
1371645404.79
0.0993189811707
1371645404.89
0.100136995316
1371645404.99
0.100652217865
1371645405.1
0.104554891586
1371645405.19
0.0963180065155
1371645405.29
0.0981330871582
1371645405.39
0.101763010025
1371645405.49
0.0978429317474
1371645405.59
0.101057052612
1371645405.69
0.100581884384
1371645405.79
0.0980229377747
1371645405.89
0.101361036301
1371645405.99
0.0994729995728
1371645406.1
0.109235048294
1371645406.19
0.0926289558411
1371645406.29
0.100923061371
1371645406.64
0.34514093399
1371645406.64
0.003751039505
1371645406.64
1.19209289551e-05
1371645406.8
0.160748004913
1371645406.8
9.29832458496e-05
1371645406.89
0.089996099472
1371645406.99
0.100831985474
1371645407.09
0.0963649749756
1371645407.19
0.101907014847
1371645407.29
0.09739112854
1371645407.39
0.101840019226
1371645407.49
0.10027384758
1371645407.59
0.101202964783
1371645407.69
0.100939035416
1371645407.79
0.0969610214233
1371645407.89
0.0989370346069
1371645407.99
0.102364063263
1371645408.09
0.0980608463287
1371645408.19
0.103123188019
1371645408.29
0.0970048904419
1371645408.4
0.10586810112
1371645408.49
0.0954070091248
1371645408.59
0.0996959209442
1371645408.69
0.10054898262
1371645408.79
0.0994029045105
1371645408.89
0.102164030075
1371645408.99
0.0994980335236
1371645409.09
0.0977380275726
1371645409.19
0.100980043411
1371645409.29
0.0980679988861
1371645409.4
0.104895830154
1371645409.49
0.0962362289429
1371645409.59
0.100856781006
1371645409.69
0.100845098495
1371645409.79
0.0988910198212
1371645409.89
0.0990219116211
1371645410.0
0.104061126709
1371645410.09
0.0971159934998
1371645410.19
0.101248979568
1371645410.29
0.100826025009
1371645410.39
0.0956358909607
1371645410.49
0.102259159088
1371645410.81
0.314420938492
1371645410.82
0.00841403007507
1371645410.82
0.00239181518555
1371645410.89
0.0747561454773
1371645410.99
0.101595878601
1371645411.1
0.103497982025
1371645411.19
0.0945391654968
1371645411.29
0.0999019145966
1371645411.39
0.0996301174164
1371645411.49
0.100723981857
1371645411.59
0.100311994553
1371645411.69
0.100633859634
1371645411.79
0.100228071213
1371645411.89
0.0982909202576
1371645412.0
0.106511116028
1371645412.09
0.0938279628754
1371645412.19
0.098748922348
1371645412.29
0.101659059525
1371645412.39
0.0990889072418
1371645412.5
0.103978157043
1371645412.59
0.0975048542023
1371645412.69
0.0980222225189
1371645413.01
0.31526684761
1371645413.01
0.00198411941528
1371645413.01
1.38282775879e-05
1371645413.09
0.0838801860809
1371645413.19
0.0982007980347
1371645413.29
0.102025985718
1371645413.39
0.0994651317596
1371645413.49
0.10248208046
1371645413.59
0.0983419418335
1371645413.69
0.0988099575043
1371645413.79
0.099858045578
1371645413.89
0.100497961044
1371645413.99
0.10049200058
1371645414.09
0.100395917892
1371645414.19
0.0992729663849
1371645414.29
0.102244138718
1371645414.39
0.0998709201813
1371645414.49
0.0985431671143
1371645414.6
0.105588912964
1371645414.69
0.0952799320221
1371645414.79
0.0969450473785
1371645414.89
0.100913047791
1371645414.99
0.100806951523
1371645415.09
0.100614070892
1371645415.2
0.103709936142
1371645415.29
0.0962669849396
1371645415.39
0.0981600284576
1371645415.49
0.100159883499
1371645415.59
0.101157188416
1371645415.7
0.10303401947
1371645415.79
0.0984098911285
1371645415.89
0.100234031677
1371645415.99
0.100128889084
1371645416.1
0.101143121719
1371645416.2
0.100039958954
1371645416.3
0.101806879044
1371645416.39
0.0952022075653
1371645416.49
0.099536895752
1371645416.59
0.100764989853
1371645416.69
0.0987210273743
1371645416.79
0.0999219417572
1371645416.89
0.0992650985718
1371645417.13
0.241602897644
1371645417.13
1.59740447998e-05
1371645417.19
0.0610630512238
1371645417.29
0.0984361171722
1371645417.39
0.0991699695587
1371645417.49
0.100620031357
1371645417.59
0.101636886597
1371645417.69
0.100038051605
1371645417.79
0.0976829528809
1371645417.89
0.102219104767
1371645418.0
0.105544805527
1371645418.09
0.0945780277252
1371645418.19
0.0973010063171
1371645418.29
0.102919101715
1371645418.4
0.103096008301
1371645418.5
0.108289003372
1371645418.59
0.0869538784027
1371645418.69
0.102910041809
1371645418.79
0.0973191261292
1371645418.9
0.104715824127
1371645418.99
0.0955290794373
1371645419.09
0.0992829799652
1371645419.43
0.343020915985
1371645419.44
0.00126314163208
1371645419.44
1.09672546387e-05
1371645419.58
0.14385509491
1371645419.6
0.0171489715576
1371645419.69
0.0960109233856
1371645419.8
0.106420993805
1371645419.89
0.0920810699463
1371645419.99
0.100111961365
1371645420.1
0.104610919952
1371645420.19
0.0968279838562
1371645420.29
0.100458145142
1371645420.4
0.105911970139
1371645420.49
0.0921199321747
1371645420.59
0.10098195076
1371645420.7
0.105856180191
1371645420.79
0.0945348739624
1371645420.89
0.0979599952698
1371645420.99
0.100306987762
1371645421.09
0.10037612915
1371645421.2
0.106227874756
1371645421.29
0.0951070785522
1371645421.39
0.100198984146
1371645421.49
0.0986199378967
1371645421.59
0.0999450683594
1371645421.69
0.102083921432
1371645421.79
0.099760055542
1371645421.89
0.101437091827
1371645421.99
0.0997898578644
1371645422.09
0.0980200767517
1371645422.19
0.0987219810486
1371645422.29
0.100121021271
1371645422.39
0.0996298789978
1371645422.49
0.101459980011
1371645422.6
0.104347229004
1371645422.69
0.0941259860992
1371645422.79
0.0998737812042
1371645422.89
0.100859165192
1371645422.99
0.0993449687958
1371645423.09
0.0998780727386
1371645423.19
0.102684020996
1371645423.29
0.0981369018555
1371645423.58
0.291656017303
1371645423.59
0.00218391418457
1371645423.59
0.00602507591248
1371645423.69
0.101204872131
1371645423.79
0.0995810031891
1371645423.89
0.099130153656
1371645424.0
0.104346036911
1371645424.09
0.0966219902039
1371645424.19
0.0998599529266
1371645424.29
0.100266933441
1371645424.39
0.0979959964752
1371645424.49
0.101263046265
1371645424.6
0.106120109558
1371645424.69
0.0944888591766
1371645424.79
0.0988991260529
1371645424.89
0.100498914719
1371645424.99
0.0996470451355
1371645425.09
0.100322008133
1371645425.19
0.100319862366
1371645425.31
0.112795114517
1371645425.39
0.0875658988953
1371645425.49
0.0996420383453
1371645425.84
0.344136953354
1371645425.85
0.0126850605011
1371645425.85
3.09944152832e-05
1371645425.89
0.0436179637909
1371645425.99
0.0988359451294
1371645426.09
0.0995101928711
1371645426.19
0.100769996643
1371645426.29
0.0988709926605
1371645426.39
0.10111284256
1371645426.49
0.0998120307922
1371645426.59
0.0990240573883
1371645426.69
0.101567029953
1371645426.79
0.100265026093
1371645426.89
0.099357843399
1371645426.99
0.0985481739044
1371645427.09
0.100708961487
1371645427.2
0.108104944229
1371645427.29
0.0911490917206
1371645427.39
0.100848913193
1371645427.59
0.199326992035
1371645427.59
0.00199699401855
1371645427.69
0.0994820594788
1371645427.79
0.100645065308
1371645427.89
0.0990469455719
1371645428.0
0.107485055923
1371645428.09
0.0953669548035
1371645428.19
0.0988419055939
1371645428.29
0.0986199378967
1371645428.39
0.102373123169
1371645428.49
0.0961508750916
1371645428.6
0.10678601265
1371645428.69
0.0960609912872
1371645428.79
0.100617170334
1371645428.99
0.195222854614
1371645428.99
0.00123310089111
1371645429.09
0.103091955185
1371645429.19
0.0981159210205
1371645429.39
0.2004570961
1371645429.39
0.000140905380249
1371645429.49
0.101757049561
1371645429.69
0.196371078491
1371645429.69
0.000181913375854
1371645430.01
0.315773963928
1371645430.01
0.00215315818787
1371645430.1
0.0873119831085
1371645430.19
0.0956840515137
1371645430.29
0.0982158184052
1371645430.39
0.101686954498
1371645430.49
0.0984480381012
1371645430.59
0.100442171097
1371645430.69
0.100730895996
1371645430.79
0.100332021713
1371645430.89
0.099063873291
1371645430.99
0.0990831851959
1371645431.09
0.100937843323
1371645431.2
0.105892181396
1371645431.29
0.0944068431854
1371645431.39
0.100985050201
1371645431.49
0.10018491745
1371645431.59
0.101365089417
1371645431.69
0.0992250442505
1371645431.79
0.0995669364929
1371645431.89
0.0998759269714
1371645432.21
0.313179016113
1371645432.22
0.0147140026093
1371645432.22
2.09808349609e-05
1371645432.29
0.0700490474701
1371645432.39
0.100293159485
1371645432.49
0.0994608402252
1371645432.59
0.102607965469
1371645432.69
0.0979540348053
1371645432.79
0.10031414032
1371645432.89
0.100899934769
1371645432.99
0.0980660915375
1371645433.09
0.100000858307
1371645433.19
0.10095500946
1371645433.29
0.10075211525
1371645433.39
0.0981059074402
1371645433.49
0.102232933044
1371645433.59
0.0998690128326
1371645433.69
0.101508140564
1371645433.79
0.097042798996
1371645433.89
0.0997860431671
1371645433.99
0.101197957993
1371645434.1
0.106903076172
1371645434.19
0.0919830799103
1371645434.32
0.134614944458
1371645434.39
0.0670049190521
1371645434.49
0.0991401672363
1371645434.59
0.0992879867554
1371645434.69
0.0998518466949
1371645434.79
0.100470066071
1371645434.89
0.100945949554
1371645434.99
0.0992519855499
1371645435.09
0.0989739894867
1371645435.19
0.100625991821
1371645435.29
0.100231170654
1371645435.39
0.100572824478
1371645435.49
0.100901126862
1371645435.59
0.0984280109406
1371645435.69
0.103214025497
1371645435.79
0.0994598865509
1371645435.9
0.106040000916
1371645435.99
0.0911040306091
1371645436.09
0.0998160839081
1371645436.2
0.106804847717
1371645436.41
0.212962150574
1371645436.41
1.8835067749e-05
1371645436.49
0.0842339992523
1371645436.59
0.0994830131531
1371645436.7
0.104533195496
1371645436.8
0.0992529392242
1371645436.89
0.0969409942627
1371645436.99
0.0960099697113
1371645437.09
0.101969003677
1371645437.2
0.107995986938
1371645437.29
0.0940639972687
1371645437.39
0.0971269607544
1371645437.49
0.100203990936
1371645437.59
0.0999579429626
1371645437.69
0.100426197052
1371645437.79
0.100239992142
1371645437.89
0.0988688468933
1371645437.99
0.100834131241
1371645438.09
0.100101947784
1371645438.19
0.0997750759125
1371645438.51
0.314196825027
1371645438.51
0.00119519233704
1371645438.51
1.19209289551e-05
1371645438.6
0.0891020298004
1371645438.69
0.0929529666901
1371645438.79
0.101211071014
1371645438.89
0.0994489192963
1371645438.99
0.10147690773
1371645439.09
0.0982720851898
1371645439.19
0.101290941238
1371645439.29
0.100336074829
1371645439.39
0.0984349250793
1371645439.49
0.105017185211
1371645439.59
0.0954787731171
1371645439.69
0.100599050522
1371645439.79
0.100451946259
1371645439.89
0.0987432003021
1371645439.99
0.100059986115
1371645440.09
0.102927923203
1371645440.19
0.0969550609589
1371645440.29
0.104939937592
1371645440.39
0.0971419811249
1371645440.49
0.0972499847412
1371645440.59
0.100621938705
1371645440.69
0.100509166718
1371645440.79
0.100967884064
1371645440.89
0.0992031097412
1371645440.99
0.0995080471039
1371645441.09
0.101248979568
1371645441.19
0.102252960205
1371645441.29
0.0997788906097
1371645441.39
0.0976541042328
1371645441.49
0.100790023804
1371645441.59
0.0998928546906
1371645441.69
0.102524995804
1371645441.79
0.0964910984039
1371645441.89
0.0989949703217
1371645441.99
0.100193977356
1371645442.09
0.100863933563
1371645442.19
0.103704214096
1371645442.29
0.0992558002472
1371645442.39
0.0984280109406
1371645442.61
0.219712972641
1371645442.61
0.000874996185303
1371645442.69
0.0785210132599
1371645442.79
0.0980200767517
1371645442.89
0.100820064545
1371645442.99
0.101376056671
1371645443.09
0.101456880569
1371645443.19
0.102128982544
1371645443.29
0.0996170043945
1371645443.39
0.0977470874786
1371645443.49
0.0981428623199
1371645443.59
0.0993821620941
1371645443.69
0.0995848178864
1371645443.79
0.102186203003
1371645443.89
0.100129842758
1371645443.99
0.0980560779572
1371645444.09
0.103419065475
1371645444.19
0.0978598594666
1371645444.29
0.100195169449
1371645444.66
0.367915868759
1371645444.66
0.000410079956055
1371645444.66
1.50203704834e-05
1371645444.69
0.032429933548
1371645444.79
0.0990889072418
1371645444.89
0.101675033569
1371645444.99
0.0986399650574
1371645445.09
0.101529121399
1371645445.19
0.0969638824463
1371645445.29
0.099513053894
1371645445.39
0.100369930267
1371645445.49
0.10051202774
1371645445.59
0.0997829437256
1371645445.69
0.100542068481
1371645445.79
0.101657152176
1371645445.89
0.0991499423981
1371645445.99
0.0986518859863
1371645446.09
0.0994491577148
1371645446.21
0.119071006775
1371645446.29
0.0810558795929
1371645446.39
0.100892066956
1371645446.49
0.0998079776764
1371645446.59
0.103049993515
1371645446.69
0.101418018341
1371645446.79
0.0954439640045
1371645446.89
0.0989139080048
1371645447.0
0.109153985977
1371645447.09
0.0919320583344
1371645447.19
0.0996799468994
1371645447.29
0.103142023087
1371645447.39
0.0994369983673
1371645447.49
0.0973870754242
1371645447.59
0.101413965225
1371645447.69
0.0992970466614
1371645447.79
0.0992610454559
1371645447.89
0.0995938777924
1371645447.99
0.0998260974884
1371645448.09
0.104708909988
1371645448.19
0.0959620475769
1371645448.29
0.100564002991
1371645448.39
0.100177049637
1371645448.49
0.103324890137
1371645448.59
0.0952291488647
1371645448.8
0.206120014191
1371645448.8
6.19888305664e-05
1371645448.89
0.0971338748932
1371645448.99
0.0988130569458
1371645449.09
0.0982758998871
1371645449.19
0.101207017899
1371645449.29
0.0990669727325
1371645449.39
0.100692033768
1371645449.49
0.0998201370239
1371645449.59
0.102730989456
1371645449.69
0.0978708267212
1371645449.79
0.099160194397
1371645449.89
0.100203990936
1371645449.99
0.100983858109
1371645450.09
0.0993850231171
1371645450.19
0.0998210906982
1371645450.29
0.101788043976
1371645450.39
0.0987088680267
1371645450.49
0.0987601280212
1371645450.59
0.100656986237
1371645450.69
0.100109815598
1371645451.01
0.323837041855
1371645451.02
0.00223398208618
1371645451.02
1.00135803223e-05
1371645451.09
0.0740411281586
1371645451.19
0.0992369651794
1371645451.29
0.100323915482
1371645451.39
0.099543094635
1371645451.49
0.100008010864
1371645451.59
0.0995919704437
1371645451.69
0.100306987762
1371645451.79
0.101351976395
1371645451.89
0.0987410545349
1371645451.99
0.100483894348
1371645452.09
0.0992670059204
1371645452.19
0.100558042526
1371645452.29
0.101055145264
1371645452.39
0.0995469093323
1371645452.49
0.100579023361
1371645452.59
0.0982549190521
1371645452.69
0.100038051605
1371645452.79
0.100900888443
1371645452.89
0.101199150085
1371645452.99
0.100208044052
1371645453.09
0.0980308055878
1371645453.19
0.100975036621
1371645453.29
0.101091146469
1371645453.39
0.0973498821259
1371645453.49
0.104272127151
1371645453.59
0.0973718166351
1371645453.69
0.10028719902
1371645453.79
0.0981469154358
1371645453.89
0.100878953934
1371645453.99
0.102689981461
1371645454.09
0.0970799922943
1371645454.19
0.101145029068
1371645454.29
0.103626966476
1371645454.39
0.0987989902496
1371645454.49
0.0962970256805
1371645454.59
0.10343003273
1371645454.69
0.0975248813629
1371645454.79
0.101774215698
1371645454.89
0.0997009277344
1371645455.08
0.18617105484
1371645455.09
0.0124859809875
1371645455.19
0.101480960846
1371645455.31
0.114161968231
1371645455.39
0.084450006485
1371645455.49
0.0990080833435
1371645455.59
0.102016925812
1371645455.69
0.0989758968353
1371645455.79
0.101602077484
1371645455.89
0.0985851287842
1371645455.99
0.0982217788696
1371645456.09
0.102503061295
1371645456.19
0.102230072021
1371645456.29
0.0980429649353
1371645456.39
0.0982689857483
1371645456.49
0.100534915924
1371645456.59
0.101114034653
1371645456.69
0.0996150970459
1371645456.79
0.0994880199432
1371645456.89
0.0995919704437
1371645456.99
0.100890874863
1371645457.33
0.334937095642
1371645457.33
0.00575113296509
1371645457.33
1.47819519043e-05
1371645457.39
0.05983710289
1371645457.49
0.0985019207001
1371645457.59
0.102426052094
1371645457.69
0.0976250171661
1371645457.79
0.101187944412
1371645457.89
0.0997240543365
1371645457.99
0.0999820232391
1371645458.09
0.0987858772278
1371645458.19
0.101640224457
1371645458.29
0.100885868073
1371645458.39
0.0974850654602
1371645458.49
0.10084605217
1371645458.59
0.100412845612
1371645458.69
0.102319002151
1371645458.79
0.0983560085297
1371645458.89
0.0995230674744
1371645458.99
0.100355863571
1371645459.1
0.103759050369
1371645459.19
0.0946881771088
1371645459.29
0.0999789237976
1371645459.39
0.10359287262
1371645459.49
0.0966510772705
1371645459.59
0.0999989509583
1371645459.69
0.101562023163
1371645459.79
0.0976209640503
1371645459.89
0.10250210762
1371645459.99
0.10039305687
1371645460.09
0.09752202034
1371645460.19
0.0991539955139
1371645460.3
0.106999874115
1371645460.39
0.0940511226654
1371645460.49
0.0995359420776
1371645460.59
0.102983951569
1371645460.69
0.0986740589142
1371645460.79
0.0996549129486
1371645460.89
0.100708961487
1371645460.99
0.0978560447693
1371645461.09
0.0997490882874
1371645461.19
0.101001977921
1371645461.29
0.0993499755859
1371645461.48
0.191961050034
1371645461.49
0.00874900817871
1371645461.59
0.100833892822
1371645461.69
0.0996379852295
1371645461.79
0.0988571643829
1371645461.9
0.107849836349
1371645461.99
0.0930020809174
1371645462.09
0.0995399951935
1371645462.19
0.100625991821
1371645462.29
0.0993659496307
1371645462.39
0.10099196434
1371645462.49
0.0994470119476
1371645462.59
0.0997650623322
1371645462.7
0.106693983078
1371645462.79
0.0928900241852
1371645462.89
0.100698947906
1371645462.99
0.100378990173
1371645463.09
0.100208044052
1371645463.19
0.0991289615631
1371645463.29
0.102149009705
1371645463.39
0.0976691246033
1371645463.5
0.109289884567
1371645463.88
0.374833106995
1371645463.88
0.00365400314331
1371645463.88
1.19209289551e-05
1371645463.89
0.0132908821106
1371645463.99
0.101124048233
1371645464.09
0.0967559814453
1371645464.19
0.100586175919
1371645464.29
0.0995769500732
1371645464.39
0.0995919704437
1371645464.49
0.100394010544
1371645464.59
0.101832866669
1371645464.69
0.0991351604462
1371645464.79
0.100074052811
1371645464.89
0.100801944733
1371645464.99
0.100658893585
1371645465.09
0.0984311103821
1371645465.19
0.0998599529266
1371645465.29
0.100771903992
1371645465.41
0.118010044098
1371645465.49
0.0805809497833
1371645465.59
0.103741168976
1371645465.69
0.0964410305023
1371645465.79
0.104385852814
1371645465.89
0.0970809459686
1371645465.99
0.098865032196
1371645466.09
0.100613117218
1371645466.2
0.105002880096
1371645466.29
0.0934941768646
1371645466.39
0.100806951523
1371645466.49
0.0998668670654
1371645466.59
0.0998239517212
1371645466.69
0.101030111313
1371645466.79
0.0993790626526
1371645466.89
0.100476980209
1371645466.99
0.0984010696411
1371645467.09
0.102961778641
1371645467.19
0.0981860160828
1371645467.29
0.0992829799652
1371645467.39
0.103708028793
1371645467.49
0.0964679718018
1371645467.59
0.103942155838
1371645467.69
0.0976910591125
1371645467.79
0.0995287895203
1371645468.01
0.217031002045
1371645468.01
1.12056732178e-05
1371645468.09
0.081750869751
1371645468.19
0.103408098221
1371645468.29
0.0969898700714
1371645468.39
0.0998501777649
1371645468.49
0.100076913834
1371645468.59
0.101031064987
1371645468.69
0.0993738174438
1371645468.79
0.101032018661
1371645468.89
0.0998950004578
1371645468.99
0.0990760326385
1371645469.09
0.100083112717
1371645469.19
0.10236787796
1371645469.29
0.0974960327148
1371645469.39
0.0993421077728
1371645469.49
0.10032582283
1371645469.59
0.100185155869
1371645469.69
0.0992360115051
1371645469.79
0.104861974716
1371645469.89
0.0968379974365
1371645470.21
0.320343017578
1371645470.22
0.00534081459045
1371645470.22
1.50203704834e-05
1371645470.29
0.0738761425018
1371645470.39
0.0990779399872
1371645470.49
0.102077007294
1371645470.59
0.0985820293427
1371645470.69
0.100450992584
1371645470.79
0.0995740890503
1371645470.89
0.0995898246765
1371645470.99
0.0994701385498
1371645471.09
0.100703001022
1371645471.19
0.10060095787
1371645471.29
0.0999810695648
1371645471.39
0.100960969925
1371645471.49
0.100427865982
1371645471.59
0.098405122757
1371645471.69
0.099513053894
1371645471.79
0.0999047756195
1371645471.89
0.101838111877
1371645471.99
0.0986180305481
1371645472.09
0.101482868195
1371645472.19
0.0985631942749
1371645472.29
0.101274013519
1371645472.39
0.101073980331
1371645472.49
0.0984618663788
1371645472.59
0.100768089294
1371645472.69
0.0984308719635
1371645472.79
0.0997650623322
1371645472.89
0.100131034851
1371645472.99
0.0998709201813
1371645473.09
0.0999870300293
1371645473.19
0.0998549461365
1371645473.29
0.101731061935
1371645473.39
0.0987219810486
1371645473.49
0.10121512413
1371645473.59
0.100118875504
1371645473.7
0.109373092651
1371645473.79
0.0884139537811
1371645473.89
0.100404977798
1371645473.99
0.100641965866
1371645474.09
0.0995230674744
1371645474.19
0.103360891342
1371645474.4
0.207311153412
1371645474.41
0.0040340423584
1371645474.49
0.0879468917847
1371645474.59
0.0985479354858
1371645474.69
0.099100112915
1371645474.79
0.100163936615
1371645474.89
0.0998570919037
1371645474.99
0.0997560024261
1371645475.09
0.100705862045
1371645475.19
0.0982801914215
1371645475.29
0.101126909256
1371645475.39
0.100801944733
1371645475.49
0.0997140407562
1371645475.59
0.100429058075
1371645475.69
0.0997338294983
1371645475.79
0.100992202759
1371645475.89
0.0985999107361
1371645475.99
0.0999729633331
1371645476.1
0.111568927765
1371645476.19
0.0879850387573
1371645476.49
0.30085515976
1371645476.5
0.00595283508301
1371645476.5
0.00698709487915
1371645476.59
0.0865578651428
1371645476.69
0.0984990596771
1371645476.79
0.100332021713
1371645476.89
0.100318908691
1371645476.99
0.102071046829
1371645477.09
0.100378036499
1371645477.19
0.0982489585876
1371645477.29
0.100093126297
1371645477.39
0.100157022476
1371645477.49
0.101014852524
1371645477.59
0.100234031677
1371645477.7
0.103675127029
1371645477.79
0.0961358547211
1371645477.89
0.0992109775543
1371645477.99
0.0996539592743
1371645478.09
0.101600170135
1371645478.19
0.0979218482971
1371645478.29
0.0996360778809
1371645478.39
0.100858926773
1371645478.5
0.110814094543
1371645478.59
0.0895459651947
1371645478.7
0.104984998703
1371645478.79
0.09547996521
1371645478.89
0.10126209259
1371645478.99
0.0987150669098
1371645479.09
0.0994048118591
1371645479.19
0.100670099258
1371645479.29
0.100878953934
1371645479.39
0.0978820323944
1371645479.49
0.10086607933
1371645479.59
0.0992119312286
1371645479.69
0.0994389057159
1371645479.79
0.0999081134796
1371645479.89
0.101006984711
1371645479.99
0.0999829769135
1371645480.09
0.102771043777
1371645480.19
0.0979430675507
1371645480.29
0.100173950195
1371645480.54
0.243104934692
1371645480.54
5.50746917725e-05
1371645480.59
0.0595190525055
1371645480.69
0.0953118801117
1371645480.79
0.101836919785
1371645480.89
0.0986530780792
1371645480.99
0.10139298439
1371645481.09
0.0998251438141
1371645481.19
0.0997657775879
1371645481.29
0.101450204849
1371645481.39
0.100950956345
1371645481.49
0.0963220596313
1371645481.59
0.101669788361
1371645481.69
0.103002071381
1371645481.79
0.0980350971222
1371645481.89
0.0982890129089
1371645481.99
0.101431846619
1371645482.09
0.0985691547394
1371645482.19
0.10132598877
1371645482.29
0.0994410514832
1371645482.39
0.0992958545685
1371645482.5
0.108015060425
1371645482.85
0.349705934525
1371645482.85
0.00047492980957
1371645482.85
1.81198120117e-05
1371645483.04
0.18657207489
1371645483.05
0.0166709423065
1371645483.09
0.0390560626984
1371645483.19
0.0987129211426
1371645483.29
0.100605964661
1371645483.39
0.101423025131
1371645483.49
0.0995080471039
1371645483.59
0.0990509986877
1371645483.69
0.0999958515167
1371645483.79
0.0993821620941
1371645483.89
0.0998029708862
1371645483.99
0.100180864334
1371645484.1
0.105126142502
1371645484.19
0.0958778858185
1371645484.29
0.0990769863129
1371645484.39
0.100053071976
1371645484.49
0.101047992706
1371645484.59
0.0983800888062
1371645484.69
0.100947856903
1371645484.8
0.105929136276
1371645484.89
0.0962970256805
1371645484.99
0.100032806396
1371645485.09
0.0979971885681
1371645485.19
0.100754022598
1371645485.29
0.100386857986
1371645485.39
0.0986530780792
1371645485.49
0.10064291954
1371645485.59
0.0992331504822
1371645485.69
0.100954771042
1371645485.79
0.0999710559845
1371645485.89
0.0993571281433
1371645486.0
0.113093852997
1371645486.1
0.0976569652557
1371645486.19
0.0908532142639
1371645486.29
0.0987288951874
1371645486.39
0.0996971130371
1371645486.49
0.100917816162
1371645486.59
0.100038051605
1371645486.69
0.0996859073639
1371645486.79
0.100428104401
1371645487.03
0.235759019852
1371645487.03
0.00683689117432
1371645487.09
0.055958032608
1371645487.19
0.0998861789703
1371645487.29
0.101610898972
1371645487.39
0.100557088852
1371645487.49
0.0996749401093
1371645487.59
0.098072052002
1371645487.69
0.100013017654
1371645487.79
0.100106954575
1371645487.89
0.100929021835
1371645487.99
0.100006818771
1371645488.09
0.101986169815
1371645488.19
0.0971779823303
1371645488.29
0.1009349823
1371645488.39
0.0996220111847
1371645488.49
0.100767850876
1371645488.59
0.099790096283
1371645488.69
0.0995419025421
1371645488.79
0.1012570858
1371645488.91
0.119177103043
1371645489.26
0.351948976517
1371645489.27
0.00567984580994
1371645489.27
1.12056732178e-05
1371645489.29
0.0241439342499
1371645489.39
0.0977649688721
1371645489.49
0.100624084473
1371645489.59
0.0988278388977
1371645489.69
0.100857973099
1371645489.79
0.0988399982452
1371645489.89
0.0999090671539
1371645489.99
0.100520133972
1371645490.11
0.114704847336
1371645490.19
0.0846359729767
1371645490.29
0.101730108261
1371645490.39
0.0980548858643
1371645490.49
0.101691961288
1371645490.59
0.0995321273804
1371645490.69
0.098895072937
1371645490.79
0.0996699333191
1371645490.9
0.110641002655
1371645490.99
0.0901880264282
1371645491.09
0.102068901062
1371645491.19
0.100711107254
1371645491.29
0.0968079566956
1371645491.39
0.101049900055
1371645491.49
0.10294008255
1371645491.59
0.100488901138
1371645491.69
0.0973300933838
1371645491.79
0.0979700088501
1371645491.89
0.100405931473
1371645491.99
0.102184057236
1371645492.09
0.0979599952698
1371645492.19
0.102270126343
1371645492.29
0.101234912872
1371645492.39
0.0966289043427
1371645492.49
0.0997471809387
1371645492.59
0.100831985474
1371645492.69
0.101310968399
1371645492.79
0.100013017654
1371645492.89
0.10097694397
1371645492.99
0.0984070301056
1371645493.09
0.101448059082
1371645493.19
0.0973649024963
1371645493.39
0.196357011795
1371645493.39
0.00400400161743
1371645493.49
0.0998020172119
1371645493.59
0.100019931793
1371645493.69
0.0998830795288
1371645493.79
0.100816965103
1371645493.89
0.0996649265289
1371645494.0
0.106959104538
1371645494.09
0.0930418968201
1371645494.19
0.102255105972
1371645494.29
0.0986158847809
1371645494.39
0.0998890399933
1371645494.49
0.0973999500275
1371645494.59
0.102056026459
1371645494.69
0.101354122162
1371645494.79
0.0999109745026
1371645494.89
0.0974328517914
1371645494.99
0.100689172745
1371645495.09
0.102487802505
1371645495.19
0.0989480018616
1371645495.29
0.0998320579529
1371645495.67
0.37352514267
1371645495.67
0.00509285926819
1371645495.67
1.00135803223e-05
1371645495.85
0.175545930862
1371645495.85
5.91278076172e-05
1371645495.89
0.0444900989532
1371645495.99
0.101016998291
1371645496.09
0.100729942322
1371645496.19
0.100203037262
1371645496.29
0.0992708206177
1371645496.39
0.0996210575104
1371645496.49
0.0992541313171
1371645496.59
0.0987279415131
1371645496.69
0.102916955948
1371645496.79
0.0970630645752
1371645496.89
0.101327896118
1371645497.0
0.110849142075
1371645497.09
0.0901579856873
1371645497.19
0.0991599559784
1371645497.29
0.0992209911346
1371645497.39
0.101619958878
1371645497.49
0.0994100570679
1371645497.59
0.100203037262
1371645497.69
0.100869894028
1371645497.79
0.0970199108124
1371645497.89
0.102041006088
1371645498.0
0.104723215103
1371645498.09
0.0948629379272
1371645498.19
0.0994980335236
1371645498.29
0.100514888763
1371645498.39
0.0997090339661
1371645498.49
0.102712869644
1371645498.59
0.0974750518799
1371645498.69
0.100749969482
1371645498.79
0.0982370376587
1371645498.89
0.1009349823
1371645498.99
0.101358175278
1371645499.09
0.0981929302216
1371645499.19
0.100615024567
1371645499.29
0.101980924606
1371645499.39
0.098179101944
1371645499.5
0.103504896164
1371645499.59
0.09539103508
1371645499.78
0.18868303299
1371645499.79
0.0121290683746
1371645499.89
0.0991299152374
1371645499.99
0.100833892822
1371645500.09
0.100208044052
1371645500.19
0.10040807724
1371645500.29
0.099240064621
1371645500.39
0.0997109413147
1371645500.49
0.100208044052
1371645500.59
0.100307941437
1371645500.69
0.0989520549774
1371645500.79
0.101539850235
1371645500.89
0.0987529754639
1371645500.99
0.100551128387
1371645501.09
0.102634906769
1371645501.19
0.0994639396667
1371645501.53
0.332051038742
1371645501.53
0.000622987747192
1371645501.53
1.81198120117e-05
1371645501.69
0.166858911514
1371645501.79
0.0998160839081
1371645501.89
0.0989580154419
1371645501.99
0.100296020508
1371645502.09
0.0981709957123
1371645502.19
0.103806972504
1371645502.29
0.0970928668976
1371645502.39
0.100939035416
1371645502.49
0.100435018539
1371645502.59
0.100237131119
1371645502.69
0.0996618270874
1371645502.79
0.0989520549774
1371645502.89
0.0999000072479
1371645502.99
0.101748943329
1371645503.09
0.0995271205902
1371645503.19
0.0989699363708
1371645503.3
0.110038995743
1371645503.39
0.0901470184326
1371645503.49
0.0998599529266
1371645503.6
0.112395048141
1371645503.69
0.0873420238495
1371645503.79
0.101955890656
1371645503.9
0.102319002151
1371645503.99
0.0989460945129
1371645504.09
0.098671913147
1371645504.19
0.0976021289825
1371645504.29
0.102365970612
1371645504.39
0.0993890762329
1371645504.49
0.0977268218994
1371645504.59
0.101139068604
1371645504.69
0.0993669033051
1371645504.79
0.101547002792
1371645504.89
0.0985732078552
1371645505.09
0.201233863831
1371645505.2
0.107286930084
1371645505.29
0.0927011966705
1371645505.39
0.100270986557
1371645505.49
0.100541830063
1371645505.72
0.230829000473
1371645505.72
3.31401824951e-05
1371645505.79
0.0675618648529
1371645505.89
0.0997560024261
1371645506.0
0.113399028778
1371645506.09
0.0881149768829
1371645506.19
0.0984840393066
1371645506.29
0.10137295723
1371645506.39
0.100692033768
1371645506.49
0.0988080501556
1371645506.59
0.0983469486237
1371645506.69
0.102323055267
1371645506.79
0.101263999939
1371645506.89
0.0980699062347
1371645506.99
0.099977016449
1371645507.09
0.100041151047
1371645507.19
0.101405858994
1371645507.29
0.0974440574646
1371645507.39
0.10187292099
1371645507.5
0.111916065216
1371645507.86
0.360518932343
1371645507.88
0.0116159915924
1371645507.88
0.000239133834839
1371645507.9
0.0186178684235
1371645507.99
0.0979361534119
1371645508.09
0.0980169773102
1371645508.19
0.10062289238
1371645508.29
0.100126028061
1371645508.39
0.0992591381073
1371645508.49
0.100655794144
1371645508.59
0.0986151695251
1371645508.7
0.104359865189
1371645508.79
0.0968520641327
1371645508.89
0.100083112717
1371645508.99
0.0996389389038
1371645509.09
0.0992920398712
1371645509.19
0.0988798141479
1371645509.29
0.100571155548
1371645509.39
0.101276874542
1371645509.49
0.100624084473
1371645509.59
0.0990200042725
1371645509.69
0.100506067276
1371645509.8
0.111577987671
1371645509.89
0.0907969474792
1371645509.99
0.0982420444489
1371645510.09
0.100837945938
1371645510.19
0.0986530780792
1371645510.29
0.102999925613
1371645510.39
0.0971729755402
1371645510.49
0.0990629196167
1371645510.59
0.10086607933
1371645510.69
0.0992290973663
1371645510.79
0.101214885712
1371645510.89
0.100666999817
1371645510.99
0.100347042084
1371645511.09
0.0993599891663
1371645511.19
0.097393989563
1371645511.3
0.107468128204
1371645511.39
0.0942969322205
1371645511.49
0.100034952164
1371645511.59
0.0990869998932
1371645511.69
0.102533102036
1371645511.79
0.0973877906799
1371645511.9
0.107642173767
1371645511.99
0.0933299064636
1371645512.09
0.102637052536
1371645512.19
0.097207069397
1371645512.29
0.100529909134
1371645512.39
0.0997319221497
1371645512.5
0.103111028671
1371645512.59
0.0959579944611
1371645512.69
0.100510120392
1371645512.79
0.101037979126
1371645512.89
0.099308013916
1371645512.99
0.0983958244324
s=238.090938807
i=2374
Avg=0.1003
