1371645275.23
1371645275.33
0.0939939022064
1371645275.76
0.433857917786
1371645275.9
0.143391132355
1371645275.9
1.50203704834e-05
1371645275.9
1.4066696167e-05
1371645275.93
0.0244998931885
1371645276.03
0.0984840393066
1371645276.13
0.0998978614807
1371645276.23
0.100642204285
1371645276.43
0.199286937714
1371645276.53
0.100391864777
1371645276.63
0.100697040558
1371645276.73
0.0994141101837
1371645276.83
0.100280046463
1371645276.93
0.100265979767
1371645277.03
0.101804971695
1371645277.13
0.0974500179291
1371645277.25
0.118197917938
1371645277.57
0.320782899857
1371645277.57
0.00424599647522
1371645277.57
1.12056732178e-05
1371645277.63
0.0575449466705
1371645277.73
0.0993049144745
1371645277.83
0.0998289585114
1371645277.93
0.101410150528
1371645278.03
0.099604845047
1371645278.13
0.0998711585999
1371645278.23
0.100729942322
1371645278.33
0.100235939026
1371645278.43
0.099231004715
1371645278.53
0.0998771190643
1371645278.63
0.100324869156
1371645278.73
0.0997090339661
1371645278.83
0.100330114365
1371645278.93
0.10554599762
1371645279.03
0.0947749614716
1371645279.13
0.0990009307861
1371645279.23
0.0999360084534
1371645279.33
0.100903987885
1371645279.43
0.099319934845
1371645279.53
0.10042309761
1371645279.63
0.0994169712067
1371645279.73
0.100852012634
1371645279.83
0.0996010303497
1371645279.93
0.0999610424042
1371645280.03
0.100591897964
1371645280.13
0.0986061096191
1371645280.23
0.100246906281
1371645280.33
0.0999920368195
1371645280.43
0.100812911987
1371645280.53
0.100135087967
1371645280.63
0.100689888
1371645280.73
0.0997681617737
1371645280.83
0.0999250411987
1371645280.93
0.0998499393463
1371645281.03
0.100434064865
1371645281.13
0.0994079113007
1371645281.23
0.100902080536
1371645281.33
0.10216999054
1371645281.43
0.0969569683075
1371645281.53
0.100481987
1371645281.78
0.251739025116
1371645281.78
0.0029399394989
1371645281.83
0.0454819202423
1371645281.93
0.102593183517
1371645282.03
0.0974388122559
1371645282.13
0.0999610424042
1371645282.23
0.100183963776
1371645282.33
0.0996041297913
1371645282.43
0.100448846817
1371645282.53
0.0989310741425
1371645282.63
0.1004550457
1371645282.73
0.100318908691
1371645282.83
0.101053953171
1371645282.93
0.101986169815
1371645283.03
0.0990288257599
1371645283.13
0.0993711948395
1371645283.23
0.101002931595
1371645283.33
0.0985429286957
1371645283.43
0.102250099182
1371645283.53
0.0985300540924
1371645283.63
0.0993659496307
1371645283.9
0.271147966385
1371645283.9
0.000432968139648
1371645283.93
0.0293140411377
1371645284.03
0.0990879535675
1371645284.13
0.100337982178
1371645284.23
0.0992021560669
1371645284.33
0.100592851639
1371645284.43
0.0991179943085
1371645284.53
0.10123705864
1371645284.63
0.0995481014252
1371645284.73
0.10014295578
1371645284.83
0.099063873291
1371645284.93
0.100912094116
1371645285.03
0.0999369621277
1371645285.13
0.0995349884033
1371645285.24
0.107031106949
1371645285.33
0.0943329334259
1371645285.43
0.0995659828186
1371645285.53
0.101131916046
1371645285.63
0.0986499786377
1371645285.73
0.10033416748
1371645285.83
0.10010099411
1371645285.93
0.100051879883
1371645286.03
0.100069046021
1371645286.13
0.100832939148
1371645286.23
0.0985970497131
1371645286.33
0.101198911667
1371645286.43
0.0993120670319
1371645286.53
0.0999660491943
1371645286.63
0.102739095688
1371645286.73
0.0968968868256
1371645286.83
0.10273194313
1371645286.93
0.0974040031433
1371645287.03
0.100192070007
1371645287.13
0.102485895157
1371645287.23
0.0976870059967
1371645287.33
0.100165128708
1371645287.43
0.0992519855499
1371645287.53
0.101108074188
1371645287.63
0.0996239185333
1371645287.73
0.10133600235
1371645287.98
0.24805688858
1371645287.98
1.4066696167e-05
1371645288.03
0.0512540340424
1371645288.13
0.100476980209
1371645288.23
0.0997319221497
1371645288.33
0.0997331142426
1371645288.43
0.100550889969
1371645288.53
0.0996279716492
1371645288.63
0.101203203201
1371645288.73
0.0994548797607
1371645288.83
0.099760055542
1371645288.93
0.0997109413147
1371645289.03
0.099739074707
1371645289.13
0.100209951401
1371645289.24
0.103157997131
1371645289.33
0.0969049930573
1371645289.6
0.267626047134
1371645289.6
0.00392293930054
1371645289.63
0.0281369686127
1371645289.73
0.101081132889
1371645289.84
0.101027965546
1371645289.93
0.098620891571
1371645290.03
0.100008010864
1371645290.13
0.0997109413147
1371645290.23
0.0998220443726
1371645290.33
0.0995659828186
1371645290.43
0.101524114609
1371645290.53
0.099956035614
1371645290.64
0.101049900055
1371645290.73
0.0996150970459
1371645290.83
0.099072933197
1371645290.93
0.100373029709
1371645291.03
0.0993340015411
1371645291.13
0.100498914719
1371645291.24
0.102620124817
1371645291.33
0.0973629951477
1371645291.43
0.10024189949
1371645291.53
0.0993950366974
1371645291.63
0.100481987
1371645291.74
0.110321998596
1371645291.83
0.0897290706635
1371645291.95
0.111083984375
1371645292.03
0.0883898735046
1371645292.13
0.0996491909027
1371645292.23
0.100463867188
1371645292.33
0.100768089294
1371645292.43
0.0994489192963
1371645292.53
0.0998251438141
1371645292.63
0.099821805954
1371645292.73
0.100337028503
1371645292.83
0.100325107574
1371645292.93
0.0993468761444
1371645293.04
0.10134601593
1371645293.14
0.10004401207
1371645293.24
0.100008964539
1371645293.34
0.100594997406
1371645293.43
0.0988211631775
1371645293.54
0.10050702095
1371645293.78
0.245421886444
1371645293.78
0.00265097618103
1371645293.83
0.0517950057983
1371645293.94
0.100685119629
1371645294.04
0.0998139381409
1371645294.14
0.0999810695648
1371645294.23
0.0994379520416
1371645294.34
0.100456953049
1371645294.43
0.0994958877563
1371645294.53
0.0999011993408
1371645294.63
0.100053787231
1371645294.74
0.100499153137
1371645294.84
0.101938962936
1371645294.93
0.0977680683136
1371645295.04
0.100539922714
1371645295.14
0.100903987885
1371645295.24
0.100034952164
1371645295.34
0.0987651348114
1371645295.44
0.101620912552
1371645295.54
0.100623130798
1371645295.64
0.0992188453674
1371645295.91
0.274393081665
1371645295.91
0.00178790092468
1371645295.94
0.025936126709
1371645296.04
0.0975298881531
1371645296.14
0.0995471477509
1371645296.24
0.100181818008
1371645296.34
0.100628137589
1371645296.44
0.100080966949
1371645296.54
0.0996129512787
1371645296.64
0.0996201038361
1371645296.74
0.100836992264
1371645296.84
0.0991289615631
1371645296.94
0.100275039673
1371645297.04
0.100808858871
1371645297.14
0.0990791320801
1371645297.24
0.0999009609222
1371645297.34
0.100547075272
1371645297.44
0.0993688106537
1371645297.54
0.100506067276
1371645297.64
0.100620985031
1371645297.74
0.0991129875183
1371645297.84
0.101717948914
1371645297.94
0.0987420082092
1371645298.04
0.100824117661
1371645298.14
0.0999810695648
1371645298.24
0.0993189811707
1371645298.34
0.100116014481
1371645298.44
0.10044002533
1371645298.54
0.0998878479004
1371645298.64
0.101201057434
1371645298.74
0.0987920761108
1371645298.84
0.100207805634
1371645298.94
0.0998480319977
1371645299.04
0.0997061729431
1371645299.14
0.101856946945
1371645299.24
0.0984179973602
1371645299.34
0.0999059677124
1371645299.44
0.102041959763
1371645299.54
0.0989179611206
1371645299.64
0.100168943405
1371645299.74
0.0984182357788
1371645299.84
0.100500822067
1371645300.1
0.262844085693
1371645300.1
0.000967979431152
1371645300.14
0.0361828804016
1371645300.24
0.100104093552
1371645300.34
0.0997269153595
1371645300.44
0.100935220718
1371645300.54
0.0999929904938
1371645300.64
0.100065946579
1371645300.74
0.100488901138
1371645300.84
0.0999159812927
1371645300.94
0.0995910167694
1371645301.04
0.100033998489
1371645301.14
0.101494073868
1371645301.24
0.0982899665833
1371645301.34
0.100065946579
1371645301.44
0.100594997406
1371645301.54
0.100085020065
1371645301.64
0.099730014801
1371645301.74
0.100063085556
1371645301.84
0.0998778343201
1371645301.94
0.102402210236
1371645302.04
0.0981907844543
1371645302.32
0.283773183823
1371645302.32
7.39097595215e-05
1371645302.35
0.0244860649109
1371645302.44
0.0915398597717
1371645302.54
0.0994532108307
1371645302.64
0.100165843964
1371645302.74
0.0996770858765
1371645302.84
0.100982904434
1371645302.94
0.099946975708
1371645303.04
0.100970029831
1371645303.14
0.0988299846649
1371645303.24
0.100417137146
1371645303.34
0.0996289253235
1371645303.44
0.0999178886414
1371645303.54
0.100308179855
1371645303.64
0.0998258590698
1371645303.74
0.0998179912567
1371645303.84
0.100208997726
1371645303.94
0.100018978119
1371645304.04
0.0998630523682
1371645304.14
0.100531101227
1371645304.24
0.0996489524841
1371645304.34
0.099601984024
1371645304.44
0.102840900421
1371645304.54
0.0993111133575
1371645304.64
0.0984709262848
1371645304.74
0.0997459888458
1371645304.84
0.0997750759125
1371645304.94
0.1005859375
1371645305.04
0.0997531414032
1371645305.14
0.0998818874359
1371645305.24
0.102175951004
1371645305.34
0.0993721485138
1371645305.44
0.101284980774
1371645305.54
0.0980529785156
1371645305.64
0.100382089615
1371645305.74
0.0999038219452
1371645305.84
0.10027217865
1371645305.94
0.100294828415
1371645306.04
0.100048065186
1371645306.14
0.0994699001312
1371645306.24
0.100135087967
1371645306.34
0.0997989177704
1371645306.61
0.267217159271
1371645306.61
0.00329494476318
1371645306.64
0.0292298793793
1371645306.74
0.100130081177
1371645306.84
0.102061033249
1371645306.94
0.0979421138763
1371645307.04
0.100263834
1371645307.14
0.0995709896088
1371645307.24
0.101008176804
1371645307.34
0.0992178916931
1371645307.44
0.099818944931
1371645307.54
0.100569009781
1371645307.64
0.100212097168
1371645307.74
0.0994338989258
1371645307.86
0.124612092972
1371645308.17
0.303237915039
1371645308.17
0.000530958175659
1371645308.17
1.09672546387e-05
1371645308.24
0.0725882053375
1371645308.34
0.0995697975159
1371645308.44
0.100517034531
1371645308.54
0.10002207756
1371645308.64
0.0999319553375
1371645308.74
0.100252151489
1371645308.84
0.0994567871094
1371645308.94
0.100292205811
1371645309.04
0.100607872009
1371645309.14
0.098995923996
1371645309.24
0.102749109268
1371645309.34
0.0973370075226
1371645309.44
0.100183010101
1371645309.54
0.101772069931
1371645309.64
0.0984938144684
1371645309.74
0.100047111511
1371645309.84
0.100162029266
1371645309.94
0.0994009971619
1371645310.04
0.101676940918
1371645310.14
0.0980830192566
1371645310.24
0.100519895554
1371645310.34
0.10054397583
1371645310.44
0.100827217102
1371645310.54
0.0996448993683
1371645310.64
0.100704908371
1371645310.74
0.100179195404
1371645310.84
0.100910902023
1371645310.94
0.0984590053558
1371645311.04
0.100924015045
1371645311.14
0.0998740196228
1371645311.24
0.0986368656158
1371645311.34
0.100186109543
1371645311.44
0.10174202919
1371645311.54
0.0980999469757
1371645311.64
0.100203037262
1371645311.74
0.0999648571014
1371645311.84
0.0999670028687
1371645311.94
0.100109100342
1371645312.04
0.100615024567
1371645312.14
0.100267887115
1371645312.41
0.263944149017
1371645312.41
1.28746032715e-05
1371645312.44
0.0354821681976
1371645312.54
0.0999209880829
1371645312.64
0.0995960235596
1371645312.74
0.101205825806
1371645312.84
0.1012840271
1371645312.94
0.099858045578
1371645313.04
0.09974193573
1371645313.3
0.252230167389
1371645313.3
0.00247287750244
1371645313.34
0.0451400279999
1371645313.44
0.100694894791
1371645313.54
0.0984451770782
1371645313.64
0.100353002548
1371645313.74
0.0996928215027
1371645313.84
0.10072517395
1371645313.94
0.0999939441681
1371645314.04
0.0999920368195
1371645314.14
0.099916934967
1371645314.24
0.0998780727386
1371645314.34
0.0996909141541
1371645314.44
0.100043058395
1371645314.54
0.0996448993683
1371645314.64
0.100594997406
1371645314.74
0.0992650985718
1371645314.84
0.100374937057
1371645314.94
0.100537061691
1371645315.04
0.100093841553
1371645315.14
0.0994641780853
1371645315.24
0.0998799800873
1371645315.34
0.101374864578
1371645315.45
0.101829051971
1371645315.54
0.0973711013794
1371645315.64
0.10039305687
1371645315.74
0.0997409820557
1371645315.84
0.100080966949
1371645315.95
0.102193832397
1371645316.14
0.197768211365
1371645316.25
0.101257801056
1371645316.34
0.0988140106201
1371645316.44
0.100255012512
1371645316.54
0.0997769832611
1371645316.64
0.0999631881714
1371645316.74
0.100488901138
1371645316.84
0.0996649265289
1371645316.94
0.100092172623
1371645317.04
0.100009918213
1371645317.14
0.099534034729
1371645317.41
0.261881828308
1371645317.41
0.00304317474365
1371645317.44
0.0357618331909
1371645317.54
0.0993402004242
1371645317.64
0.100920915604
1371645317.75
0.101111888885
1371645317.85
0.0996720790863
1371645317.95
0.101691007614
1371645318.05
0.0981919765472
1371645318.15
0.101145029068
1371645318.25
0.100501060486
1371645318.35
0.0979900360107
1371645318.45
0.102934837341
1371645318.55
0.0972671508789
1371645318.65
0.100289821625
1371645318.75
0.0995240211487
1371645318.85
0.10027718544
1371645318.95
0.100389003754
1371645319.05
0.099946975708
1371645319.15
0.0999228954315
1371645319.26
0.110326051712
1371645319.55
0.296199083328
1371645319.55
0.00176286697388
1371645319.55
1.69277191162e-05
1371645319.65
0.0917520523071
1371645319.74
0.0990891456604
1371645319.85
0.100761890411
1371645319.95
0.100316047668
1371645320.05
0.100276947021
1371645320.15
0.100790023804
1371645320.26
0.109303951263
1371645320.35
0.0894310474396
1371645320.45
0.100882053375
1371645320.55
0.0991280078888
1371645320.65
0.101305007935
1371645320.75
0.099534034729
1371645320.85
0.0995109081268
1371645320.95
0.0997889041901
1371645321.05
0.100337982178
1371645321.15
0.100142002106
1371645321.25
0.10004901886
1371645321.35
0.0997231006622
1371645321.45
0.100655078888
1371645321.55
0.0996689796448
1371645321.65
0.0999019145966
1371645321.75
0.101162910461
1371645321.85
0.100048065186
1371645321.95
0.0987389087677
1371645322.05
0.100096225739
1371645322.15
0.101027965546
1371645322.25
0.0988478660583
1371645322.35
0.0999419689178
1371645322.45
0.100288152695
1371645322.55
0.0998690128326
1371645322.65
0.100525856018
1371645322.75
0.100111961365
1371645322.85
0.100520133972
1371645322.95
0.0995540618896
1371645323.05
0.100692987442
1371645323.15
0.099821805954
1371645323.25
0.0997591018677
1371645323.35
0.100346088409
1371645323.45
0.0997998714447
1371645323.55
0.0995190143585
1371645323.81
0.267805099487
1371645323.82
0.00080394744873
1371645323.85
0.0330328941345
1371645323.95
0.0999290943146
1371645324.05
0.0989170074463
1371645324.15
0.0994188785553
1371645324.25
0.100869178772
1371645324.35
0.102023839951
1371645324.45
0.0991539955139
1371645324.55
0.0987989902496
1371645324.65
0.0998530387878
1371645324.75
0.100458145142
1371645324.85
0.0995519161224
1371645324.95
0.0998210906982
1371645325.05
0.100049972534
1371645325.15
0.0996248722076
1371645325.25
0.101353168488
1371645325.35
0.0999219417572
1371645325.45
0.10055398941
1371645325.55
0.0994110107422
1371645325.65
0.100244998932
1371645325.75
0.104215860367
1371645326.03
0.281474113464
1371645326.03
6.60419464111e-05
1371645326.05
0.0145189762115
1371645326.15
0.0997929573059
1371645326.26
0.107023000717
1371645326.35
0.0925109386444
1371645326.45
0.100299119949
1371645326.55
0.0996880531311
1371645326.65
0.0997309684753
1371645326.75
0.100491046906
1371645326.85
0.0997247695923
1371645326.95
0.100535154343
1371645327.05
0.100308895111
1371645327.15
0.099091053009
1371645327.25
0.0997440814972
1371645327.35
0.100270986557
1371645327.45
0.100178003311
1371645327.55
0.0999488830566
1371645327.65
0.10014796257
1371645327.75
0.100048065186
1371645327.85
0.100848913193
1371645327.95
0.0998201370239
1371645328.05
0.100038051605
1371645328.15
0.104329824448
1371645328.25
0.0959911346436
1371645328.35
0.100111961365
1371645328.45
0.100219964981
1371645328.55
0.0993030071259
1371645328.65
0.100820064545
1371645328.75
0.0988700389862
1371645328.85
0.101447820663
1371645328.95
0.0987801551819
1371645329.05
0.0998139381409
1371645329.16
0.106652975082
1371645329.25
0.0937819480896
1371645329.35
0.100469112396
1371645329.45
0.100123882294
1371645329.55
0.10086107254
1371645329.65
0.0985491275787
1371645329.75
0.100291013718
1371645329.85
0.0998318195343
1371645329.95
0.099974155426
1371645330.22
0.273389816284
1371645330.23
0.00308203697205
1371645330.25
0.0258359909058
1371645330.35
0.0987989902496
1371645330.45
0.100018024445
1371645330.55
0.0995700359344
1371645330.65
0.100430965424
1371645330.75
0.0996670722961
1371645330.85
0.100364923477
1371645330.95
0.0998420715332
1371645331.05
0.100172996521
1371645331.15
0.0998680591583
1371645331.25
0.0998258590698
1371645331.35
0.100062131882
1371645331.45
0.100410938263
1371645331.55
0.0994811058044
1371645331.65
0.100113868713
1371645331.75
0.0999150276184
1371645331.85
0.0998909473419
1371645331.95
0.0999341011047
1371645332.05
0.100749015808
1371645332.15
0.0995178222656
1371645332.25
0.100170135498
1371645332.51
0.258064985275
1371645332.51
0.0029308795929
1371645332.55
0.0390930175781
1371645332.65
0.100676059723
1371645332.75
0.100358009338
1371645332.85
0.0999429225922
1371645332.95
0.100266218185
1371645333.06
0.105029821396
1371645333.15
0.0944170951843
1371645333.25
0.100048065186
1371645333.35
0.100857019424
1371645333.45
0.10019993782
1371645333.55
0.0993838310242
1371645333.65
0.0993201732635
1371645333.75
0.100736856461
1371645333.85
0.0996580123901
1371645333.95
0.101286172867
1371645334.05
0.0991148948669
1371645334.15
0.100061893463
1371645334.25
0.0995261669159
1371645334.35
0.100399017334
1371645334.45
0.0992839336395
1371645334.55
0.100744962692
1371645334.65
0.099632024765
1371645334.75
0.100368022919
1371645334.85
0.0991430282593
1371645334.95
0.101323843002
1371645335.05
0.0991361141205
1371645335.16
0.105328083038
1371645335.25
0.0955920219421
1371645335.35
0.0998868942261
1371645335.45
0.100349903107
1371645335.55
0.0994629859924
1371645335.65
0.100737094879
1371645335.75
0.100805997849
1371645335.85
0.099133014679
1371645335.95
0.0994849205017
1371645336.05
0.100165128708
1371645336.15
0.100111961365
1371645336.25
0.0996239185333
1371645336.36
0.103324174881
1371645336.6
0.243353843689
1371645336.6
0.00224208831787
1371645336.65
0.0514008998871
1371645336.75
0.100464105606
1371645336.85
0.09938788414
1371645336.95
0.0999481678009
1371645337.05
0.100402832031
1371645337.15
0.0999600887299
1371645337.25
0.0994770526886
1371645337.35
0.100615024567
1371645337.45
0.0993978977203
1371645337.55
0.100855112076
1371645337.66
0.103492975235
1371645337.75
0.0967109203339
1371645337.86
0.103549957275
1371645337.95
0.0965919494629
1371645338.05
0.100284099579
1371645338.15
0.0998840332031
1371645338.25
0.100000858307
1371645338.35
0.101224184036
1371645338.67
0.316766023636
1371645338.67
0.00268793106079
1371645338.67
1.69277191162e-05
1371645338.75
0.0794770717621
1371645338.85
0.0998849868774
1371645338.95
0.0996060371399
1371645339.05
0.0996868610382
1371645339.15
0.100407123566
1371645339.25
0.10051202774
1371645339.35
0.0994050502777
1371645339.45
0.100198984146
1371645339.55
0.0998249053955
1371645339.65
0.100090026855
1371645339.75
0.0998640060425
1371645339.85
0.100129842758
1371645339.96
0.102320194244
1371645340.05
0.0981938838959
1371645340.15
0.100440979004
1371645340.25
0.099925994873
1371645340.35
0.0999300479889
1371645340.45
0.100367069244
1371645340.56
0.102126836777
1371645340.65
0.0981202125549
1371645340.75
0.0989828109741
1371645340.85
0.100784063339
1371645340.95
0.0996420383453
1371645341.06
0.101339101791
1371645341.15
0.0992829799652
1371645341.25
0.0990898609161
1371645341.35
0.0999600887299
1371645341.45
0.101178884506
1371645341.55
0.09885597229
1371645341.65
0.100587129593
1371645341.75
0.0999040603638
1371645341.86
0.100874900818
1371645341.96
0.101620912552
1371645342.05
0.097736120224
1371645342.15
0.0998229980469
1371645342.25
0.100178003311
1371645342.35
0.0994939804077
1371645342.46
0.101099014282
1371645342.55
0.0995190143585
1371645342.85
0.292559862137
1371645342.85
0.00354599952698
1371645342.86
0.00441002845764
1371645342.96
0.100018978119
1371645343.06
0.100432157516
1371645343.16
0.101073980331
1371645343.26
0.0989809036255
1371645343.36
0.100645065308
1371645343.46
0.0992140769958
1371645343.55
0.0995438098907
1371645343.66
0.100336074829
1371645343.76
0.0998640060425
1371645343.86
0.100652933121
1371645343.96
0.099424123764
1371645344.06
0.10066986084
1371645344.16
0.0992670059204
1371645344.26
0.100317001343
1371645344.36
0.0997660160065
1371645344.46
0.100624084473
1371645344.55
0.0991129875183
1371645344.66
0.100666999817
1371645344.77
0.112813949585
1371645345.08
0.307679176331
1371645345.08
0.00269079208374
1371645345.08
1.4066696167e-05
1371645345.16
0.0776851177216
1371645345.26
0.0997438430786
1371645345.36
0.100031137466
1371645345.46
0.100261926651
1371645345.56
0.0993869304657
1371645345.66
0.10050201416
1371645345.76
0.100332975388
1371645345.86
0.0992531776428
1371645345.96
0.101022958755
1371645346.06
0.0989420413971
1371645346.16
0.100042819977
1371645346.26
0.100208044052
1371645346.36
0.0994489192963
1371645346.46
0.10191822052
1371645346.56
0.0994429588318
1371645346.66
0.0989830493927
1371645346.76
0.100806951523
1371645346.86
0.0995519161224
1371645346.96
0.100680112839
1371645347.06
0.0991499423981
1371645347.16
0.100178956985
1371645347.26
0.101995944977
1371645347.36
0.0974700450897
1371645347.46
0.100258111954
1371645347.56
0.100337982178
1371645347.66
0.0997369289398
1371645347.76
0.101089000702
1371645347.86
0.100430965424
1371645347.96
0.0998771190643
1371645348.06
0.0998117923737
1371645348.16
0.0995490550995
1371645348.26
0.102462053299
1371645348.36
0.097601890564
1371645348.46
0.100355148315
1371645348.56
0.101679086685
1371645348.66
0.0987010002136
1371645348.76
0.0994529724121
1371645348.86
0.1010389328
1371645348.96
0.098788022995
1371645349.06
0.0998508930206
1371645349.31
0.253466129303
1371645349.31
0.000324010848999
1371645349.36
0.0466239452362
1371645349.46
0.100060939789
1371645349.56
0.100291967392
1371645349.66
0.100257158279
1371645349.76
0.0989389419556
1371645349.86
0.100275993347
1371645349.96
0.099781036377
1371645350.06
0.0993008613586
1371645350.16
0.101560115814
1371645350.26
0.101408958435
1371645350.36
0.0989348888397
1371645350.46
0.100562095642
1371645350.56
0.100188016891
1371645350.66
0.101733922958
1371645350.76
0.0975420475006
1371645351.04
0.285077095032
1371645351.04
0.00161385536194
1371645351.06
0.0142810344696
1371645351.16
0.0989100933075
1371645351.26
0.0996918678284
1371645351.36
0.100305080414
1371645351.46
0.100629091263
1371645351.56
0.0994508266449
1371645351.66
0.0998690128326
1371645351.76
0.100133180618
1371645351.86
0.100433826447
1371645351.96
0.0992081165314
1371645352.06
0.0999119281769
1371645352.16
0.10081410408
1371645352.26
0.099268913269
1371645352.36
0.100620031357
1371645352.46
0.0998458862305
1371645352.56
0.100749969482
1371645352.66
0.101834058762
1371645352.76
0.0980031490326
1371645352.86
0.100596904755
1371645352.96
0.0997760295868
1371645353.06
0.0994989871979
1371645353.16
0.100641965866
1371645353.26
0.0999569892883
1371645353.36
0.100178956985
1371645353.46
0.0999171733856
1371645353.56
0.0996708869934
1371645353.66
0.100171089172
1371645353.76
0.100067853928
1371645353.86
0.100233078003
1371645353.96
0.100280046463
1371645354.06
0.0999119281769
1371645354.16
0.100258111954
1371645354.26
0.0998978614807
1371645354.36
0.0988130569458
1371645354.46
0.101216077805
1371645354.56
0.0995509624481
1371645354.66
0.0999090671539
1371645354.76
0.0997438430786
1371645354.86
0.0998270511627
1371645354.96
0.100471019745
1371645355.06
0.099515914917
1371645355.3
0.243663072586
1371645355.3
1.90734863281e-05
1371645355.36
0.0578429698944
1371645355.46
0.099280834198
1371645355.56
0.100155115128
1371645355.66
0.0999290943146
1371645355.76
0.100201845169
1371645355.86
0.101961135864
1371645355.96
0.0978698730469
1371645356.06
0.1007771492
1371645356.16
0.100238800049
1371645356.26
0.0997891426086
1371645356.36
0.0994708538055
1371645356.46
0.100139141083
1371645356.56
0.0996499061584
1371645356.66
0.100252151489
1371645356.76
0.100941896439
1371645356.86
0.0989809036255
1371645356.96
0.100061178207
1371645357.06
0.100713968277
1371645357.16
0.100224018097
1371645357.26
0.0994298458099
1371645357.36
0.0996291637421
1371645357.64
0.279100894928
1371645357.64
0.00336813926697
1371645357.66
0.0187149047852
1371645357.76
0.0996029376984
1371645357.86
0.103106975555
1371645357.96
0.0975871086121
1371645358.06
0.1009349823
1371645358.16
0.098347902298
1371645358.26
0.101058006287
1371645358.36
0.0997550487518
1371645358.46
0.0995330810547
1371645358.56
0.0997879505157
1371645358.66
0.100013017654
1371645358.76
0.100097894669
1371645358.86
0.100216150284
1371645358.96
0.100203037262
1371645359.06
0.0998709201813
1371645359.16
0.0996289253235
1371645359.26
0.100134134293
1371645359.36
0.102463006973
1371645359.46
0.0978019237518
1371645359.56
0.0999460220337
1371645359.66
0.0995769500732
1371645359.76
0.0998470783234
1371645359.86
0.0999970436096
1371645359.96
0.100396871567
1371645360.06
0.100379943848
1371645360.16
0.100711107254
1371645360.26
0.0999178886414
1371645360.36
0.0998320579529
1371645360.46
0.101488113403
1371645360.56
0.098650932312
1371645360.76
0.200094938278
1371645360.86
0.0995841026306
1371645360.96
0.100091934204
1371645361.06
0.100641965866
1371645361.16
0.099179983139
1371645361.26
0.100865125656
1371645361.36
0.0993819236755
1371645361.46
0.100060939789
1371645361.68
0.219647169113
1371645361.68
6.5803527832e-05
1371645361.76
0.0811820030212
1371645361.86
0.0989980697632
1371645361.96
0.100338935852
1371645362.06
0.0998980998993
1371645362.16
0.100008964539
1371645362.26
0.0993559360504
1371645362.36
0.100134134293
1371645362.46
0.100522041321
1371645362.56
0.101380825043
1371645362.66
0.100041151047
1371645362.76
0.0996060371399
1371645362.86
0.0998339653015
1371645362.96
0.101799964905
1371645363.06
0.0987238883972
1371645363.16
0.0995671749115
1371645363.26
0.0997629165649
1371645363.36
0.101652860641
1371645363.46
0.0987281799316
1371645363.56
0.0998029708862
1371645363.9
0.339871883392
1371645363.91
0.00310897827148
1371645363.91
1.21593475342e-05
1371645363.96
0.0576019287109
1371645364.06
0.0991909503937
1371645364.16
0.0997660160065
1371645364.26
0.10031914711
1371645364.36
0.100097894669
1371645364.46
0.100493907928
1371645364.56
0.100124120712
1371645364.66
0.0994908809662
1371645364.76
0.100295066833
1371645364.86
0.100204944611
1371645364.96
0.0993030071259
1371645365.06
0.100862026215
1371645365.16
0.100880146027
1371645365.27
0.101512908936
1371645365.36
0.0972700119019
1371645365.46
0.100826978683
1371645365.56
0.0996088981628
1371645365.66
0.100697040558
1371645365.76
0.0994889736176
1371645365.86
0.0999350547791
1371645365.96
0.100855112076
1371645366.06
0.099268913269
1371645366.16
0.100162982941
1371645366.26
0.0993189811707
1371645366.36
0.100217103958
1371645366.46
0.100885868073
1371645366.56
0.0992729663849
1371645366.66
0.100518226624
1371645366.76
0.0997757911682
1371645366.86
0.0998051166534
1371645366.96
0.100625038147
1371645367.06
0.0992870330811
1371645367.16
0.100070953369
1371645367.26
0.0996170043945
1371645367.37
0.107939958572
1371645367.46
0.0926029682159
1371645367.56
0.0997200012207
1371645367.67
0.101052045822
1371645367.77
0.100250005722
1371645367.86
0.0993049144745
1371645368.11
0.241780996323
1371645368.11
1.31130218506e-05
1371645368.16
0.0584938526154
1371645368.27
0.100197076797
1371645368.37
0.101062059402
1371645368.47
0.0989229679108
1371645368.57
0.100266933441
1371645368.67
0.100011110306
1371645368.77
0.104368925095
1371645368.87
0.0952560901642
1371645368.97
0.100148916245
1371645369.07
0.0998539924622
1371645369.16
0.0998389720917
1371645369.27
0.109946012497
1371645369.37
0.0906960964203
1371645369.47
0.0997648239136
1371645369.57
0.0997140407562
1371645369.67
0.101284980774
1371645369.77
0.0989701747894
1371645369.87
0.099839925766
1371645369.97
0.100558042526
1371645370.33
0.362244844437
1371645370.33
0.00599908828735
1371645370.33
2.90870666504e-05
1371645370.37
0.0329158306122
1371645370.47
0.0990691184998
1371645370.57
0.100427865982
1371645370.67
0.0995590686798
1371645370.77
0.100052118301
1371645370.87
0.101003885269
1371645370.97
0.0995271205902
1371645371.07
0.0996098518372
1371645371.17
0.100435018539
1371645371.27
0.100756168365
1371645371.37
0.0986487865448
1371645371.47
0.100128173828
1371645371.57
0.100682020187
1371645371.67
0.100594997406
1371645371.77
0.0996389389038
1371645371.87
0.0989079475403
1371645371.97
0.100558996201
1371645372.07
0.0993759632111
1371645372.17
0.100557088852
1371645372.27
0.100414037704
1371645372.37
0.0989289283752
1371645372.47
0.101748943329
1371645372.57
0.100190162659
1371645372.67
0.0995278358459
1371645372.77
0.100816965103
1371645372.87
0.099582195282
1371645372.97
0.0996608734131
1371645373.07
0.0996880531311
1371645373.17
0.100086927414
1371645373.27
0.100471019745
1371645373.37
0.0998229980469
1371645373.47
0.0994939804077
1371645373.57
0.100517034531
1371645373.67
0.0996820926666
1371645373.77
0.100319862366
1371645373.87
0.100383043289
1371645373.97
0.100222110748
1371645374.07
0.0996568202972
1371645374.17
0.0992290973663
1371645374.27
0.0999100208282
1371645374.51
0.246165990829
1371645374.51
1.19209289551e-05
1371645374.57
0.0542011260986
1371645374.67
0.100579023361
1371645374.77
0.0996828079224
1371645374.87
0.100817203522
1371645374.97
0.09898686409
1371645375.07
0.100258111954
1371645375.17
0.100596904755
1371645375.37
0.201154947281
1371645375.47
0.0993640422821
1371645375.57
0.0994529724121
1371645375.67
0.100003957748
1371645375.77
0.100095033646
1371645375.87
0.0999121665955
1371645375.97
0.100255012512
1371645376.07
0.100734949112
1371645376.17
0.0988659858704
1371645376.27
0.100493907928
1371645376.38
0.113322019577
1371645376.71
0.323548078537
1371645376.71
0.00821185112
1371645376.71
1.21593475342e-05
1371645376.77
0.054939031601
1371645376.87
0.0994999408722
1371645376.97
0.10066485405
1371645377.07
0.100800991058
1371645377.17
0.0987842082977
1371645377.27
0.100334882736
1371645377.37
0.100021123886
1371645377.47
0.100407838821
1371645377.57
0.100646018982
1371645377.67
0.099524974823
1371645377.77
0.099406003952
1371645377.87
0.10055398941
1371645377.97
0.102077007294
1371645378.07
0.0982639789581
1371645378.17
0.100404977798
1371645378.27
0.100401163101
1371645378.37
0.0995099544525
1371645378.47
0.0996079444885
1371645378.57
0.100243091583
1371645378.67
0.0995738506317
1371645378.77
0.0997190475464
1371645378.87
0.100986003876
1371645378.97
0.0989370346069
1371645379.07
0.100455999374
1371645379.17
0.0995709896088
1371645379.27
0.100013017654
1371645379.37
0.100368976593
1371645379.47
0.0995490550995
1371645379.57
0.100245952606
1371645379.67
0.10044503212
1371645379.77
0.100011110306
1371645379.87
0.0996289253235
1371645379.97
0.101022005081
1371645380.07
0.0997519493103
1371645380.17
0.101130962372
1371645380.27
0.0995180606842
1371645380.37
0.0996980667114
1371645380.47
0.100069999695
1371645380.57
0.100014925003
1371645380.67
0.100337982178
1371645380.91
0.237296104431
1371645380.91
8.29696655273e-05
1371645380.98
0.0697929859161
1371645381.07
0.0936009883881
1371645381.17
0.0985069274902
1371645381.27
0.100785017014
1371645381.37
0.0999779701233
1371645381.47
0.100589036942
1371645381.57
0.0993161201477
1371645381.67
0.0990698337555
1371645381.87
0.201060056686
1371645381.97
0.0990829467773
1371645382.07
0.100487947464
1371645382.17
0.0999910831451
1371645382.27
0.10015296936
1371645382.37
0.0997979640961
1371645382.47
0.099846124649
1371645382.57
0.101273059845
1371645382.67
0.099937915802
1371645382.8
0.125217914581
1371645382.87
0.0760691165924
1371645383.21
0.338413953781
1371645383.21
0.00101399421692
1371645383.21
1.09672546387e-05
1371645383.27
0.059513092041
1371645383.37
0.0993399620056
1371645383.47
0.100080966949
1371645383.57
0.100040912628
1371645383.67
0.100405216217
1371645383.77
0.0998299121857
1371645383.87
0.0996270179749
1371645383.97
0.100653886795
1371645384.07
0.100540161133
1371645384.17
0.0991578102112
1371645384.27
0.0999240875244
1371645384.37
0.100414991379
1371645384.47
0.0994160175323
1371645384.57
0.100214958191
1371645384.67
0.100433111191
1371645384.77
0.0997958183289
1371645384.87
0.0998032093048
1371645384.98
0.107935905457
1371645385.07
0.0938460826874
1371645385.17
0.0990688800812
1371645385.27
0.0995221138
1371645385.37
0.1001329422
1371645385.47
0.100451946259
1371645385.57
0.100511074066
1371645385.67
0.0995318889618
1371645385.77
0.100035190582
1371645385.87
0.0999147891998
1371645385.97
0.100080013275
1371645386.07
0.0999209880829
1371645386.17
0.100700139999
1371645386.27
0.0993390083313
1371645386.37
0.0999419689178
1371645386.47
0.10001707077
1371645386.57
0.0995869636536
1371645386.67
0.0999310016632
1371645386.77
0.100829839706
1371645386.88
0.11089015007
1371645386.97
0.0886919498444
1371645387.07
0.100178003311
1371645387.29
0.221116065979
1371645387.3
0.00487184524536
1371645387.37
0.0754890441895
1371645387.47
0.0994031429291
1371645387.57
0.100136995316
1371645387.68
0.108027935028
1371645387.77
0.0923280715942
1371645387.87
0.0996499061584
1371645387.97
0.0997591018677
1371645388.07
0.0999879837036
1371645388.17
0.101949930191
1371645388.27
0.0979549884796
1371645388.37
0.10054898262
1371645388.48
0.103997945786
1371645388.57
0.0955541133881
1371645388.67
0.100754976273
1371645388.77
0.0993418693542
1371645388.87
0.0999391078949
1371645388.97
0.100282907486
1371645389.07
0.100273132324
1371645389.21
0.135766983032
1371645389.27
0.0640799999237
1371645389.6
0.322779893875
1371645389.6
0.00108599662781
1371645389.6
1.90734863281e-05
1371645389.67
0.0761780738831
1371645389.77
0.0997598171234
1371645389.87
0.100453138351
1371645389.97
0.0991549491882
1371645390.07
0.101684093475
1371645390.17
0.0998818874359
1371645390.27
0.0995471477509
1371645390.37
0.099925994873
1371645390.47
0.100535869598
1371645390.57
0.100237131119
1371645390.67
0.100260972977
1371645390.77
0.0994908809662
1371645390.87
0.0996961593628
1371645390.97
0.100473880768
1371645391.07
0.0995221138
1371645391.18
0.10160779953
1371645391.27
0.0987620353699
1371645391.37
0.100382089615
1371645391.47
0.099310874939
1371645391.58
0.104290008545
1371645391.67
0.0957481861115
1371645391.77
0.100419998169
1371645391.87
0.0996508598328
1371645391.97
0.100682973862
1371645392.07
0.0992970466614
1371645392.17
0.100251913071
1371645392.28
0.102948188782
1371645392.37
0.0969598293304
1371645392.48
0.100990056992
1371645392.58
0.100091934204
1371645392.67
0.0993731021881
1371645392.78
0.10018992424
1371645392.88
0.100208044052
1371645392.98
0.100088119507
1371645393.08
0.102443933487
1371645393.18
0.0977430343628
1371645393.28
0.099625825882
1371645393.37
0.0997800827026
1371645393.48
0.100592136383
1371645393.7
0.224406957626
1371645393.7
0.000982999801636
1371645393.78
0.0775728225708
1371645393.88
0.0971410274506
1371645393.98
0.0993340015411
1371645394.08
0.100035190582
1371645394.18
0.100303888321
1371645394.28
0.100037097931
1371645394.38
0.100834846497
1371645394.48
0.0994851589203
1371645394.58
0.0995819568634
1371645394.68
0.10054397583
1371645394.78
0.0995829105377
1371645395.1
0.323827028275
1371645395.1
0.00444412231445
1371645395.1
1.19209289551e-05
1371645395.18
0.0737419128418
1371645395.28
0.0986831188202
1371645395.38
0.100004911423
1371645395.48
0.10009598732
1371645395.58
0.0999159812927
1371645395.68
0.100388050079
1371645395.78
0.0999310016632
1371645395.88
0.0996279716492
1371645395.98
0.100156068802
1371645396.08
0.099503993988
1371645396.18
0.10130405426
1371645396.28
0.0989129543304
1371645396.38
0.0999939441681
1371645396.48
0.100264072418
1371645396.58
0.100224018097
1371645396.68
0.100563049316
1371645396.78
0.0994129180908
1371645396.88
0.0998499393463
1371645396.98
0.0997440814972
1371645397.08
0.100368022919
1371645397.18
0.099928855896
1371645397.29
0.10879611969
1371645397.38
0.0911059379578
1371645397.48
0.100790977478
1371645397.58
0.10054397583
1371645397.68
0.100557088852
1371645397.79
0.108376979828
1371645397.88
0.0912299156189
1371645397.98
0.0995061397552
1371645398.08
0.100358963013
1371645398.18
0.0997788906097
1371645398.28
0.102807998657
1371645398.38
0.0972402095795
1371645398.48
0.0999088287354
1371645398.58
0.105872154236
1371645398.68
0.0945708751678
1371645398.78
0.100502967834
1371645398.88
0.0987770557404
1371645398.98
0.0998010635376
1371645399.22
0.240838050842
1371645399.22
0.00130486488342
1371645399.28
0.0589950084686
1371645399.38
0.0993459224701
1371645399.48
0.0999610424042
1371645399.58
0.100286960602
1371645399.68
0.100918054581
1371645399.78
0.0989551544189
1371645399.88
0.101081848145
1371645400.25
0.366729021072
1371645400.25
0.000118017196655
1371645400.25
1.59740447998e-05
1371645400.41
0.162941932678
1371645400.41
9.29832458496e-05
1371645400.48
0.0717191696167
1371645400.58
0.0980098247528
1371645400.68
0.100519180298
1371645400.78
0.0994138717651
1371645400.88
0.0999150276184
1371645400.98
0.0996921062469
1371645401.08
0.100044965744
1371645401.18
0.100430011749
1371645401.28
0.101052045822
1371645401.38
0.0991928577423
1371645401.48
0.0999419689178
1371645401.58
0.100208997726
1371645401.68
0.100486040115
1371645401.78
0.0990900993347
1371645401.88
0.10014796257
1371645401.98
0.10129904747
1371645402.08
0.0988140106201
1371645402.18
0.103806972504
1371645402.28
0.0965600013733
1371645402.38
0.0999879837036
1371645402.48
0.100195884705
1371645402.58
0.100463151932
1371645402.68
0.102241039276
1371645402.78
0.0978457927704
1371645402.88
0.0998170375824
1371645402.98
0.101119041443
1371645403.08
0.0990490913391
1371645403.18
0.0994248390198
1371645403.28
0.100457191467
1371645403.38
0.0992929935455
1371645403.48
0.100147008896
1371645403.58
0.10060095787
1371645403.68
0.100265026093
1371645403.78
0.0990328788757
1371645403.88
0.100597143173
1371645403.98
0.100545883179
1371645404.08
0.100420951843
1371645404.18
0.0984649658203
1371645404.39
0.213930130005
1371645404.39
0.00118899345398
1371645404.48
0.0851540565491
1371645404.58
0.100826978683
1371645404.68
0.0993649959564
1371645404.78
0.0999758243561
1371645404.88
0.100887060165
1371645404.98
0.0997700691223
1371645405.08
0.100339889526
1371645405.18
0.100088119507
1371645405.28
0.099662065506
1371645405.38
0.102841854095
1371645405.48
0.0971050262451
1371645405.58
0.10006403923
1371645405.68
0.100378990173
1371645405.78
0.0997090339661
1371645405.88
0.100322008133
1371645405.98
0.0998330116272
1371645406.08
0.100052833557
1371645406.18
0.099757194519
1371645406.28
0.100800991058
1371645406.64
0.35604596138
1371645406.64
0.00412392616272
1371645406.64
1.4066696167e-05
1371645406.81
0.165539979935
1371645406.81
0.00120401382446
1371645406.88
0.0724160671234
1371645406.98
0.0997269153595
1371645407.08
0.0998668670654
1371645407.18
0.101097106934
1371645407.28
0.100045919418
1371645407.38
0.100212097168
1371645407.48
0.100145101547
1371645407.58
0.0996677875519
1371645407.68
0.100330114365
1371645407.78
0.0999948978424
1371645407.88
0.0996451377869
1371645407.98
0.100574016571
1371645408.08
0.0994009971619
1371645408.18
0.101035833359
1371645408.28
0.099288225174
1371645408.38
0.099916934967
1371645408.48
0.100304841995
1371645408.58
0.099671125412
1371645408.68
0.100296974182
1371645408.78
0.101947069168
1371645408.88
0.0979058742523
1371645408.98
0.100121021271
1371645409.08
0.100090026855
1371645409.18
0.0997619628906
1371645409.28
0.0996360778809
1371645409.38
0.100445985794
1371645409.48
0.100251913071
1371645409.58
0.100006103516
1371645409.68
0.0999028682709
1371645409.78
0.0995709896088
1371645409.88
0.099730014801
1371645409.98
0.101805210114
1371645410.08
0.0995378494263
1371645410.18
0.102499008179
1371645410.28
0.0980410575867
1371645410.38
0.0993568897247
1371645410.48
0.100259065628
1371645410.58
0.0999009609222
1371645410.81
0.228999137878
1371645410.82
0.00816583633423
1371645410.88
0.0630099773407
1371645410.98
0.0999021530151
1371645411.08
0.100420951843
1371645411.18
0.0995619297028
1371645411.28
0.0995931625366
1371645411.38
0.100397825241
1371645411.49
0.109970092773
1371645411.58
0.090234041214
1371645411.68
0.0993020534515
1371645411.78
0.100258827209
1371645411.88
0.100533008575
1371645411.98
0.10033416748
1371645412.08
0.0993528366089
1371645412.18
0.10001707077
1371645412.28
0.100077867508
1371645412.38
0.101101160049
1371645412.49
0.101779937744
1371645412.58
0.0994079113007
1371645412.68
0.0986471176147
1371645413.01
0.323183059692
1371645413.01
0.00347185134888
1371645413.01
1.50203704834e-05
1371645413.08
0.0732970237732
1371645413.18
0.0996489524841
1371645413.28
0.100637197495
1371645413.38
0.100300788879
1371645413.48
0.099750995636
1371645413.58
0.100308179855
1371645413.68
0.0994689464569
1371645413.78
0.100157976151
1371645413.88
0.0999190807343
1371645413.98
0.0999059677124
1371645414.08
0.100204944611
1371645414.18
0.0991771221161
1371645414.28
0.100897789001
1371645414.38
0.100532054901
1371645414.48
0.0989811420441
1371645414.58
0.100322008133
1371645414.68
0.0998728275299
1371645414.78
0.10077214241
1371645414.88
0.0995149612427
1371645414.98
0.100905895233
1371645415.08
0.0998320579529
1371645415.19
0.100820064545
1371645415.28
0.0993599891663
1371645415.38
0.0995140075684
1371645415.48
0.0997688770294
1371645415.58
0.100614070892
1371645415.69
0.110554933548
1371645415.78
0.0894401073456
1371645415.88
0.0995919704437
1371645415.98
0.100472927094
1371645416.08
0.100511074066
1371645416.18
0.0990400314331
1371645416.28
0.10004901886
1371645416.38
0.100399971008
1371645416.48
0.0997638702393
1371645416.58
0.100152015686
1371645416.68
0.099748134613
1371645416.78
0.100198030472
1371645416.88
0.0994329452515
1371645417.13
0.245766878128
1371645417.13
0.0020580291748
1371645417.18
0.0524070262909
1371645417.28
0.100716114044
1371645417.39
0.100734949112
1371645417.49
0.100049972534
1371645417.59
0.101385116577
1371645417.69
0.0989508628845
1371645417.78
0.098906993866
1371645417.89
0.100421905518
1371645417.99
0.10039305687
1371645418.09
0.100211143494
1371645418.19
0.0996999740601
1371645418.28
0.0995278358459
1371645418.39
0.10197520256
1371645418.49
0.0985608100891
1371645418.59
0.0998091697693
1371645418.69
0.101001977921
1371645418.79
0.100204944611
1371645418.89
0.0987570285797
1371645418.99
0.100394964218
1371645419.09
0.100307941437
1371645419.43
0.348221063614
1371645419.43
9.01222229004e-05
1371645419.43
1.09672546387e-05
1371645419.58
0.146618843079
1371645419.59
0.00474309921265
1371645419.69
0.0996558666229
1371645419.79
0.100996017456
1371645419.89
0.104057073593
1371645419.99
0.0953869819641
1371645420.09
0.100572109222
1371645420.19
0.0995628833771
1371645420.29
0.101639032364
1371645420.4
0.110462903976
1371645420.49
0.088219165802
1371645420.59
0.0996549129486
1371645420.69
0.100808143616
1371645420.79
0.0995359420776
1371645420.89
0.0997369289398
1371645420.99
0.100524902344
1371645421.09
0.0993921756744
1371645421.19
0.104661941528
1371645421.29
0.0963950157166
1371645421.39
0.0995209217072
1371645421.49
0.0995891094208
1371645421.59
0.100169897079
1371645421.69
0.100111961365
1371645421.79
0.100712060928
1371645421.89
0.0990071296692
1371645421.99
0.10019493103
1371645422.09
0.0994420051575
1371645422.19
0.100668907166
1371645422.29
0.0995531082153
1371645422.39
0.0997939109802
1371645422.49
0.1014149189
1371645422.59
0.100150108337
1371645422.69
0.10024189949
1371645422.79
0.0991971492767
1371645422.89
0.100797891617
1371645422.99
0.0997121334076
1371645423.09
0.100920915604
1371645423.19
0.098699092865
1371645423.29
0.100489854813
1371645423.39
0.100227117538
1371645423.58
0.197340965271
1371645423.62
0.039783000946
1371645423.69
0.0631880760193
1371645423.79
0.0988798141479
1371645423.89
0.102025032043
1371645423.99
0.0982620716095
1371645424.09
0.100702047348
1371645424.19
0.0994918346405
1371645424.29
0.100159168243
1371645424.39
0.0994508266449
1371645424.49
0.101216077805
1371645424.59
0.0987801551819
1371645424.69
0.100044965744
1371645424.79
0.101082801819
1371645424.89
0.100472211838
1371645424.99
0.0998468399048
1371645425.09
0.100063085556
1371645425.19
0.0999720096588
1371645425.29
0.100636959076
1371645425.39
0.100925922394
1371645425.49
0.0988581180573
1371645425.83
0.341058969498
1371645425.83
0.00323009490967
1371645425.83
1.00135803223e-05
1371645425.89
0.05584192276
1371645425.99
0.0990679264069
1371645426.09
0.100441932678
1371645426.19
0.099466085434
1371645426.29
0.100064992905
1371645426.39
0.100390911102
1371645426.49
0.0999360084534
1371645426.59
0.0997741222382
1371645426.69
0.100526094437
1371645426.79
0.0996189117432
1371645426.89
0.0997779369354
1371645426.99
0.10039806366
1371645427.09
0.0998458862305
1371645427.19
0.100505113602
1371645427.29
0.100449085236
1371645427.39
0.100521802902
1371645427.49
0.100453138351
1371645427.59
0.0994238853455
1371645427.69
0.0993330478668
1371645427.79
0.100289106369
1371645427.89
0.0996990203857
1371645427.99
0.103897809982
1371645428.09
0.0962929725647
1371645428.19
0.100162029266
1371645428.29
0.10040807724
1371645428.39
0.100287914276
1371645428.49
0.0992541313171
1371645428.59
0.10133099556
1371645428.69
0.0985689163208
1371645428.79
0.100278139114
1371645428.89
0.0999228954315
1371645428.99
0.0997130870819
1371645429.1
0.106788873672
1371645429.19
0.0939650535583
1371645429.29
0.0998160839081
1371645429.39
0.100191831589
1371645429.49
0.0998711585999
1371645429.59
0.0995709896088
1371645429.69
0.099634885788
1371645429.79
0.100990056992
1371645430.01
0.218141078949
1371645430.01
0.00456285476685
1371645430.09
0.0796849727631
1371645430.19
0.0983400344849
1371645430.29
0.0998041629791
1371645430.39
0.101037979126
1371645430.49
0.0997920036316
1371645430.59
0.0996668338776
1371645430.69
0.100620985031
1371645430.79
0.102807998657
1371645430.89
0.0982291698456
1371645430.99
0.0980498790741
1371645431.09
0.100786924362
1371645431.19
0.102425098419
1371645431.3
0.104677915573
1371645431.39
0.0943081378937
1371645431.49
0.0973958969116
1371645431.59
0.101809024811
1371645431.7
0.104037046432
1371645431.79
0.0946590900421
1371645431.89
0.100129842758
1371645432.22
0.32554101944
1371645432.22
0.00541615486145
1371645432.22
1.69277191162e-05
1371645432.3
0.0746378898621
1371645432.39
0.0973451137543
1371645432.49
0.098473072052
1371645432.59
0.0990917682648
1371645432.7
0.104584217072
1371645432.79
0.0965700149536
1371645432.89
0.0993537902832
1371645432.99
0.100574016571
1371645433.09
0.0998439788818
1371645433.19
0.0998921394348
1371645433.29
0.102860927582
1371645433.39
0.0993740558624
1371645433.49
0.0980060100555
1371645433.6
0.103739023209
1371645433.69
0.0963900089264
1371645433.79
0.100028038025
1371645433.89
0.0985848903656
1371645434.0
0.105145931244
1371645434.1
0.100337982178
1371645434.19
0.0970220565796
1371645434.33
0.132292985916
1371645434.39
0.0664579868317
1371645434.49
0.100782155991
1371645434.59
0.100376844406
1371645434.7
0.109997034073
1371645434.79
0.0896210670471
1371645434.9
0.104563951492
1371645434.99
0.095752954483
1371645435.09
0.101007938385
1371645435.19
0.0982880592346
1371645435.29
0.10052895546
1371645435.39
0.100787162781
1371645435.49
0.100296020508
1371645435.59
0.0998818874359
1371645435.7
0.103155136108
1371645435.79
0.0951359272003
1371645435.9
0.106185913086
1371645435.99
0.0942890644073
1371645436.09
0.100739955902
1371645436.41
0.314845085144
1371645436.41
1.78813934326e-05
1371645436.41
1.09672546387e-05
1371645436.49
0.0852131843567
1371645436.59
0.0991079807281
1371645436.7
0.104337930679
1371645436.79
0.0968949794769
1371645436.89
0.0980379581451
1371645436.99
0.101585149765
1371645437.1
0.101517915726
1371645437.19
0.0968680381775
1371645437.29
0.10152888298
1371645437.39
0.0998401641846
1371645437.49
0.100988864899
1371645437.59
0.0991020202637
1371645437.69
0.10095000267
1371645437.8
0.100857019424
1371645437.89
0.0977439880371
1371645438.0
0.104432106018
1371645438.09
0.0962858200073
1371645438.2
0.10156917572
1371645438.51
0.314901828766
1371645438.51
0.00284218788147
1371645438.51
1.19209289551e-05
1371645438.59
0.0808069705963
1371645438.69
0.0999009609222
1371645438.79
0.100790023804
1371645438.89
0.0992751121521
1371645439.0
0.103240013123
1371645439.1
0.0980558395386
1371645439.19
0.0980000495911
1371645439.29
0.101332902908
1371645439.39
0.0983672142029
1371645439.5
0.105292797089
1371645439.59
0.0952081680298
1371645439.69
0.100937843323
1371645439.8
0.105852127075
1371645439.89
0.0943188667297
1371645439.99
0.100217103958
1371645440.1
0.10063791275
1371645440.19
0.0988631248474
1371645440.3
0.104912996292
1371645440.4
0.10281586647
1371645440.49
0.0922250747681
1371645440.6
0.100995063782
1371645440.7
0.100468873978
1371645440.8
0.100885152817
1371645440.9
0.0993359088898
1371645440.99
0.0986521244049
1371645441.09
0.100272893906
1371645441.2
0.100895881653
1371645441.3
0.100733041763
1371645441.4
0.0991070270538
1371645441.5
0.102546930313
1371645441.59
0.0957062244415
1371645441.7
0.101171970367
1371645441.8
0.10077881813
1371645441.89
0.0988399982452
1371645441.99
0.0995872020721
1371645442.1
0.10101890564
1371645442.2
0.101052999496
1371645442.3
0.102176904678
1371645442.61
0.313610076904
1371645442.62
0.00410795211792
1371645442.62
1.21593475342e-05
1371645442.7
0.0791609287262
1371645442.8
0.0999960899353
1371645442.9
0.100111961365
1371645443.0
0.100004911423
1371645443.1
0.0999329090118
1371645443.2
0.103250026703
1371645443.3
0.0977420806885
1371645443.4
0.099189043045
1371645443.49
0.0993850231171
1371645443.6
0.101356983185
1371645443.7
0.10011100769
1371645443.8
0.098641872406
1371645443.9
0.100497961044
1371645444.0
0.100419998169
1371645444.1
0.099977016449
1371645444.2
0.0992531776428
1371645444.31
0.11036491394
1371645444.66
0.358460903168
1371645444.66
7.70092010498e-05
1371645444.66
9.05990600586e-06
1371645444.7
0.0359969139099
1371645444.8
0.0966820716858
1371645444.9
0.100280046463
1371645445.0
0.0990810394287
1371645445.1
0.103124856949
1371645445.2
0.0974771976471
1371645445.3
0.0996718406677
1371645445.4
0.0994329452515
1371645445.5
0.100350141525
1371645445.6
0.10054898262
1371645445.7
0.100477933884
1371645445.8
0.0991401672363
1371645445.9
0.0997369289398
1371645446.0
0.0999898910522
1371645446.1
0.1001060009
1371645446.21
0.111245155334
1371645446.3
0.092857837677
1371645446.4
0.0966839790344
1371645446.5
0.0991280078888
1371645446.6
0.101350069046
1371645446.71
0.109174013138
1371645446.8
0.0891420841217
1371645446.91
0.109588861465
1371645447.0
0.0925800800323
1371645447.1
0.0984718799591
1371645447.2
0.100564002991
1371645447.3
0.101387023926
1371645447.4
0.0999879837036
1371645447.5
0.0987432003021
1371645447.6
0.100951910019
1371645447.7
0.0991148948669
1371645447.8
0.1002202034
1371645447.9
0.102714776993
1371645448.0
0.100494146347
1371645448.1
0.0968279838562
1371645448.2
0.100040912628
1371645448.3
0.0995500087738
1371645448.4
0.103506088257
1371645448.5
0.0970799922943
1371645448.79
0.294909000397
1371645448.79
0.00181889533997
1371645448.8
0.00366997718811
1371645448.9
0.104236125946
1371645449.0
0.0951628684998
1371645449.1
0.0993270874023
1371645449.2
0.100599050522
1371645449.3
0.100214004517
1371645449.4
0.101427078247
1371645449.5
0.0998389720917
1371645449.6
0.0987169742584
1371645449.7
0.100360870361
1371645449.8
0.100289106369
1371645449.9
0.100525856018
1371645450.0
0.0998661518097
1371645450.1
0.099681854248
1371645450.2
0.100248098373
1371645450.3
0.100806951523
1371645450.4
0.100005149841
1371645450.5
0.100544929504
1371645450.6
0.0985889434814
1371645450.7
0.0999450683594
1371645451.01
0.311955928802
1371645451.02
0.00667214393616
1371645451.02
1.97887420654e-05
1371645451.1
0.0811140537262
1371645451.2
0.0998740196228
1371645451.3
0.100080966949
1371645451.4
0.0998029708862
1371645451.5
0.100444078445
1371645451.6
0.0997939109802
1371645451.7
0.100116014481
1371645451.8
0.100164175034
1371645451.9
0.0993568897247
1371645452.0
0.100214004517
1371645452.1
0.105978012085
1371645452.2
0.0952749252319
1371645452.3
0.100311040878
1371645452.4
0.102281093597
1371645452.5
0.0968389511108
1371645452.6
0.100919961929
1371645452.7
0.0994400978088
1371645452.8
0.0999548435211
1371645452.9
0.101086139679
1371645453.0
0.0989818572998
1371645453.1
0.100288152695
1371645453.2
0.100756883621
1371645453.3
0.0992751121521
1371645453.4
0.10022187233
1371645453.5
0.0999519824982
1371645453.6
0.0993511676788
1371645453.7
0.100303888321
1371645453.8
0.100062131882
1371645453.9
0.0999548435211
1371645454.0
0.105479955673
1371645454.1
0.0943961143494
1371645454.2
0.0999619960785
1371645454.3
0.100349903107
1371645454.4
0.0996999740601
1371645454.5
0.099632024765
1371645454.6
0.101675987244
1371645454.7
0.0998480319977
1371645454.8
0.101130008698
1371645455.08
0.276354074478
1371645455.08
0.00264692306519
1371645455.1
0.019809961319
1371645455.21
0.104948043823
1371645455.31
0.105138063431
1371645455.4
0.0898649692535
1371645455.5
0.100384950638
1371645455.6
0.10253405571
1371645455.7
0.0970840454102
1371645455.8
0.100790977478
1371645455.9
0.0998620986938
1371645456.0
0.100895881653
1371645456.1
0.099543094635
1371645456.2
0.0997078418732
1371645456.3
0.0996260643005
1371645456.4
0.0998849868774
1371645456.5
0.100049972534
1371645456.6
0.0995841026306
1371645456.7
0.100144863129
1371645456.8
0.100350141525
1371645456.9
0.0995149612427
1371645457.0
0.102279901505
1371645457.33
0.324115991592
1371645457.33
0.00326108932495
1371645457.33
1.19209289551e-05
1371645457.4
0.071925163269
1371645457.5
0.099093914032
1371645457.6
0.101012945175
1371645457.7
0.0994131565094
1371645457.8
0.0999360084534
1371645457.9
0.100740909576
1371645458.0
0.100075006485
1371645458.1
0.0986349582672
1371645458.2
0.101393938065
1371645458.3
0.101804971695
1371645458.4
0.0976691246033
1371645458.5
0.100128889084
1371645458.6
0.0997531414032
1371645458.7
0.100987911224
1371645458.8
0.0993390083313
1371645458.9
0.101489067078
1371645459.0
0.0981249809265
1371645459.1
0.0999600887299
1371645459.2
0.100011825562
1371645459.3
0.100728034973
1371645459.4
0.0991399288177
1371645459.5
0.100252151489
1371645459.6
0.0998709201813
1371645459.7
0.101952075958
1371645459.8
0.0999810695648
1371645459.9
0.0993599891663
1371645460.0
0.100020885468
1371645460.1
0.100733995438
1371645460.2
0.0989310741425
1371645460.31
0.103957891464
1371645460.4
0.0962851047516
1371645460.5
0.0999989509583
1371645460.6
0.100790023804
1371645460.7
0.098748922348
1371645460.8
0.10070514679
1371645460.9
0.100841999054
1371645461.0
0.0994069576263
1371645461.1
0.100317001343
1371645461.2
0.0988199710846
1371645461.48
0.282083034515
1371645461.48
6.103515625e-05
1371645461.5
0.0184659957886
1371645461.6
0.0993900299072
1371645461.7
0.100859880447
1371645461.8
0.099613904953
1371645461.9
0.102138996124
1371645462.0
0.0979521274567
1371645462.1
0.100390911102
1371645462.2
0.100695133209
1371645462.3
0.0993039608002
1371645462.4
0.0999710559845
1371645462.5
0.100514888763
1371645462.6
0.100034952164
1371645462.7
0.100193977356
1371645462.8
0.100255012512
1371645462.9
0.0999991893768
1371645463.0
0.098974943161
1371645463.1
0.100982904434
1371645463.2
0.0997660160065
1371645463.3
0.099818944931
1371645463.4
0.100713968277
1371645463.51
0.102526187897
1371645463.88
0.368583917618
1371645463.88
0.00146889686584
1371645463.88
1.4066696167e-05
1371645463.9
0.0272340774536
1371645464.0
0.0987830162048
1371645464.11
0.104415893555
1371645464.2
0.0963320732117
1371645464.3
0.0994029045105
1371645464.4
0.100526094437
1371645464.5
0.0992350578308
1371645464.61
0.102989912033
1371645464.7
0.0982410907745
1371645464.8
0.0999178886414
1371645464.9
0.100666046143
1371645465.01
0.100729942322
1371645465.11
0.0997049808502
1371645465.2
0.0988371372223
1371645465.3
0.100599050522
1371645465.41
0.100940942764
1371645465.5
0.0991230010986
1371645465.6
0.0995059013367
1371645465.7
0.100636959076
1371645465.8
0.0996899604797
1371645465.9
0.099906206131
1371645466.0
0.0998640060425
1371645466.1
0.100026845932
1371645466.21
0.101134061813
1371645466.3
0.0987739562988
1371645466.4
0.100378990173
1371645466.51
0.103121995926
1371645466.6
0.097090959549
1371645466.7
0.0996611118317
1371645466.81
0.101516962051
1371645466.91
0.0999979972839
1371645467.0
0.0985591411591
1371645467.11
0.100975990295
1371645467.21
0.0997619628906
1371645467.31
0.100250005722
1371645467.41
0.0995609760284
1371645467.5
0.0999040603638
1371645467.61
0.104497909546
1371645467.71
0.0961520671844
1371645468.0
0.297940015793
1371645468.01
0.00175380706787
1371645468.01
0.000594139099121
1371645468.11
0.0997588634491
1371645468.21
0.0996341705322
1371645468.31
0.100088834763
1371645468.41
0.0997321605682
1371645468.51
0.100911855698
1371645468.61
0.0991411209106
1371645468.71
0.100957870483
1371645468.81
0.099102973938
1371645468.91
0.0999600887299
1371645469.01
0.100213050842
1371645469.11
0.101438045502
1371645469.21
0.103114843369
1371645469.31
0.0951850414276
1371645469.41
0.101584911346
1371645469.51
0.103427171707
1371645469.61
0.09552693367
1371645469.71
0.100785017014
1371645469.81
0.100224971771
1371645469.91
0.100091934204
1371645470.21
0.301873207092
1371645470.21
0.00327587127686
1371645470.21
1.09672546387e-05
1371645470.31
0.0942680835724
1371645470.41
0.0998849868774
1371645470.51
0.100504875183
1371645470.61
0.0994601249695
1371645470.71
0.0999300479889
1371645470.81
0.100217819214
1371645470.91
0.0997982025146
1371645471.01
0.100243806839
1371645471.11
0.0998032093048
1371645471.21
0.100630998611
1371645471.31
0.0994639396667
1371645471.41
0.0996799468994
1371645471.51
0.100359916687
1371645471.61
0.100071191788
1371645471.71
0.0995769500732
1371645471.81
0.100414991379
1371645471.91
0.100476026535
1371645472.01
0.0995779037476
1371645472.11
0.100914955139
1371645472.21
0.100226163864
1371645472.31
0.0995719432831
1371645472.41
0.101515054703
1371645472.51
0.0991787910461
1371645472.61
0.0993452072144
1371645472.71
0.10054898262
1371645472.81
0.0997729301453
1371645472.91
0.0999190807343
1371645473.01
0.0997948646545
1371645473.11
0.100311994553
1371645473.21
0.100384950638
1371645473.31
0.0994720458984
1371645473.41
0.099956035614
1371645473.51
0.100076913834
1371645473.61
0.100248098373
1371645473.71
0.100968122482
1371645473.81
0.0985357761383
1371645473.91
0.0999181270599
1371645474.01
0.100452899933
1371645474.11
0.101099014282
1371645474.4
0.292107105255
1371645474.4
1.69277191162e-05
1371645474.41
0.00639700889587
1371645474.51
0.106532096863
1371645474.61
0.0947320461273
1371645474.71
0.100264787674
1371645474.81
0.0995571613312
1371645474.91
0.0999128818512
1371645475.01
0.100296974182
1371645475.11
0.100739002228
1371645475.21
0.0993030071259
1371645475.31
0.100121974945
1371645475.41
0.101154088974
1371645475.51
0.0991771221161
1371645475.61
0.0995538234711
1371645475.71
0.103332996368
1371645475.81
0.0967280864716
1371645475.91
0.100029945374
1371645476.01
0.100131034851
1371645476.11
0.100044965744
1371645476.49
0.382797956467
1371645476.49
0.00205397605896
1371645476.49
1.71661376953e-05
1371645476.52
0.0241508483887
1371645476.61
0.0910761356354
1371645476.71
0.0995969772339
1371645476.81
0.0998730659485
1371645476.91
0.100909948349
1371645477.01
0.0993859767914
1371645477.11
0.0999240875244
1371645477.21
0.100549936295
1371645477.31
0.101400852203
1371645477.41
0.0990421772003
1371645477.51
0.0998768806458
1371645477.61
0.100276947021
1371645477.71
0.0997002124786
1371645477.81
0.100525856018
1371645477.91
0.099671125412
1371645478.01
0.0995869636536
1371645478.11
0.100138902664
1371645478.21
0.0999491214752
1371645478.31
0.100214958191
1371645478.41
0.0999238491058
1371645478.51
0.0999450683594
1371645478.61
0.100235939026
1371645478.71
0.0998001098633
1371645478.81
0.0999720096588
1371645478.91
0.0997760295868
1371645479.01
0.100522041321
1371645479.11
0.100078821182
1371645479.21
0.101468086243
1371645479.31
0.098396062851
1371645479.41
0.100077867508
1371645479.51
0.0992550849915
1371645479.61
0.101558923721
1371645479.71
0.100352048874
1371645479.81
0.10005903244
1371645479.91
0.0998599529266
1371645480.01
0.1004550457
1371645480.11
0.0988340377808
1371645480.21
0.100188016891
1371645480.31
0.100365877151
1371645480.54
0.225831031799
1371645480.54
1.19209289551e-05
1371645480.61
0.0754451751709
1371645480.71
0.100899934769
1371645480.81
0.0975110530853
1371645480.91
0.100929021835
1371645481.01
0.0995228290558
1371645481.11
0.0995211601257
1371645481.21
0.0998239517212
1371645481.31
0.101204872131
1371645481.41
0.0994141101837
1371645481.51
0.0999240875244
1371645481.61
0.100039958954
1371645481.71
0.0997269153595
1371645481.81
0.100167989731
1371645481.91
0.0997941493988
1371645482.01
0.100930929184
1371645482.11
0.100044965744
1371645482.21
0.101191997528
1371645482.31
0.0985009670258
1371645482.41
0.100075960159
1371645482.52
0.104300022125
1371645482.85
0.33874297142
1371645482.86
0.00268006324768
1371645482.86
1.50203704834e-05
1371645483.04
0.17955493927
1371645483.04
7.29560852051e-05
1371645483.11
0.0762000083923
1371645483.21
0.098729133606
1371645483.31
0.10012793541
1371645483.42
0.106728076935
1371645483.51
0.0937719345093
1371645483.61
0.0999670028687
1371645483.71
0.0997970104218
1371645483.81
0.0995769500732
1371645483.91
0.0998499393463
1371645484.01
0.100047111511
1371645484.11
0.10024189949
1371645484.21
0.0999031066895
1371645484.31
0.100049972534
1371645484.41
0.0998919010162
1371645484.51
0.100461006165
1371645484.62
0.104994058609
1371645484.71
0.0957870483398
1371645484.81
0.0996420383453
1371645484.91
0.099879026413
1371645485.01
0.10046005249
1371645485.11
0.100493907928
1371645485.21
0.0993058681488
1371645485.31
0.099424123764
1371645485.41
0.100478887558
1371645485.51
0.0995330810547
1371645485.61
0.100474119186
1371645485.71
0.100338935852
1371645485.81
0.0997538566589
1371645485.91
0.101233005524
1371645486.01
0.0985140800476
1371645486.11
0.102669000626
1371645486.21
0.0978579521179
1371645486.31
0.0999140739441
1371645486.41
0.100050926208
1371645486.51
0.0991930961609
1371645486.61
0.100768089294
1371645486.71
0.0997798442841
1371645487.03
0.317628145218
1371645487.03
0.000104904174805
1371645487.03
0.00387406349182
1371645487.11
0.0793440341949
1371645487.21
0.100099802017
1371645487.31
0.0998840332031
1371645487.41
0.100523948669
1371645487.51
0.0994651317596
1371645487.61
0.100343942642
1371645487.71
0.0995359420776
1371645487.81
0.100037097931
1371645487.91
0.0996980667114
1371645488.01
0.101209878922
1371645488.11
0.0989029407501
1371645488.21
0.099837064743
1371645488.31
0.100909948349
1371645488.41
0.100042104721
1371645488.51
0.0994219779968
1371645488.61
0.0998680591583
1371645488.71
0.0998909473419
1371645488.81
0.100394964218
1371645488.92
0.102483034134
1371645489.27
0.35361289978
1371645489.27
0.00312805175781
1371645489.27
1.50203704834e-05
1371645489.31
0.041640996933
1371645489.41
0.100202083588
1371645489.52
0.103385925293
1371645489.61
0.0959000587463
1371645489.71
0.100434064865
1371645489.81
0.0998768806458
1371645489.91
0.10050201416
1371645490.01
0.100074052811
1371645490.12
0.100816011429
1371645490.21
0.0988738536835
1371645490.31
0.0996911525726
1371645490.41
0.101073026657
1371645490.51
0.0993189811707
1371645490.61
0.100051879883
1371645490.71
0.100671052933
1371645490.81
0.0993490219116
1371645490.91
0.0997719764709
1371645491.01
0.0996251106262
1371645491.11
0.100889921188
1371645491.21
0.0998859405518
1371645491.31
0.099818944931
1371645491.41
0.100016117096
1371645491.51
0.100156068802
1371645491.61
0.0994298458099
1371645491.71
0.100347042084
1371645491.81
0.0996589660645
1371645491.92
0.101557970047
1371645492.01
0.0991661548615
1371645492.12
0.100584030151
1371645492.22
0.100092887878
1371645492.32
0.100222110748
1371645492.42
0.0999369621277
1371645492.52
0.099898815155
1371645492.62
0.0996851921082
1371645492.72
0.10017991066
1371645492.82
0.100301027298
1371645492.92
0.0997738838196
1371645493.02
0.100488185883
1371645493.12
0.0995078086853
1371645493.38
0.267711162567
1371645493.38
1.69277191162e-05
1371645493.42
0.0320661067963
1371645493.51
0.0995960235596
1371645493.61
0.100202798843
1371645493.71
0.100064992905
1371645493.81
0.0998351573944
1371645493.92
0.100209951401
1371645494.02
0.100073099136
1371645494.12
0.10246181488
1371645494.22
0.097629070282
1371645494.32
0.0998449325562
1371645494.42
0.102421998978
1371645494.52
0.102015972137
1371645494.62
0.0965001583099
1371645494.72
0.100318908691
1371645494.82
0.101140975952
1371645494.92
0.102458953857
1371645495.02
0.0969521999359
1371645495.12
0.0992338657379
1371645495.22
0.100911140442
1371645495.32
0.104667901993
1371645495.67
0.346844911575
1371645495.67
0.000135183334351
1371645495.67
1.59740447998e-05
1371645495.84
0.173949956894
1371645495.84
0.00192999839783
1371645495.92
0.071937084198
1371645496.02
0.100444793701
1371645496.12
0.100903987885
1371645496.22
0.0987920761108
1371645496.32
0.100013971329
1371645496.42
0.0993139743805
1371645496.52
0.105532169342
1371645496.62
0.0951600074768
1371645496.72
0.0997359752655
1371645496.82
0.10010099411
1371645496.92
0.103792905807
1371645497.02
0.0966989994049
1371645497.12
0.105704069138
1371645497.22
0.0962989330292
1371645497.32
0.0987319946289
1371645497.42
0.0993020534515
1371645497.52
0.101598024368
1371645497.62
0.0988879203796
1371645497.72
0.100522041321
1371645497.82
0.100629091263
1371645497.92
0.099809885025
1371645498.02
0.100085020065
1371645498.12
0.101089954376
1371645498.22
0.0994291305542
1371645498.32
0.098555803299
1371645498.42
0.100010156631
1371645498.52
0.10352897644
1371645498.62
0.0958700180054
1371645498.72
0.100277900696
1371645498.82
0.100501060486
1371645498.92
0.0996580123901
1371645499.02
0.100068092346
1371645499.12
0.102332830429
1371645499.22
0.0972411632538
1371645499.32
0.101444959641
1371645499.42
0.0986838340759
1371645499.52
0.100828170776
1371645499.78
0.262722015381
1371645499.78
0.00331997871399
1371645499.82
0.0348370075226
1371645499.92
0.0997128486633
1371645500.02
0.0993101596832
1371645500.12
0.100791931152
1371645500.22
0.099406003952
1371645500.32
0.100481033325
1371645500.42
0.0994579792023
1371645500.52
0.0999970436096
1371645500.62
0.101246833801
1371645500.72
0.100156068802
1371645500.82
0.0989451408386
1371645500.92
0.100008964539
1371645501.02
0.100633859634
1371645501.12
0.102293968201
1371645501.52
0.401939153671
1371645501.53
0.00367188453674
1371645501.53
1.50203704834e-05
1371645501.62
0.0911729335785
1371645501.72
0.100575208664
1371645501.82
0.0991787910461
1371645501.92
0.101785182953
1371645502.02
0.100754022598
1371645502.12
0.0989489555359
1371645502.22
0.101624011993
1371645502.32
0.0982139110565
1371645502.42
0.100615024567
1371645502.52
0.0999460220337
1371645502.62
0.100535869598
1371645502.72
0.0994081497192
1371645502.82
0.09974193573
1371645502.92
0.100322008133
1371645503.02
0.099277973175
1371645503.12
0.100727081299
1371645503.22
0.099634885788
1371645503.32
0.100790023804
1371645503.42
0.0986430644989
1371645503.52
0.100287914276
1371645503.62
0.0998899936676
1371645503.72
0.100901126862
1371645503.82
0.0997290611267
1371645503.92
0.0998950004578
1371645504.02
0.0995609760284
1371645504.12
0.100088834763
1371645504.22
0.0998380184174
1371645504.32
0.100214958191
1371645504.42
0.0995759963989
1371645504.52
0.101563215256
1371645504.62
0.0998017787933
1371645504.72
0.101221084595
1371645504.82
0.0986359119415
1371645505.02
0.199811220169
1371645505.12
0.100859880447
1371645505.23
0.107991933823
1371645505.32
0.0923120975494
1371645505.42
0.10000705719
1371645505.52
0.0993068218231
1371645505.72
0.200819015503
1371645505.76
0.040491104126
1371645505.82
0.0585370063782
1371645505.92
0.10066986084
1371645506.02
0.0996730327606
1371645506.12
0.100340127945
1371645506.22
0.100586891174
1371645506.32
0.0990130901337
1371645506.42
0.0998950004578
1371645506.52
0.100874900818
1371645506.62
0.0993361473083
1371645506.72
0.0994648933411
1371645506.82
0.103193998337
1371645506.92
0.0981121063232
1371645507.02
0.102295875549
1371645507.12
0.099179983139
1371645507.22
0.0987010002136
1371645507.33
0.106731176376
1371645507.42
0.0942859649658
1371645507.52
0.099408864975
1371645507.86
0.335714101791
1371645507.86
0.00594997406006
1371645507.86
1.4066696167e-05
1371645507.92
0.0579969882965
1371645508.02
0.100159883499
1371645508.12
0.0994319915771
1371645508.22
0.100047111511
1371645508.32
0.101270914078
1371645508.42
0.0982511043549
1371645508.52
0.101236820221
1371645508.62
0.0995540618896
1371645508.72
0.0994429588318
1371645508.82
0.100342035294
1371645508.92
0.0997920036316
1371645509.02
0.1001329422
1371645509.12
0.099582195282
1371645509.22
0.104066848755
1371645509.32
0.0973491668701
1371645509.42
0.100503921509
1371645509.52
0.0999450683594
1371645509.62
0.0996618270874
1371645509.72
0.0998070240021
1371645509.82
0.099555015564
1371645509.92
0.100594997406
1371645510.02
0.100749015808
1371645510.12
0.0994539260864
1371645510.22
0.0998020172119
1371645510.32
0.100270986557
1371645510.42
0.0994410514832
1371645510.52
0.100557088852
1371645510.62
0.100265026093
1371645510.72
0.0993869304657
1371645510.82
0.0998649597168
1371645510.92
0.100188016891
1371645511.03
0.10418510437
1371645511.12
0.0958209037781
1371645511.22
0.100178956985
1371645511.32
0.0997641086578
1371645511.42
0.0999488830566
1371645511.52
0.100706100464
1371645511.62
0.0992019176483
1371645511.72
0.100414991379
1371645511.82
0.100070953369
1371645511.92
0.100149154663
1371645512.02
0.100280046463
1371645512.12
0.099946975708
1371645512.22
0.100068807602
1371645512.32
0.100085020065
1371645512.43
0.103113174438
1371645512.52
0.0971159934998
1371645512.62
0.100198984146
1371645512.72
0.100337982178
1371645512.82
0.0996489524841
1371645512.92
0.0992069244385
1371645513.02
0.100238084793
s=237.789423943
i=2371
Avg=0.1003
