1371645275.23
1371645275.33
0.0979228019714
1371645275.76
0.431310176849
1371645275.76
0.00325393676758
1371645275.76
1.59740447998e-05
1371645275.76
1.4066696167e-05
1371645275.93
0.168325901031
1371645276.03
0.0985870361328
1371645276.13
0.100085020065
1371645276.23
0.101083040237
1371645276.43
0.198623895645
1371645276.53
0.100177049637
1371645276.63
0.100111961365
1371645276.73
0.100073099136
1371645276.83
0.100327968597
1371645276.93
0.104986906052
1371645277.03
0.0971841812134
1371645277.13
0.0990228652954
1371645277.25
0.116817951202
1371645277.57
0.321220159531
1371645277.57
0.00239491462708
1371645277.57
1.50203704834e-05
1371645277.63
0.0579378604889
1371645277.73
0.0997850894928
1371645277.83
0.100239038467
1371645277.93
0.10085105896
1371645278.03
0.100214958191
1371645278.13
0.100260019302
1371645278.23
0.100188970566
1371645278.33
0.0992729663849
1371645278.43
0.100061893463
1371645278.53
0.100215196609
1371645278.63
0.0997638702393
1371645278.73
0.0995490550995
1371645278.83
0.0999839305878
1371645278.93
0.105520963669
1371645279.03
0.0953750610352
1371645279.13
0.0991539955139
1371645279.23
0.10045003891
1371645279.33
0.0996110439301
1371645279.43
0.0998690128326
1371645279.53
0.100106954575
1371645279.63
0.0999019145966
1371645279.73
0.100999116898
1371645279.83
0.0994460582733
1371645279.93
0.100009918213
1371645280.03
0.100053071976
1371645280.13
0.0993278026581
1371645280.23
0.100148200989
1371645280.33
0.100023984909
1371645280.43
0.0999200344086
1371645280.53
0.101173877716
1371645280.63
0.0998420715332
1371645280.73
0.100292921066
1371645280.83
0.0999500751495
1371645280.93
0.099781036377
1371645281.03
0.100260972977
1371645281.13
0.0999979972839
1371645281.23
0.10061788559
1371645281.33
0.0994131565094
1371645281.43
0.0996909141541
1371645281.53
0.100379943848
1371645281.78
0.2485871315
1371645281.78
0.000223875045776
1371645281.83
0.0523979663849
1371645281.93
0.100789070129
1371645282.03
0.098906993866
1371645282.13
0.100182056427
1371645282.23
0.0991189479828
1371645282.33
0.0998039245605
1371645282.43
0.100327014923
1371645282.53
0.0989241600037
1371645282.63
0.100657939911
1371645282.73
0.100086927414
1371645282.83
0.100958108902
1371645282.93
0.101436853409
1371645283.03
0.0998170375824
1371645283.13
0.0997109413147
1371645283.23
0.100558996201
1371645283.33
0.0986301898956
1371645283.43
0.101784944534
1371645283.53
0.0983419418335
1371645283.63
0.100425958633
1371645283.92
0.285462141037
1371645283.92
0.00108480453491
1371645283.93
0.0136620998383
1371645284.03
0.099543094635
1371645284.13
0.100219011307
1371645284.23
0.0990669727325
1371645284.33
0.101397037506
1371645284.43
0.101372003555
1371645284.53
0.0979678630829
1371645284.63
0.099524974823
1371645284.73
0.100157976151
1371645284.83
0.0993971824646
1371645284.93
0.100322961807
1371645285.03
0.10027384758
1371645285.13
0.0998651981354
1371645285.24
0.105129957199
1371645285.33
0.0955648422241
1371645285.43
0.099906206131
1371645285.53
0.101114988327
1371645285.63
0.0989308357239
1371645285.73
0.100059986115
1371645285.83
0.100414037704
1371645285.93
0.100167989731
1371645286.03
0.101737976074
1371645286.13
0.0975520610809
1371645286.23
0.100349903107
1371645286.33
0.100072145462
1371645286.43
0.0997948646545
1371645286.53
0.100526094437
1371645286.63
0.10182595253
1371645286.73
0.0977909564972
1371645286.83
0.0998251438141
1371645286.93
0.100869894028
1371645287.03
0.0995371341705
1371645287.13
0.100744009018
1371645287.23
0.0989899635315
1371645287.33
0.0998058319092
1371645287.43
0.0999472141266
1371645287.53
0.100332975388
1371645287.63
0.0999388694763
1371645287.73
0.101505994797
1371645287.98
0.24723815918
1371645287.98
1.69277191162e-05
1371645288.03
0.0520849227905
1371645288.13
0.100186109543
1371645288.23
0.10023188591
1371645288.33
0.0997431278229
1371645288.43
0.0996420383453
1371645288.53
0.100394964218
1371645288.63
0.101106882095
1371645288.73
0.0994009971619
1371645288.83
0.099552154541
1371645288.93
0.0999109745026
1371645289.03
0.101099967957
1371645289.13
0.0990178585052
1371645289.24
0.103151082993
1371645289.33
0.0975139141083
1371645289.6
0.269061088562
1371645289.61
0.00540995597839
1371645289.63
0.024610042572
1371645289.73
0.101460933685
1371645289.83
0.0990960597992
1371645289.93
0.0997679233551
1371645290.03
0.100958108902
1371645290.13
0.0994670391083
1371645290.23
0.0990788936615
1371645290.33
0.0999810695648
1371645290.43
0.102021932602
1371645290.53
0.0996780395508
1371645290.64
0.100950956345
1371645290.74
0.101627111435
1371645290.83
0.0971360206604
1371645290.93
0.0999348163605
1371645291.03
0.100504159927
1371645291.13
0.0996708869934
1371645291.23
0.100165128708
1371645291.33
0.099967956543
1371645291.43
0.0993800163269
1371645291.53
0.100358963013
1371645291.63
0.0997850894928
1371645291.73
0.100101947784
1371645291.83
0.099613904953
1371645291.94
0.109214067459
1371645292.03
0.0909969806671
1371645292.13
0.0999889373779
1371645292.23
0.100275039673
1371645292.33
0.0997269153595
1371645292.43
0.0999221801758
1371645292.53
0.100422859192
1371645292.63
0.0994470119476
1371645292.73
0.100620985031
1371645292.83
0.100301027298
1371645292.93
0.0992600917816
1371645293.04
0.101238965988
1371645293.14
0.100432872772
1371645293.23
0.0993361473083
1371645293.34
0.100455999374
1371645293.44
0.0996849536896
1371645293.53
0.0997219085693
1371645293.78
0.245445013046
1371645293.78
0.00120615959167
1371645293.83
0.0531778335571
1371645293.94
0.100792169571
1371645294.04
0.0997629165649
1371645294.14
0.100887060165
1371645294.24
0.0990340709686
1371645294.34
0.0999779701233
1371645294.44
0.0999269485474
1371645294.54
0.100287914276
1371645294.64
0.100234031677
1371645294.74
0.0999269485474
1371645294.84
0.100161075592
1371645294.94
0.100713014603
1371645295.04
0.0991930961609
1371645295.14
0.101280927658
1371645295.24
0.0986769199371
1371645295.34
0.100142002106
1371645295.44
0.101469039917
1371645295.54
0.101382017136
1371645295.64
0.0987799167633
1371645295.92
0.285067081451
1371645295.92
7.48634338379e-05
1371645295.94
0.0155382156372
1371645296.04
0.0986039638519
1371645296.14
0.099681854248
1371645296.24
0.100202083588
1371645296.34
0.100476980209
1371645296.44
0.100162029266
1371645296.54
0.0987439155579
1371645296.64
0.100399971008
1371645296.74
0.100315093994
1371645296.84
0.0995390415192
1371645296.94
0.0995469093323
1371645297.04
0.101484060287
1371645297.14
0.0988628864288
1371645297.24
0.100291013718
1371645297.34
0.100533008575
1371645297.44
0.0993340015411
1371645297.54
0.100442171097
1371645297.64
0.101027011871
1371645297.74
0.0988049507141
1371645297.84
0.101202964783
1371645297.94
0.0996189117432
1371645298.04
0.0997359752655
1371645298.14
0.10066318512
1371645298.24
0.0991969108582
1371645298.34
0.100474119186
1371645298.44
0.100175857544
1371645298.54
0.099534034729
1371645298.64
0.101608037949
1371645298.74
0.0986359119415
1371645298.84
0.100368976593
1371645298.94
0.100226163864
1371645299.04
0.0996499061584
1371645299.14
0.100848913193
1371645299.24
0.098925113678
1371645299.34
0.0995099544525
1371645299.44
0.10270190239
1371645299.54
0.0982201099396
1371645299.64
0.100678920746
1371645299.74
0.0983860492706
1371645299.84
0.100609064102
1371645300.1
0.262428998947
1371645300.1
0.0022919178009
1371645300.14
0.0353190898895
1371645300.24
0.0996639728546
1371645300.34
0.0995230674744
1371645300.44
0.103821992874
1371645300.54
0.097934961319
1371645300.65
0.108618974686
1371645300.74
0.0917360782623
1371645300.84
0.0990989208221
1371645300.94
0.100493907928
1371645301.04
0.0999341011047
1371645301.14
0.10143995285
1371645301.24
0.0982670783997
1371645301.34
0.100323915482
1371645301.44
0.1004550457
1371645301.54
0.0993309020996
1371645301.64
0.0999550819397
1371645301.74
0.10013794899
1371645301.84
0.100862979889
1371645301.94
0.101670026779
1371645302.04
0.0994350910187
1371645302.32
0.283518075943
1371645302.33
0.0026547908783
1371645302.35
0.0209441184998
1371645302.44
0.0918328762054
1371645302.54
0.0994369983673
1371645302.64
0.100583076477
1371645302.74
0.0987341403961
1371645302.84
0.101188898087
1371645302.94
0.100367069244
1371645303.04
0.099946975708
1371645303.14
0.0996830463409
1371645303.24
0.100387811661
1371645303.34
0.10002207756
1371645303.44
0.0993249416351
1371645303.54
0.10059595108
1371645303.64
0.100013017654
1371645303.74
0.0995931625366
1371645303.84
0.100011825562
1371645303.94
0.100136995316
1371645304.04
0.0997090339661
1371645304.14
0.100365161896
1371645304.24
0.100051879883
1371645304.34
0.100151062012
1371645304.44
0.102356910706
1371645304.54
0.0976550579071
1371645304.64
0.0995619297028
1371645304.74
0.100486040115
1371645304.84
0.100618124008
1371645304.94
0.0990679264069
1371645305.04
0.0999979972839
1371645305.14
0.100117921829
1371645305.24
0.102417945862
1371645305.34
0.0989470481873
1371645305.44
0.100803136826
1371645305.54
0.0986878871918
1371645305.64
0.0999319553375
1371645305.74
0.10051202774
1371645305.84
0.100093126297
1371645305.94
0.100827932358
1371645306.04
0.0990629196167
1371645306.14
0.100131988525
1371645306.24
0.0995001792908
1371645306.34
0.100229024887
1371645306.61
0.268058776855
1371645306.61
3.21865081787e-05
1371645306.64
0.0313658714294
1371645306.74
0.100511074066
1371645306.84
0.10350894928
1371645306.94
0.096419095993
1371645307.04
0.10019493103
1371645307.14
0.0993719100952
1371645307.24
0.100534200668
1371645307.34
0.100164890289
1371645307.44
0.0996448993683
1371645307.54
0.0998651981354
1371645307.64
0.101522922516
1371645307.74
0.0987989902496
1371645307.87
0.124917984009
1371645308.18
0.317146062851
1371645308.18
0.00164794921875
1371645308.18
0.000494956970215
1371645308.24
0.0580921173096
1371645308.34
0.0985360145569
1371645308.44
0.100389957428
1371645308.54
0.0997710227966
1371645308.64
0.0998899936676
1371645308.74
0.100344896317
1371645308.84
0.0995359420776
1371645308.94
0.100148200989
1371645309.04
0.100835800171
1371645309.14
0.0987432003021
1371645309.24
0.102677822113
1371645309.34
0.0973341464996
1371645309.44
0.10010099411
1371645309.54
0.100143909454
1371645309.64
0.0998659133911
1371645309.74
0.10004401207
1371645309.84
0.100433111191
1371645309.94
0.0997259616852
1371645310.04
0.100562095642
1371645310.14
0.0992338657379
1371645310.24
0.0999491214752
1371645310.34
0.101201057434
1371645310.44
0.10012793541
1371645310.54
0.100211858749
1371645310.64
0.0999290943146
1371645310.74
0.10124707222
1371645310.84
0.101202011108
1371645310.94
0.0973119735718
1371645311.04
0.100150823593
1371645311.14
0.10121011734
1371645311.24
0.0987169742584
1371645311.34
0.1001060009
1371645311.44
0.101203918457
1371645311.54
0.0987620353699
1371645311.64
0.099406003952
1371645311.74
0.100612163544
1371645311.84
0.0994169712067
1371645311.94
0.10057592392
1371645312.04
0.0997030735016
1371645312.14
0.100515842438
1371645312.41
0.26355099678
1371645312.41
1.50203704834e-05
1371645312.44
0.0359899997711
1371645312.54
0.100057125092
1371645312.64
0.100348949432
1371645312.74
0.100687026978
1371645312.85
0.101958990097
1371645312.94
0.0993030071259
1371645313.04
0.0990519523621
1371645313.29
0.250813961029
1371645313.29
6.00814819336e-05
1371645313.34
0.0495100021362
1371645313.44
0.100512981415
1371645313.54
0.0989210605621
1371645313.64
0.100066900253
1371645313.74
0.0998289585114
1371645313.84
0.100224971771
1371645313.94
0.100068092346
1371645314.04
0.100831985474
1371645314.14
0.10003900528
1371645314.24
0.0987429618835
1371645314.34
0.100237131119
1371645314.44
0.0995509624481
1371645314.54
0.100492954254
1371645314.64
0.100520133972
1371645314.74
0.100583791733
1371645314.84
0.0985651016235
1371645314.94
0.0999550819397
1371645315.04
0.100522994995
1371645315.14
0.0991928577423
1371645315.24
0.10044503212
1371645315.34
0.10063290596
1371645315.45
0.101508140564
1371645315.54
0.098620891571
1371645315.64
0.100291967392
1371645315.74
0.0997982025146
1371645315.84
0.100168943405
1371645315.95
0.102324008942
1371645316.14
0.19756603241
1371645316.24
0.100615978241
1371645316.34
0.0992829799652
1371645316.45
0.101069927216
1371645316.54
0.099415063858
1371645316.64
0.0996868610382
1371645316.74
0.0996401309967
1371645316.84
0.100754022598
1371645316.94
0.100374937057
1371645317.04
0.09974193573
1371645317.14
0.0994122028351
1371645317.41
0.261934995651
1371645317.41
1.28746032715e-05
1371645317.44
0.0381240844727
1371645317.54
0.0997450351715
1371645317.64
0.100437879562
1371645317.75
0.100698947906
1371645317.85
0.0999810695648
1371645317.95
0.102818012238
1371645318.05
0.0973560810089
1371645318.15
0.100940942764
1371645318.25
0.101347923279
1371645318.35
0.0977699756622
1371645318.45
0.101212024689
1371645318.55
0.0989780426025
1371645318.65
0.0997719764709
1371645318.75
0.100336074829
1371645318.85
0.0999279022217
1371645318.95
0.101218938828
1371645319.05
0.0990250110626
1371645319.15
0.0999200344086
1371645319.26
0.111263990402
1371645319.56
0.301594018936
1371645319.56
0.00481200218201
1371645319.56
1.50203704834e-05
1371645319.65
0.0851540565491
1371645319.74
0.0963759422302
1371645319.85
0.10012793541
1371645319.95
0.100381135941
1371645320.05
0.100340843201
1371645320.15
0.101218223572
1371645320.25
0.101725816727
1371645320.35
0.0980019569397
1371645320.45
0.100045204163
1371645320.55
0.0995938777924
1371645320.65
0.100661039352
1371645320.75
0.0999200344086
1371645320.85
0.0990719795227
1371645320.95
0.10009598732
1371645321.05
0.100462913513
1371645321.15
0.0993721485138
1371645321.25
0.0999808311462
1371645321.35
0.100739002228
1371645321.45
0.100104093552
1371645321.55
0.100075006485
1371645321.65
0.0988190174103
1371645321.75
0.101155042648
1371645321.85
0.0997648239136
1371645321.95
0.0992391109467
1371645322.05
0.100666046143
1371645322.15
0.100873947144
1371645322.25
0.0992980003357
1371645322.35
0.0998289585114
1371645322.45
0.10001206398
1371645322.55
0.100136041641
1371645322.65
0.100265979767
1371645322.75
0.100275039673
1371645322.85
0.100740909576
1371645322.95
0.0991449356079
1371645323.05
0.101008176804
1371645323.15
0.0988948345184
1371645323.25
0.100136995316
1371645323.35
0.100872993469
1371645323.45
0.0994601249695
1371645323.55
0.0996699333191
1371645323.81
0.267835140228
1371645323.82
0.00317597389221
1371645323.85
0.0291028022766
1371645323.95
0.101329088211
1371645324.05
0.0985441207886
1371645324.15
0.100173950195
1371645324.25
0.0997679233551
1371645324.35
0.102971076965
1371645324.45
0.0998759269714
1371645324.55
0.0982580184937
1371645324.65
0.0997540950775
1371645324.75
0.0999398231506
1371645324.85
0.100097179413
1371645324.95
0.0996239185333
1371645325.05
0.0996799468994
1371645325.15
0.100149154663
1371645325.25
0.101633787155
1371645325.35
0.100001096725
1371645325.45
0.09956407547
1371645325.55
0.0994029045105
1371645325.65
0.100332021713
1371645325.75
0.100086927414
1371645326.04
0.29288816452
1371645326.04
0.00313591957092
1371645326.05
0.0040500164032
1371645326.15
0.100161075592
1371645326.26
0.107376813889
1371645326.35
0.0926251411438
1371645326.45
0.100855827332
1371645326.55
0.0991520881653
1371645326.65
0.0996270179749
1371645326.75
0.0998840332031
1371645326.85
0.100787878036
1371645326.95
0.0994870662689
1371645327.05
0.0999419689178
1371645327.15
0.0994441509247
1371645327.25
0.100445985794
1371645327.35
0.100086927414
1371645327.45
0.0999460220337
1371645327.55
0.0998740196228
1371645327.65
0.100157022476
1371645327.75
0.100383996964
1371645327.85
0.101199865341
1371645327.95
0.0991780757904
1371645328.05
0.103885889053
1371645328.15
0.0963070392609
1371645328.25
0.0997040271759
1371645328.35
0.10013794899
1371645328.45
0.100354194641
1371645328.55
0.0996718406677
1371645328.65
0.100218057632
1371645328.75
0.099860906601
1371645328.85
0.0998320579529
1371645328.95
0.100211143494
1371645329.05
0.0997788906097
1371645329.15
0.100636959076
1371645329.25
0.0996079444885
1371645329.35
0.100867033005
1371645329.45
0.0992619991302
1371645329.55
0.101291179657
1371645329.65
0.09854388237
1371645329.75
0.100385904312
1371645329.85
0.0998420715332
1371645329.95
0.100033998489
1371645330.22
0.274590015411
1371645330.23
0.00351309776306
1371645330.25
0.0237898826599
1371645330.35
0.0986959934235
1371645330.45
0.100358963013
1371645330.55
0.099757194519
1371645330.65
0.0999789237976
1371645330.75
0.100044965744
1371645330.85
0.0999660491943
1371645330.95
0.100311040878
1371645331.05
0.100574016571
1371645331.15
0.0992319583893
1371645331.25
0.100351810455
1371645331.35
0.0998330116272
1371645331.45
0.0995271205902
1371645331.55
0.100235939026
1371645331.65
0.100229024887
1371645331.75
0.0999889373779
1371645331.85
0.0998690128326
1371645331.95
0.0999071598053
1371645332.05
0.100871801376
1371645332.15
0.09943318367
1371645332.25
0.100286960602
1371645332.51
0.259574890137
1371645332.51
0.00341701507568
1371645332.55
0.0386130809784
1371645332.65
0.0989799499512
1371645332.75
0.0997960567474
1371645332.85
0.0996160507202
1371645332.95
0.100457906723
1371645333.05
0.101385116577
1371645333.15
0.0988459587097
1371645333.25
0.100324869156
1371645333.35
0.100243091583
1371645333.45
0.0999538898468
1371645333.55
0.0993809700012
1371645333.65
0.0997362136841
1371645333.75
0.0998258590698
1371645333.85
0.10045003891
1371645333.95
0.100210905075
1371645334.05
0.100800037384
1371645334.15
0.0994169712067
1371645334.25
0.0992131233215
1371645334.35
0.100441932678
1371645334.45
0.0999500751495
1371645334.55
0.0997128486633
1371645334.65
0.100863218307
1371645334.75
0.0992999076843
1371645334.85
0.100045919418
1371645334.95
0.100030183792
1371645335.05
0.0995907783508
1371645335.15
0.101091146469
1371645335.25
0.0997459888458
1371645335.35
0.100328922272
1371645335.45
0.100988149643
1371645335.55
0.0989007949829
1371645335.65
0.101028203964
1371645335.75
0.100000858307
1371645335.85
0.0992560386658
1371645335.95
0.100004911423
1371645336.05
0.10037112236
1371645336.15
0.0993900299072
1371645336.26
0.102993965149
1371645336.36
0.100377082825
1371645336.6
0.241886854172
1371645336.6
0.00222015380859
1371645336.65
0.0525968074799
1371645336.75
0.10041308403
1371645336.85
0.0997090339661
1371645336.95
0.0999388694763
1371645337.05
0.100103139877
1371645337.15
0.100568056107
1371645337.25
0.0997447967529
1371645337.35
0.100020170212
1371645337.45
0.0994198322296
1371645337.55
0.100954055786
1371645337.66
0.10332608223
1371645337.75
0.0968019962311
1371645337.86
0.103021860123
1371645337.95
0.0971701145172
1371645338.05
0.100285053253
1371645338.15
0.0995750427246
1371645338.25
0.099946975708
1371645338.36
0.102634906769
1371645338.67
0.315751075745
1371645338.67
0.00220584869385
1371645338.67
1.59740447998e-05
1371645338.75
0.079124212265
1371645338.85
0.100740909576
1371645338.95
0.100827932358
1371645339.05
0.0983259677887
1371645339.15
0.100825071335
1371645339.25
0.099102973938
1371645339.35
0.100449085236
1371645339.45
0.100710868835
1371645339.55
0.0991921424866
1371645339.65
0.100530862808
1371645339.75
0.0998339653015
1371645339.85
0.0998721122742
1371645339.96
0.101816892624
1371645340.05
0.0985431671143
1371645340.15
0.100544929504
1371645340.25
0.0999810695648
1371645340.35
0.100059986115
1371645340.45
0.0997178554535
1371645340.55
0.1002202034
1371645340.65
0.100594997406
1371645340.76
0.100754976273
1371645340.86
0.102784872055
1371645340.95
0.0956521034241
1371645341.06
0.101008892059
1371645341.16
0.101612091064
1371645341.25
0.0972459316254
1371645341.35
0.100284099579
1371645341.45
0.100697994232
1371645341.55
0.0991630554199
1371645341.65
0.100285768509
1371645341.75
0.1003241539
1371645341.85
0.100276947021
1371645341.96
0.10079407692
1371645342.05
0.0984928607941
1371645342.15
0.10072517395
1371645342.25
0.0998919010162
1371645342.35
0.099142074585
1371645342.46
0.101274967194
1371645342.55
0.099102973938
1371645342.85
0.291837930679
1371645342.85
0.00363802909851
1371645342.86
0.0059859752655
1371645342.96
0.0993671417236
1371645343.06
0.10017490387
1371645343.16
0.101327896118
1371645343.26
0.0983052253723
1371645343.36
0.100220918655
1371645343.46
0.100275993347
1371645343.56
0.0995988845825
1371645343.66
0.100431203842
1371645343.76
0.0999739170074
1371645343.86
0.100569009781
1371645343.96
0.0992209911346
1371645344.06
0.0999920368195
1371645344.16
0.101121902466
1371645344.26
0.0992319583893
1371645344.36
0.0996670722961
1371645344.46
0.100435018539
1371645344.56
0.0994520187378
1371645344.66
0.100206851959
1371645344.77
0.112500190735
1371645345.07
0.305780887604
1371645345.08
0.00201797485352
1371645345.08
1.4066696167e-05
1371645345.16
0.0809199810028
1371645345.26
0.099967956543
1371645345.36
0.100129127502
1371645345.46
0.0997099876404
1371645345.56
0.0996630191803
1371645345.66
0.100060939789
1371645345.76
0.100763082504
1371645345.86
0.099583864212
1371645345.96
0.100727081299
1371645346.06
0.0989019870758
1371645346.16
0.100246906281
1371645346.26
0.100067138672
1371645346.36
0.0993328094482
1371645346.46
0.101725101471
1371645346.56
0.0994110107422
1371645346.66
0.0998570919037
1371645346.76
0.0997819900513
1371645346.86
0.0999479293823
1371645346.96
0.0997290611267
1371645347.06
0.100732803345
1371645347.16
0.100046157837
1371645347.26
0.103039979935
1371645347.36
0.0959620475769
1371645347.46
0.0998568534851
1371645347.56
0.100669145584
1371645347.66
0.0998799800873
1371645347.76
0.101212024689
1371645347.86
0.0997660160065
1371645347.96
0.099916934967
1371645348.06
0.0998668670654
1371645348.16
0.100215196609
1371645348.26
0.0998859405518
1371645348.36
0.0999279022217
1371645348.46
0.104254961014
1371645348.56
0.0973711013794
1371645348.66
0.0990469455719
1371645348.76
0.0992319583893
1371645348.86
0.100723028183
1371645348.96
0.0997531414032
1371645349.06
0.0993750095367
1371645349.31
0.256188869476
1371645349.32
0.00320911407471
1371645349.36
0.0411908626556
1371645349.46
0.100241184235
1371645349.56
0.099672794342
1371645349.66
0.100670099258
1371645349.76
0.0993440151215
1371645349.86
0.100696086884
1371645349.96
0.0988938808441
1371645350.06
0.0989780426025
1371645350.16
0.101866006851
1371645350.26
0.101593017578
1371645350.36
0.098757982254
1371645350.46
0.10054898262
1371645350.56
0.0999600887299
1371645350.66
0.102509975433
1371645350.76
0.0972559452057
1371645351.04
0.277262926102
1371645351.04
0.00832796096802
1371645351.06
0.0139760971069
1371645351.16
0.0996980667114
1371645351.26
0.100543022156
1371645351.36
0.100297927856
1371645351.46
0.0999300479889
1371645351.56
0.0998089313507
1371645351.66
0.0996789932251
1371645351.76
0.10040307045
1371645351.86
0.101145029068
1371645351.96
0.0982148647308
1371645352.06
0.101040124893
1371645352.16
0.0997829437256
1371645352.26
0.0995099544525
1371645352.36
0.100076913834
1371645352.46
0.0997321605682
1371645352.56
0.100741863251
1371645352.66
0.101871967316
1371645352.76
0.0984921455383
1371645352.86
0.100836038589
1371645352.96
0.0991678237915
1371645353.06
0.0994369983673
1371645353.16
0.103264093399
1371645353.26
0.0978031158447
1371645353.36
0.0996890068054
1371645353.46
0.0997939109802
1371645353.56
0.100081920624
1371645353.66
0.0998811721802
1371645353.76
0.100318908691
1371645353.86
0.0997219085693
1371645353.96
0.101147174835
1371645354.06
0.0992109775543
1371645354.16
0.0999238491058
1371645354.26
0.100145101547
1371645354.36
0.0997428894043
1371645354.46
0.100928068161
1371645354.56
0.0986831188202
1371645354.66
0.100564956665
1371645354.76
0.100009918213
1371645354.86
0.0999419689178
1371645354.96
0.100263118744
1371645355.06
0.10018992424
1371645355.31
0.246175050735
1371645355.31
1.59740447998e-05
1371645355.36
0.0549628734589
1371645355.46
0.0991871356964
1371645355.56
0.102379083633
1371645355.66
0.0978488922119
1371645355.76
0.0998449325562
1371645355.86
0.102427959442
1371645355.96
0.0975520610809
1371645356.06
0.100254058838
1371645356.16
0.100542068481
1371645356.26
0.0998678207397
1371645356.36
0.0994231700897
1371645356.46
0.099996805191
1371645356.56
0.1003241539
1371645356.66
0.0996999740601
1371645356.76
0.100650072098
1371645356.86
0.0993268489838
1371645356.96
0.0999031066895
1371645357.06
0.100961923599
1371645357.16
0.100561141968
1371645357.26
0.0994138717651
1371645357.36
0.0990810394287
1371645357.64
0.276838064194
1371645357.64
0.0022668838501
1371645357.66
0.0223350524902
1371645357.76
0.0993258953094
1371645357.86
0.102650165558
1371645357.96
0.09778881073
1371645358.06
0.10126709938
1371645358.16
0.0985851287842
1371645358.26
0.101218938828
1371645358.36
0.0998270511627
1371645358.46
0.101506948471
1371645358.56
0.0980439186096
1371645358.66
0.0995891094208
1371645358.76
0.100535869598
1371645358.86
0.0994160175323
1371645358.96
0.100215911865
1371645359.06
0.0998530387878
1371645359.16
0.0994889736176
1371645359.26
0.100113153458
1371645359.36
0.102351903915
1371645359.46
0.0976450443268
1371645359.56
0.100466012955
1371645359.66
0.0995540618896
1371645359.76
0.09983086586
1371645359.86
0.100258111954
1371645359.96
0.099809885025
1371645360.06
0.101547002792
1371645360.16
0.0995121002197
1371645360.26
0.100759983063
1371645360.36
0.0993819236755
1371645360.46
0.101425170898
1371645360.56
0.0984508991241
1371645360.76
0.200455904007
1371645360.86
0.0997540950775
1371645360.96
0.100219011307
1371645361.06
0.0999698638916
1371645361.16
0.0993711948395
1371645361.26
0.100311994553
1371645361.36
0.100088834763
1371645361.46
0.100151062012
1371645361.68
0.221214056015
1371645361.68
1.28746032715e-05
1371645361.76
0.0791890621185
1371645361.86
0.0998749732971
1371645361.96
0.0997049808502
1371645362.06
0.100084066391
1371645362.16
0.0994250774384
1371645362.26
0.100203990936
1371645362.36
0.0999300479889
1371645362.46
0.100457906723
1371645362.56
0.0997560024261
1371645362.66
0.100953102112
1371645362.76
0.10017490387
1371645362.86
0.0999948978424
1371645362.97
0.101808071136
1371645363.06
0.0979900360107
1371645363.16
0.100995063782
1371645363.26
0.0992839336395
1371645363.36
0.100154876709
1371645363.46
0.0995450019836
1371645363.57
0.101859092712
1371645363.9
0.337567090988
1371645363.9
5.79357147217e-05
1371645363.9
1.09672546387e-05
1371645363.96
0.0602569580078
1371645364.06
0.100862979889
1371645364.16
0.0992500782013
1371645364.26
0.100167989731
1371645364.36
0.100019931793
1371645364.46
0.100561141968
1371645364.56
0.0998678207397
1371645364.66
0.0997281074524
1371645364.76
0.100373983383
1371645364.86
0.0998289585114
1371645364.96
0.099799156189
1371645365.07
0.101784944534
1371645365.16
0.0994169712067
1371645365.27
0.10142993927
1371645365.36
0.0976340770721
1371645365.46
0.100301980972
1371645365.56
0.100183963776
1371645365.66
0.100155115128
1371645365.76
0.100291967392
1371645365.86
0.100126028061
1371645365.96
0.0994849205017
1371645366.06
0.100478887558
1371645366.16
0.099799156189
1371645366.27
0.100961923599
1371645366.36
0.0983390808105
1371645366.46
0.101130962372
1371645366.56
0.0996170043945
1371645366.66
0.100183010101
1371645366.76
0.0998630523682
1371645366.86
0.0997569561005
1371645366.97
0.100780010223
1371645367.06
0.0987679958344
1371645367.16
0.100157976151
1371645367.26
0.0998959541321
1371645367.37
0.10720705986
1371645367.46
0.0938019752502
1371645367.56
0.0995678901672
1371645367.66
0.100275993347
1371645367.77
0.100811004639
1371645367.87
0.0995349884033
1371645368.11
0.242462158203
1371645368.11
1.4066696167e-05
1371645368.17
0.0582048892975
1371645368.27
0.0998160839081
1371645368.37
0.100994825363
1371645368.47
0.0988020896912
1371645368.57
0.100364923477
1371645368.67
0.100208997726
1371645368.77
0.0992701053619
1371645368.87
0.0999388694763
1371645368.97
0.100381135941
1371645369.06
0.0990829467773
1371645369.16
0.100312948227
1371645369.27
0.10830616951
1371645369.37
0.0920388698578
1371645369.47
0.100474119186
1371645369.57
0.0995848178864
1371645369.67
0.100069046021
1371645369.77
0.0996110439301
1371645369.87
0.100282907486
1371645369.97
0.100208997726
1371645370.33
0.364286184311
1371645370.33
0.000672817230225
1371645370.33
2.121925354e-05
1371645370.37
0.0360939502716
1371645370.47
0.0995059013367
1371645370.57
0.100476026535
1371645370.67
0.0994710922241
1371645370.77
0.100193977356
1371645370.87
0.0998258590698
1371645370.97
0.100681066513
1371645371.07
0.0994620323181
1371645371.17
0.100368976593
1371645371.27
0.101298093796
1371645371.37
0.0984477996826
1371645371.47
0.0998241901398
1371645371.57
0.100831985474
1371645371.67
0.0998849868774
1371645371.77
0.0998508930206
1371645371.87
0.0995621681213
1371645371.97
0.100234985352
1371645372.07
0.099494934082
1371645372.17
0.100108861923
1371645372.27
0.100411176682
1371645372.37
0.0992658138275
1371645372.47
0.101378202438
1371645372.57
0.101583957672
1371645372.67
0.0985538959503
1371645372.77
0.101279973984
1371645372.87
0.0993530750275
1371645372.97
0.0996010303497
1371645373.07
0.0997259616852
1371645373.17
0.100089073181
1371645373.27
0.0997140407562
1371645373.37
0.100284814835
1371645373.48
0.108028173447
1371645373.57
0.0923700332642
1371645373.67
0.0991148948669
1371645373.77
0.100966930389
1371645373.87
0.0997819900513
1371645373.97
0.100164175034
1371645374.07
0.0993719100952
1371645374.17
0.0997400283813
1371645374.27
0.100229024887
1371645374.51
0.241181850433
1371645374.51
0.000429153442383
1371645374.57
0.0586359500885
1371645374.67
0.100043058395
1371645374.77
0.100128889084
1371645374.87
0.101082086563
1371645374.97
0.0987339019775
1371645375.07
0.0996930599213
1371645375.17
0.101197957993
1371645375.37
0.200309991837
1371645375.47
0.100676059723
1371645375.57
0.0992999076843
1371645375.67
0.0995371341705
1371645375.77
0.101416826248
1371645375.87
0.098580121994
1371645375.97
0.100060939789
1371645376.07
0.1000020504
1371645376.17
0.100262880325
1371645376.27
0.100529193878
1371645376.38
0.112397909164
1371645376.72
0.333961009979
1371645376.72
0.00481009483337
1371645376.72
1.00135803223e-05
1371645376.77
0.0480628013611
1371645376.87
0.100340127945
1371645376.97
0.0996069908142
1371645377.07
0.100301980972
1371645377.17
0.0997939109802
1371645377.27
0.100517988205
1371645377.37
0.0998570919037
1371645377.47
0.100450992584
1371645377.57
0.100323915482
1371645377.67
0.0998501777649
1371645377.77
0.0996658802032
1371645377.87
0.100530147552
1371645377.97
0.102026939392
1371645378.07
0.0980608463287
1371645378.17
0.099671125412
1371645378.27
0.102164983749
1371645378.37
0.0980839729309
1371645378.47
0.0999350547791
1371645378.57
0.100322961807
1371645378.67
0.0997750759125
1371645378.77
0.099534034729
1371645378.87
0.100589990616
1371645378.97
0.099399805069
1371645379.07
0.100011110306
1371645379.17
0.100219964981
1371645379.27
0.100229978561
1371645379.37
0.0997920036316
1371645379.47
0.0996761322021
1371645379.57
0.100238800049
1371645379.67
0.0997791290283
1371645379.77
0.100369930267
1371645379.87
0.10003900528
1371645379.97
0.101031064987
1371645380.07
0.10044503212
1371645380.17
0.0999579429626
1371645380.27
0.0997650623322
1371645380.37
0.0993459224701
1371645380.47
0.100414991379
1371645380.57
0.100287914276
1371645380.67
0.0996441841125
1371645380.91
0.240934848785
1371645380.91
1.21593475342e-05
1371645380.98
0.0667419433594
1371645381.07
0.0940690040588
1371645381.17
0.0983769893646
1371645381.27
0.100028038025
1371645381.37
0.100400924683
1371645381.47
0.100060939789
1371645381.57
0.0999581813812
1371645381.67
0.0989708900452
1371645381.87
0.200148105621
1371645381.97
0.0999999046326
1371645382.07
0.100107908249
1371645382.17
0.1004550457
1371645382.27
0.0997769832611
1371645382.37
0.100128173828
1371645382.47
0.0999858379364
1371645382.57
0.101123094559
1371645382.67
0.0999460220337
1371645382.8
0.12590098381
1371645382.87
0.0755620002747
1371645383.21
0.337626934052
1371645383.21
8.10623168945e-05
1371645383.21
1.69277191162e-05
1371645383.27
0.0601830482483
1371645383.37
0.0998668670654
1371645383.47
0.100458145142
1371645383.57
0.10052895546
1371645383.67
0.100343942642
1371645383.77
0.100234031677
1371645383.87
0.0988669395447
1371645383.97
0.100121021271
1371645384.07
0.099986076355
1371645384.17
0.0998001098633
1371645384.27
0.102512836456
1371645384.37
0.098030090332
1371645384.47
0.0992028713226
1371645384.57
0.100406169891
1371645384.67
0.10019493103
1371645384.77
0.100172996521
1371645384.87
0.0999140739441
1371645384.98
0.109596014023
1371645385.07
0.0921778678894
1371645385.17
0.0989770889282
1371645385.27
0.10022687912
1371645385.37
0.0997879505157
1371645385.47
0.100128173828
1371645385.57
0.100831985474
1371645385.67
0.0994238853455
1371645385.77
0.0991821289062
1371645385.87
0.100644826889
1371645385.97
0.0994679927826
1371645386.07
0.100598096848
1371645386.17
0.0997791290283
1371645386.27
0.0999279022217
1371645386.37
0.101021051407
1371645386.47
0.0985989570618
1371645386.57
0.100087881088
1371645386.67
0.100031137466
1371645386.77
0.10090303421
1371645386.88
0.109009981155
1371645386.97
0.0907909870148
1371645387.07
0.0996248722076
1371645387.29
0.221197128296
1371645387.29
0.00103688240051
1371645387.37
0.0787789821625
1371645387.47
0.0998680591583
1371645387.57
0.0997669696808
1371645387.68
0.107705116272
1371645387.77
0.0928418636322
1371645387.87
0.0999631881714
1371645387.97
0.100425958633
1371645388.07
0.0992419719696
1371645388.17
0.0999460220337
1371645388.28
0.102537870407
1371645388.37
0.0976359844208
1371645388.47
0.0995562076569
1371645388.57
0.100466966629
1371645388.67
0.099702835083
1371645388.77
0.100407123566
1371645388.87
0.100015878677
1371645388.97
0.0997431278229
1371645389.07
0.100556850433
1371645389.21
0.135825157166
1371645389.27
0.0647618770599
1371645389.6
0.323893070221
1371645389.6
0.000971078872681
1371645389.6
1.00135803223e-05
1371645389.67
0.0741019248962
1371645389.77
0.100167989731
1371645389.87
0.0998840332031
1371645389.97
0.0997710227966
1371645390.07
0.10168504715
1371645390.18
0.100252866745
1371645390.27
0.0991830825806
1371645390.37
0.100471019745
1371645390.47
0.0999948978424
1371645390.58
0.100892066956
1371645390.67
0.0991859436035
1371645390.77
0.099319934845
1371645390.87
0.100810050964
1371645390.97
0.0999600887299
1371645391.07
0.0994338989258
1371645391.18
0.101320981979
1371645391.27
0.0986881256104
1371645391.38
0.100807905197
1371645391.47
0.0988221168518
1371645391.57
0.10018491745
1371645391.67
0.100255966187
1371645391.77
0.10046505928
1371645391.87
0.0999238491058
1371645391.97
0.0992522239685
1371645392.07
0.0999548435211
1371645392.17
0.100129127502
1371645392.28
0.103703022003
1371645392.37
0.096953868866
1371645392.48
0.100984096527
1371645392.58
0.0996959209442
1371645392.68
0.099592924118
1371645392.78
0.100447177887
1371645392.87
0.0995018482208
1371645392.98
0.100154161453
1371645393.08
0.101706981659
1371645393.18
0.0984079837799
1371645393.28
0.0998129844666
1371645393.38
0.10049700737
1371645393.48
0.0995600223541
1371645393.7
0.225183010101
1371645393.7
0.000170946121216
1371645393.78
0.0758118629456
1371645393.88
0.0992250442505
1371645393.98
0.099760055542
1371645394.08
0.0999639034271
1371645394.18
0.100025177002
1371645394.28
0.100301027298
1371645394.38
0.100328922272
1371645394.48
0.0996799468994
1371645394.58
0.10012793541
1371645394.68
0.099730014801
1371645394.78
0.100639104843
1371645395.1
0.320262908936
1371645395.1
0.00117516517639
1371645395.1
1.09672546387e-05
1371645395.18
0.0792088508606
1371645395.28
0.0991740226746
1371645395.38
0.100064992905
1371645395.48
0.100547075272
1371645395.58
0.100043058395
1371645395.68
0.0997860431671
1371645395.78
0.100452899933
1371645395.88
0.100112915039
1371645395.98
0.100456953049
1371645396.08
0.0987911224365
1371645396.18
0.100766897202
1371645396.28
0.0994369983673
1371645396.38
0.099799156189
1371645396.48
0.100277900696
1371645396.58
0.0996761322021
1371645396.68
0.100629806519
1371645396.78
0.100133180618
1371645396.88
0.0994880199432
1371645396.98
0.0998728275299
1371645397.08
0.100248098373
1371645397.18
0.0996680259705
1371645397.28
0.108796834946
1371645397.38
0.0911500453949
1371645397.48
0.101749181747
1371645397.58
0.0989549160004
1371645397.68
0.100908994675
1371645397.79
0.109096050262
1371645397.88
0.0912578105927
1371645397.98
0.0990550518036
1371645398.08
0.10077214241
1371645398.18
0.099310874939
1371645398.28
0.103053092957
1371645398.38
0.0969290733337
1371645398.48
0.100355863571
1371645398.58
0.104794979095
1371645398.68
0.095153093338
1371645398.78
0.0999109745026
1371645398.88
0.0999979972839
1371645398.98
0.0997290611267
1371645399.22
0.246375799179
1371645399.22
0.000342130661011
1371645399.28
0.0539748668671
1371645399.38
0.0993311405182
1371645399.48
0.100843906403
1371645399.58
0.0992741584778
1371645399.68
0.101022005081
1371645399.78
0.100117921829
1371645399.88
0.100028991699
1371645400.25
0.36662197113
1371645400.41
0.163135051727
1371645400.41
1.59740447998e-05
1371645400.41
0.00227308273315
1371645400.41
1.50203704834e-05
1371645400.48
0.0700149536133
1371645400.58
0.0975258350372
1371645400.68
0.100081205368
1371645400.78
0.100582838058
1371645400.88
0.0996761322021
1371645400.98
0.0993959903717
1371645401.08
0.10049700737
1371645401.18
0.100229978561
1371645401.28
0.101192951202
1371645401.38
0.0988230705261
1371645401.48
0.099723815918
1371645401.58
0.100472211838
1371645401.68
0.0999729633331
1371645401.78
0.0998458862305
1371645401.88
0.100186109543
1371645401.98
0.101615905762
1371645402.08
0.0986800193787
1371645402.18
0.10132598877
1371645402.28
0.0982069969177
1371645402.38
0.0996460914612
1371645402.48
0.100837945938
1371645402.58
0.100657939911
1371645402.68
0.103081941605
1371645402.78
0.0965890884399
1371645402.88
0.100744962692
1371645402.98
0.100589990616
1371645403.08
0.0985360145569
1371645403.18
0.100396156311
1371645403.28
0.099601984024
1371645403.38
0.099809885025
1371645403.48
0.100130081177
1371645403.58
0.100535869598
1371645403.68
0.100531101227
1371645403.78
0.0988230705261
1371645403.88
0.10088300705
1371645403.98
0.100333929062
1371645404.08
0.0993759632111
1371645404.18
0.0995540618896
1371645404.39
0.213773012161
1371645404.4
0.00320982933044
1371645404.48
0.0829842090607
1371645404.58
0.100353956223
1371645404.68
0.0999448299408
1371645404.78
0.100084066391
1371645404.88
0.101156949997
1371645404.98
0.0994040966034
1371645405.09
0.105011940002
1371645405.18
0.0952250957489
1371645405.28
0.0993928909302
1371645405.38
0.103213071823
1371645405.48
0.097827911377
1371645405.58
0.0990340709686
1371645405.68
0.100589036942
1371645405.78
0.0996930599213
1371645405.88
0.100121974945
1371645405.98
0.101595878601
1371645406.08
0.0991811752319
1371645406.18
0.0994827747345
1371645406.28
0.0995631217957
1371645406.64
0.360102891922
1371645406.65
0.00557398796082
1371645406.65
1.21593475342e-05
1371645406.81
0.160999059677
1371645406.81
0.00091290473938
1371645406.88
0.0734150409698
1371645406.98
0.0990419387817
1371645407.08
0.0998749732971
1371645407.18
0.100656032562
1371645407.28
0.100312948227
1371645407.38
0.100453138351
1371645407.48
0.0994369983673
1371645407.58
0.10059595108
1371645407.68
0.100169897079
1371645407.78
0.0996921062469
1371645407.88
0.0997819900513
1371645407.98
0.10060095787
1371645408.08
0.0996201038361
1371645408.18
0.103286981583
1371645408.28
0.0971539020538
1371645408.38
0.0998940467834
1371645408.48
0.099837064743
1371645408.58
0.100198030472
1371645408.68
0.100053787231
1371645408.78
0.10090303421
1371645408.88
0.0987451076508
1371645408.98
0.100045919418
1371645409.08
0.100384950638
1371645409.18
0.0995700359344
1371645409.28
0.0999341011047
1371645409.38
0.100178003311
1371645409.48
0.0997178554535
1371645409.58
0.100421190262
1371645409.68
0.0993537902832
1371645409.78
0.10026216507
1371645409.88
0.0998289585114
1371645409.98
0.101533889771
1371645410.08
0.0996961593628
1371645410.18
0.102696895599
1371645410.28
0.0975110530853
1371645410.38
0.0995850563049
1371645410.48
0.100224971771
1371645410.58
0.100300073624
1371645410.81
0.226225852966
1371645410.82
0.00645804405212
1371645410.88
0.0671761035919
1371645410.98
0.10011100769
1371645411.08
0.099907875061
1371645411.18
0.0995790958405
1371645411.28
0.100117921829
1371645411.38
0.100094079971
1371645411.49
0.106083869934
1371645411.58
0.0948760509491
1371645411.68
0.0985341072083
1371645411.78
0.100586891174
1371645411.88
0.0996530056
1371645411.98
0.100406885147
1371645412.08
0.100280046463
1371645412.18
0.0993700027466
1371645412.28
0.100583076477
1371645412.38
0.101059913635
1371645412.49
0.101768016815
1371645412.58
0.0992391109467
1371645412.68
0.0991718769073
1371645413.01
0.331001996994
1371645413.03
0.0132009983063
1371645413.03
2.09808349609e-05
1371645413.08
0.0556609630585
1371645413.18
0.099897146225
1371645413.28
0.100013971329
1371645413.38
0.0999209880829
1371645413.48
0.0997889041901
1371645413.58
0.0999281406403
1371645413.68
0.100395917892
1371645413.78
0.099189043045
1371645413.88
0.100203037262
1371645413.98
0.10039305687
1371645414.08
0.0997068881989
1371645414.18
0.0999939441681
1371645414.28
0.100583076477
1371645414.38
0.100001096725
1371645414.48
0.0998709201813
1371645414.58
0.0997800827026
1371645414.68
0.100104808807
1371645414.78
0.100540161133
1371645414.88
0.0991699695587
1371645414.98
0.101250886917
1371645415.08
0.099888086319
1371645415.18
0.100289106369
1371645415.28
0.100131988525
1371645415.38
0.0994629859924
1371645415.48
0.0995709896088
1371645415.58
0.101128816605
1371645415.7
0.11609005928
1371645415.78
0.0833940505981
1371645415.88
0.0997591018677
1371645415.98
0.10026884079
1371645416.08
0.100060939789
1371645416.18
0.100026130676
1371645416.28
0.0999109745026
1371645416.38
0.0996570587158
1371645416.48
0.100564002991
1371645416.58
0.0999698638916
1371645416.68
0.099748134613
1371645416.78
0.100488901138
1371645416.88
0.0989191532135
1371645417.13
0.246035814285
1371645417.13
0.00233602523804
1371645417.18
0.0519030094147
1371645417.28
0.100405931473
1371645417.39
0.100978136063
1371645417.49
0.0998530387878
1371645417.59
0.101153850555
1371645417.69
0.0995311737061
1371645417.79
0.0989849567413
1371645417.89
0.100574016571
1371645417.99
0.100033998489
1371645418.09
0.0999228954315
1371645418.19
0.0997290611267
1371645418.29
0.0997490882874
1371645418.39
0.103890895844
1371645418.49
0.0963289737701
1371645418.59
0.100415945053
1371645418.69
0.100126981735
1371645418.79
0.100344181061
1371645418.89
0.0992298126221
1371645418.99
0.100589036942
1371645419.09
0.100077152252
1371645419.44
0.349792003632
1371645419.44
0.00172996520996
1371645419.44
1.50203704834e-05
1371645419.58
0.142378807068
1371645419.59
0.00552821159363
1371645419.69
0.0999050140381
1371645419.79
0.101455926895
1371645419.89
0.103265047073
1371645419.99
0.0960178375244
1371645420.09
0.101703166962
1371645420.19
0.0979268550873
1371645420.29
0.101858139038
1371645420.4
0.112696886063
1371645420.49
0.0856950283051
1371645420.59
0.100143909454
1371645420.69
0.100083112717
1371645420.79
0.100326061249
1371645420.89
0.0996999740601
1371645420.99
0.0995578765869
1371645421.09
0.100452184677
1371645421.2
0.10881280899
1371645421.29
0.0913150310516
1371645421.39
0.0995619297028
1371645421.49
0.100876092911
1371645421.59
0.0990419387817
1371645421.69
0.100847005844
1371645421.79
0.100383996964
1371645421.89
0.0990941524506
1371645421.99
0.100267887115
1371645422.09
0.0996670722961
1371645422.19
0.099720954895
1371645422.29
0.100471019745
1371645422.39
0.09956407547
1371645422.49
0.102012872696
1371645422.59
0.0994141101837
1371645422.69
0.100298881531
1371645422.79
0.0992951393127
1371645422.89
0.100817918777
1371645422.99
0.0995059013367
1371645423.09
0.100968122482
1371645423.19
0.0987310409546
1371645423.29
0.100605010986
1371645423.39
0.100136041641
1371645423.59
0.200403928757
1371645423.59
0.000622987747192
1371645423.69
0.0989289283752
1371645423.79
0.0994420051575
1371645423.89
0.100641012192
1371645423.99
0.0996000766754
1371645424.09
0.100522994995
1371645424.19
0.0994729995728
1371645424.29
0.100690841675
1371645424.39
0.0993390083313
1371645424.49
0.101617097855
1371645424.59
0.0984148979187
1371645424.69
0.0998849868774
1371645424.79
0.100247144699
1371645424.89
0.101150989532
1371645424.99
0.101214885712
1371645425.09
0.0986771583557
1371645425.19
0.0999958515167
1371645425.29
0.10094499588
1371645425.39
0.101040124893
1371645425.49
0.0984840393066
1371645425.83
0.341050863266
1371645425.84
0.00788998603821
1371645425.84
9.05990600586e-06
1371645425.89
0.050313949585
1371645425.99
0.0997111797333
1371645426.09
0.100456953049
1371645426.19
0.0996630191803
1371645426.29
0.100274801254
1371645426.39
0.100091218948
1371645426.49
0.0994849205017
1371645426.59
0.100689888
1371645426.69
0.100394010544
1371645426.79
0.0992431640625
1371645426.89
0.0997488498688
1371645426.99
0.099967956543
1371645427.09
0.100404024124
1371645427.19
0.100313186646
1371645427.29
0.100835800171
1371645427.39
0.0996301174164
1371645427.49
0.101181030273
1371645427.59
0.0996890068054
1371645427.69
0.0988488197327
1371645427.79
0.100781202316
1371645427.89
0.0993068218231
1371645428.0
0.107138156891
1371645428.09
0.0931730270386
1371645428.19
0.100457906723
1371645428.29
0.101031064987
1371645428.39
0.09836602211
1371645428.49
0.100033998489
1371645428.59
0.100466966629
1371645428.69
0.099555015564
1371645428.79
0.100407838821
1371645428.89
0.100059986115
1371645428.99
0.100164175034
1371645429.09
0.102221012115
1371645429.19
0.0970959663391
1371645429.29
0.100571870804
1371645429.39
0.100564002991
1371645429.49
0.0998771190643
1371645429.59
0.0991148948669
1371645429.69
0.099650144577
1371645429.79
0.100567817688
1371645430.01
0.218485116959
1371645430.01
0.00197100639343
1371645430.1
0.0881869792938
1371645430.19
0.092236995697
1371645430.29
0.100299119949
1371645430.39
0.101870775223
1371645430.49
0.100198030472
1371645430.59
0.100589990616
1371645430.69
0.0991020202637
1371645430.79
0.101040124893
1371645430.89
0.0976829528809
1371645430.99
0.0998320579529
1371645431.09
0.101104021072
1371645431.19
0.100790023804
1371645431.3
0.106230974197
1371645431.39
0.0948259830475
1371645431.49
0.0965168476105
1371645431.59
0.103332042694
1371645431.69
0.0990951061249
1371645431.79
0.0981240272522
1371645431.89
0.100631952286
1371645432.23
0.33754992485
1371645432.23
3.81469726562e-05
1371645432.23
7.86781311035e-06
1371645432.3
0.0666089057922
1371645432.4
0.100620031357
1371645432.49
0.0955491065979
1371645432.59
0.0991079807281
1371645432.7
0.105663061142
1371645432.79
0.0957720279694
1371645432.89
0.100891828537
1371645433.0
0.101672172546
1371645433.09
0.0981829166412
1371645433.19
0.0992629528046
1371645433.29
0.101009130478
1371645433.39
0.100588798523
1371645433.49
0.100831031799
1371645433.6
0.101225137711
1371645433.69
0.0981528759003
1371645433.79
0.0981450080872
1371645433.89
0.0988750457764
1371645433.99
0.102181911469
1371645434.1
0.104214191437
1371645434.19
0.0941989421844
1371645434.3
0.103833913803
1371645434.39
0.0958480834961
1371645434.49
0.102519989014
1371645434.59
0.100655078888
1371645434.7
0.107513904572
1371645434.79
0.0910820960999
1371645434.9
0.105521917343
1371645434.99
0.0940899848938
1371645435.09
0.100322008133
1371645435.19
0.0988130569458
1371645435.29
0.101332902908
1371645435.39
0.100364923477
1371645435.49
0.0988039970398
1371645435.59
0.101050138474
1371645435.7
0.101279973984
1371645435.79
0.0972399711609
1371645435.9
0.103307962418
1371645436.0
0.101161003113
1371645436.09
0.0968351364136
1371645436.41
0.320883989334
1371645436.41
1.78813934326e-05
1371645436.41
1.00135803223e-05
1371645436.5
0.0825531482697
1371645436.59
0.0959317684174
1371645436.7
0.10466504097
1371645436.79
0.0966000556946
1371645436.89
0.0979859828949
1371645436.99
0.101613998413
1371645437.1
0.101230144501
1371645437.19
0.0972108840942
1371645437.3
0.104356050491
1371645437.39
0.0965609550476
1371645437.49
0.100249052048
1371645437.59
0.0999579429626
1371645437.69
0.101500034332
1371645437.79
0.0998289585114
1371645437.89
0.0990080833435
1371645438.0
0.10356092453
1371645438.09
0.097207069397
1371645438.2
0.101564884186
1371645438.51
0.309453964233
1371645438.51
0.00551509857178
1371645438.51
1.50203704834e-05
1371645438.6
0.0866770744324
1371645438.7
0.0988237857819
1371645438.79
0.0980060100555
1371645438.89
0.100335121155
1371645439.0
0.102470874786
1371645439.1
0.0979762077332
1371645439.19
0.0984468460083
1371645439.29
0.100948095322
1371645439.39
0.098620891571
1371645439.5
0.104514122009
1371645439.59
0.0960550308228
1371645439.69
0.100653886795
1371645439.8
0.105746984482
1371645439.9
0.0954279899597
1371645440.0
0.0998661518097
1371645440.1
0.104344844818
1371645440.19
0.0941841602325
1371645440.3
0.104052782059
1371645440.4
0.0987620353699
1371645440.49
0.0967960357666
1371645440.59
0.100283145905
1371645440.7
0.101722955704
1371645440.79
0.0982739925385
1371645440.9
0.102774858475
1371645440.99
0.0978310108185
1371645441.09
0.0999131202698
1371645441.2
0.100980043411
1371645441.29
0.0990378856659
1371645441.4
0.101881027222
1371645441.5
0.100212097168
1371645441.59
0.0973868370056
1371645441.69
0.100696086884
1371645441.8
0.101307868958
1371645441.89
0.0987122058868
1371645441.99
0.0996749401093
1371645442.1
0.100926876068
1371645442.2
0.10121011734
1371645442.31
0.116433858871
1371645442.61
0.300754070282
1371645442.62
0.00274014472961
1371645442.62
1.09672546387e-05
1371645442.7
0.0786859989166
1371645442.8
0.100028991699
1371645442.9
0.104233980179
1371645443.0
0.096088886261
1371645443.1
0.100141048431
1371645443.2
0.104390144348
1371645443.3
0.0963709354401
1371645443.4
0.098886013031
1371645443.5
0.0998959541321
1371645443.6
0.100867986679
1371645443.7
0.100014925003
1371645443.8
0.0992710590363
1371645443.9
0.100299119949
1371645444.0
0.0999598503113
1371645444.1
0.0998101234436
1371645444.2
0.0998349189758
1371645444.31
0.113552093506
1371645444.66
0.35330581665
1371645444.67
0.0055820941925
1371645444.67
1.28746032715e-05
1371645444.7
0.0314800739288
1371645444.8
0.0972299575806
1371645444.9
0.100352048874
1371645445.0
0.100925922394
1371645445.1
0.0999310016632
1371645445.2
0.10068321228
1371645445.3
0.098415851593
1371645445.4
0.0995049476624
1371645445.5
0.0997581481934
1371645445.6
0.10063290596
1371645445.7
0.0994141101837
1371645445.8
0.101569890976
1371645445.9
0.0992181301117
1371645446.0
0.0996918678284
1371645446.1
0.0995359420776
1371645446.21
0.110586166382
1371645446.3
0.0909609794617
1371645446.4
0.099643945694
1371645446.5
0.0989940166473
1371645446.6
0.101670980453
1371645446.71
0.108304977417
1371645446.8
0.0904240608215
1371645446.91
0.108985900879
1371645447.0
0.0925099849701
1371645447.1
0.0983591079712
1371645447.2
0.100831031799
1371645447.3
0.10015296936
1371645447.4
0.102931976318
1371645447.5
0.0969040393829
1371645447.6
0.0994720458984
1371645447.7
0.10134100914
1371645447.8
0.0993208885193
1371645447.9
0.099967956543
1371645448.0
0.100515127182
1371645448.1
0.0997350215912
1371645448.2
0.10019993782
1371645448.3
0.100540876389
1371645448.4
0.0997171401978
1371645448.5
0.0996098518372
1371645448.79
0.295792102814
1371645448.8
0.00313210487366
1371645448.8
0.00147080421448
1371645448.9
0.102921009064
1371645449.0
0.0960590839386
1371645449.1
0.100091934204
1371645449.2
0.100855112076
1371645449.3
0.0992279052734
1371645449.4
0.102540969849
1371645449.5
0.100995063782
1371645449.6
0.096971988678
1371645449.7
0.099730014801
1371645449.8
0.100320100784
1371645449.9
0.0999598503113
1371645450.0
0.100886106491
1371645450.1
0.0993418693542
1371645450.2
0.100292205811
1371645450.3
0.101100921631
1371645450.4
0.0995018482208
1371645450.5
0.101502180099
1371645450.6
0.0981888771057
1371645450.7
0.099956035614
1371645451.01
0.310467004776
1371645451.01
0.0019199848175
1371645451.01
1.09672546387e-05
1371645451.1
0.0877470970154
1371645451.2
0.0994708538055
1371645451.3
0.102316141129
1371645451.4
0.0978229045868
1371645451.5
0.0998861789703
1371645451.6
0.100145816803
1371645451.7
0.0995540618896
1371645451.8
0.101977109909
1371645451.9
0.0983068943024
1371645452.0
0.0999279022217
1371645452.1
0.106168031693
1371645452.2
0.0950150489807
1371645452.3
0.100318908691
1371645452.4
0.102271080017
1371645452.5
0.0969121456146
1371645452.6
0.10063290596
1371645452.7
0.0999069213867
1371645452.8
0.100084066391
1371645452.9
0.100810050964
1371645453.0
0.0989439487457
1371645453.1
0.0999269485474
1371645453.2
0.101161003113
1371645453.3
0.0994670391083
1371645453.4
0.0996758937836
1371645453.5
0.0994780063629
1371645453.6
0.101072072983
1371645453.7
0.0996379852295
1371645453.8
0.0994000434875
1371645453.9
0.100941896439
1371645454.0
0.0985000133514
1371645454.1
0.101855039597
1371645454.2
0.0988690853119
1371645454.3
0.100368976593
1371645454.4
0.100261926651
1371645454.5
0.0991370677948
1371645454.6
0.101666927338
1371645454.7
0.100602149963
1371645454.8
0.0999448299408
1371645455.08
0.276202201843
1371645455.08
0.00231885910034
1371645455.1
0.020674943924
1371645455.2
0.104560136795
1371645455.31
0.10641002655
1371645455.4
0.088497877121
1371645455.5
0.100630998611
1371645455.6
0.103357076645
1371645455.7
0.0967969894409
1371645455.8
0.100229978561
1371645455.9
0.100249052048
1371645456.0
0.100451946259
1371645456.1
0.0987191200256
1371645456.2
0.104029893875
1371645456.3
0.0969979763031
1371645456.4
0.0990829467773
1371645456.51
0.108042955399
1371645456.6
0.0924432277679
1371645456.7
0.0997989177704
1371645456.8
0.100266933441
1371645456.9
0.0997200012207
1371645457.0
0.101134061813
1371645457.33
0.32820391655
1371645457.33
0.00356316566467
1371645457.33
1.47819519043e-05
1371645457.4
0.0677480697632
1371645457.5
0.101248025894
1371645457.6
0.0996429920197
1371645457.7
0.0993630886078
1371645457.8
0.0993499755859
1371645457.9
0.102926969528
1371645458.0
0.0982389450073
1371645458.1
0.0992150306702
1371645458.2
0.100655078888
1371645458.3
0.102483034134
1371645458.4
0.0966019630432
1371645458.5
0.100213050842
1371645458.6
0.100453853607
1371645458.7
0.0995330810547
1371645458.8
0.100646018982
1371645458.9
0.101369857788
1371645459.0
0.0991411209106
1371645459.1
0.0989379882812
1371645459.2
0.100020885468
1371645459.3
0.101058959961
1371645459.4
0.0994701385498
1371645459.5
0.0991749763489
1371645459.6
0.101183891296
1371645459.7
0.10105919838
1371645459.8
0.100067853928
1371645459.9
0.0990960597992
1371645460.0
0.0993459224701
1371645460.1
0.101588010788
1371645460.2
0.0987231731415
1371645460.31
0.104281902313
1371645460.4
0.0959959030151
1371645460.5
0.101505994797
1371645460.6
0.0994591712952
1371645460.7
0.0987439155579
1371645460.8
0.100733041763
1371645460.9
0.100810050964
1371645461.0
0.0991048812866
1371645461.1
0.100858926773
1371645461.2
0.0986411571503
1371645461.48
0.280070066452
1371645461.48
0.00175285339355
1371645461.5
0.0190200805664
1371645461.6
0.0996708869934
1371645461.7
0.100546121597
1371645461.8
0.0995588302612
1371645461.91
0.105581045151
1371645462.0
0.0942940711975
1371645462.1
0.101140975952
1371645462.2
0.100131034851
1371645462.3
0.0988540649414
1371645462.4
0.100350856781
1371645462.5
0.100558996201
1371645462.6
0.100723981857
1371645462.71
0.105550050735
1371645462.8
0.0942339897156
1371645462.9
0.0993549823761
1371645463.0
0.100113153458
1371645463.1
0.100055932999
1371645463.2
0.0997629165649
1371645463.3
0.100913047791
1371645463.4
0.100462913513
1371645463.51
0.10130906105
1371645463.88
0.370115995407
1371645463.88
0.000586986541748
1371645463.88
2.00271606445e-05
1371645463.9
0.0273299217224
1371645464.0
0.0986571311951
1371645464.11
0.104960918427
1371645464.2
0.0955150127411
1371645464.3
0.0999779701233
1371645464.4
0.0995471477509
1371645464.5
0.0996668338776
1371645464.6
0.100923061371
1371645464.7
0.10079407692
1371645464.8
0.100139856339
1371645464.9
0.100279092789
1371645465.0
0.100009918213
1371645465.1
0.0997750759125
1371645465.2
0.0997331142426
1371645465.3
0.0997169017792
1371645465.41
0.104105949402
1371645465.5
0.0962359905243
1371645465.6
0.10014796257
1371645465.7
0.0996570587158
1371645465.8
0.100013971329
1371645465.91
0.102564096451
1371645466.0
0.0974979400635
1371645466.1
0.100048065186
1371645466.21
0.102247953415
1371645466.3
0.0983281135559
1371645466.4
0.0996999740601
1371645466.51
0.103257894516
1371645466.61
0.097393989563
1371645466.7
0.0990159511566
1371645466.81
0.100792169571
1371645466.91
0.101115942001
1371645467.0
0.0981369018555
1371645467.11
0.101212978363
1371645467.21
0.0998961925507
1371645467.31
0.100238800049
1371645467.41
0.0999181270599
1371645467.5
0.0994138717651
1371645467.61
0.104786157608
1371645467.71
0.0955410003662
1371645468.0
0.297245025635
1371645468.01
0.0029628276825
1371645468.01
0.000733137130737
1371645468.11
0.0991449356079
1371645468.2
0.0995740890503
1371645468.31
0.100881814957
1371645468.41
0.100025177002
1371645468.51
0.099622964859
1371645468.6
0.0993368625641
1371645468.71
0.100538015366
1371645468.81
0.0998702049255
1371645468.91
0.100440979004
1371645469.01
0.0993759632111
1371645469.11
0.10148191452
1371645469.21
0.103039979935
1371645469.31
0.0956921577454
1371645469.41
0.101580858231
1371645469.51
0.0987319946289
1371645469.61
0.0997049808502
1371645469.71
0.101526021957
1371645469.81
0.100055932999
1371645469.91
0.0996870994568
1371645470.22
0.311122894287
1371645470.22
0.00291800498962
1371645470.22
1.50203704834e-05
1371645470.31
0.0852601528168
1371645470.41
0.100387811661
1371645470.51
0.0996692180634
1371645470.61
0.100534915924
1371645470.71
0.100050926208
1371645470.81
0.0999870300293
1371645470.91
0.0997729301453
1371645471.01
0.100014209747
1371645471.11
0.100116968155
1371645471.21
0.0995559692383
1371645471.31
0.100430011749
1371645471.41
0.099858045578
1371645471.51
0.100116968155
1371645471.61
0.100149869919
1371645471.71
0.0994479656219
1371645471.81
0.0999670028687
1371645471.91
0.101001024246
1371645472.01
0.0988740921021
1371645472.11
0.101634025574
1371645472.21
0.0994839668274
1371645472.31
0.100208997726
1371645472.41
0.100202083588
1371645472.51
0.100474834442
1371645472.61
0.0993621349335
1371645472.71
0.100596904755
1371645472.81
0.0990600585938
1371645472.91
0.102478027344
1371645473.01
0.0979878902435
1371645473.11
0.100206136703
1371645473.21
0.100384950638
1371645473.31
0.0997619628906
1371645473.41
0.100326061249
1371645473.51
0.0997929573059
1371645473.61
0.100279092789
1371645473.71
0.0994918346405
1371645473.81
0.0998611450195
1371645473.91
0.0996508598328
1371645474.01
0.100449085236
1371645474.11
0.100822925568
1371645474.4
0.295064926147
1371645474.4
0.000545024871826
1371645474.41
0.00285005569458
1371645474.51
0.102875947952
1371645474.61
0.0983600616455
1371645474.71
0.101401090622
1371645474.81
0.0985169410706
1371645474.91
0.100118875504
1371645475.01
0.100681066513
1371645475.11
0.0999231338501
1371645475.21
0.10026884079
1371645475.31
0.100032091141
1371645475.41
0.100243091583
1371645475.51
0.0993428230286
1371645475.61
0.0998811721802
1371645475.71
0.102994918823
1371645475.81
0.097277879715
1371645475.91
0.099326133728
1371645476.01
0.100960969925
1371645476.11
0.100442886353
1371645476.5
0.386981010437
1371645476.5
0.0069100856781
1371645476.5
1.59740447998e-05
1371645476.52
0.014447927475
1371645476.61
0.0905380249023
1371645476.71
0.0997660160065
1371645476.81
0.0998909473419
1371645476.91
0.100389003754
1371645477.01
0.10072016716
1371645477.11
0.0993819236755
1371645477.21
0.100624084473
1371645477.31
0.102432966232
1371645477.41
0.0981628894806
1371645477.51
0.0992691516876
1371645477.61
0.100453853607
1371645477.71
0.0994961261749
1371645477.81
0.10133099556
1371645477.91
0.099818944931
1371645478.01
0.0993881225586
1371645478.11
0.0999889373779
1371645478.21
0.0999720096588
1371645478.31
0.100080013275
1371645478.41
0.100211858749
1371645478.51
0.100088119507
1371645478.61
0.0993440151215
1371645478.71
0.100527048111
1371645478.81
0.0994408130646
1371645478.91
0.100322961807
1371645479.01
0.100140094757
1371645479.11
0.100515127182
1371645479.21
0.101305961609
1371645479.31
0.0983250141144
1371645479.41
0.0998840332031
1371645479.51
0.100135803223
1371645479.61
0.100154161453
1371645479.71
0.10062789917
1371645479.81
0.100456953049
1371645479.91
0.100370168686
1371645480.01
0.0991518497467
1371645480.11
0.0998840332031
1371645480.21
0.0999119281769
1371645480.31
0.0998129844666
1371645480.54
0.228288173676
1371645480.54
1.50203704834e-05
1371645480.61
0.07310795784
1371645480.71
0.101296901703
1371645480.81
0.0975229740143
1371645480.91
0.100367069244
1371645481.01
0.100514888763
1371645481.11
0.0991780757904
1371645481.21
0.0996460914612
1371645481.31
0.101779937744
1371645481.41
0.0992770195007
1371645481.51
0.0998630523682
1371645481.61
0.0997738838196
1371645481.71
0.099701166153
1371645481.81
0.0997247695923
1371645481.91
0.100740194321
1371645482.01
0.100612878799
1371645482.11
0.100461959839
1371645482.21
0.100298166275
1371645482.31
0.0988149642944
1371645482.41
0.10021686554
1371645482.52
0.104413032532
1371645482.85
0.333894968033
1371645482.85
0.000559091567993
1371645482.85
1.4066696167e-05
1371645483.04
0.184828042984
1371645483.04
0.000960826873779
1371645483.11
0.0762491226196
1371645483.21
0.0992059707642
1371645483.31
0.100193023682
1371645483.42
0.107372999191
1371645483.51
0.0922858715057
1371645483.61
0.100928068161
1371645483.71
0.0993149280548
1371645483.81
0.0997929573059
1371645483.91
0.0996940135956
1371645484.01
0.100505113602
1371645484.11
0.0995149612427
1371645484.21
0.100410938263
1371645484.31
0.0994591712952
1371645484.41
0.101042032242
1371645484.51
0.0991179943085
1371645484.61
0.10302400589
1371645484.71
0.0984709262848
1371645484.81
0.100154876709
1371645484.91
0.0994191169739
1371645485.01
0.100475072861
1371645485.11
0.0999629497528
1371645485.22
0.102835893631
1371645485.31
0.0963900089264
1371645485.41
0.0999310016632
1371645485.51
0.100031137466
1371645485.61
0.100159883499
1371645485.71
0.100933074951
1371645485.81
0.0992319583893
1371645485.91
0.101137876511
1371645486.01
0.0992071628571
1371645486.11
0.102445840836
1371645486.21
0.0973010063171
1371645486.31
0.0999851226807
1371645486.41
0.100060939789
1371645486.51
0.0998740196228
1371645486.61
0.0998589992523
1371645486.72
0.104892015457
1371645487.03
0.311331987381
1371645487.03
0.00522112846375
1371645487.03
0.000561952590942
1371645487.11
0.0796558856964
1371645487.22
0.102545976639
1371645487.31
0.0972399711609
1371645487.41
0.100419998169
1371645487.51
0.099142074585
1371645487.61
0.100258111954
1371645487.71
0.099967956543
1371645487.81
0.0999500751495
1371645487.91
0.100077867508
1371645488.01
0.101287126541
1371645488.11
0.0984258651733
1371645488.21
0.100054979324
1371645488.31
0.100394010544
1371645488.41
0.100508928299
1371645488.51
0.0997672080994
1371645488.62
0.105388879776
1371645488.71
0.0939989089966
1371645488.81
0.100377082825
1371645488.91
0.101293087006
1371645489.27
0.353540897369
1371645489.27
0.00114893913269
1371645489.27
1.81198120117e-05
1371645489.32
0.045923948288
1371645489.41
0.0991201400757
1371645489.52
0.102988004684
1371645489.61
0.0966169834137
1371645489.71
0.100544929504
1371645489.81
0.0993728637695
1371645489.91
0.099867105484
1371645490.01
0.10098695755
1371645490.12
0.10081410408
1371645490.21
0.0992300510406
1371645490.31
0.0991668701172
1371645490.41
0.100492954254
1371645490.51
0.100216150284
1371645490.61
0.0996198654175
1371645490.71
0.100420951843
1371645490.81
0.0992980003357
1371645490.91
0.10049700737
1371645491.01
0.0995581150055
1371645491.11
0.100146055222
1371645491.21
0.100013971329
1371645491.31
0.100077867508
1371645491.41
0.100056171417
1371645491.51
0.10028886795
1371645491.61
0.0993010997772
1371645491.71
0.100609064102
1371645491.81
0.0995528697968
1371645491.91
0.0998449325562
1371645492.01
0.100358009338
1371645492.12
0.101011037827
1371645492.22
0.100651979446
1371645492.32
0.0995759963989
1371645492.42
0.0999219417572
1371645492.52
0.099632024765
1371645492.62
0.100332975388
1371645492.72
0.0995411872864
1371645492.82
0.100042819977
1371645492.92
0.100713014603
1371645493.02
0.0998411178589
1371645493.12
0.0998849868774
1371645493.39
0.271157979965
1371645493.39
1.4066696167e-05
1371645493.42
0.0284550189972
1371645493.52
0.0998148918152
1371645493.62
0.100253105164
1371645493.72
0.100313901901
1371645493.81
0.0993731021881
1371645493.92
0.100764989853
1371645494.02
0.0997629165649
1371645494.12
0.0999979972839
1371645494.22
0.100359916687
1371645494.32
0.0999071598053
1371645494.42
0.100939035416
1371645494.52
0.103020906448
1371645494.62
0.0963790416718
1371645494.72
0.100367069244
1371645494.82
0.100811004639
1371645494.92
0.101376771927
1371645495.02
0.101239204407
1371645495.12
0.0965240001678
1371645495.22
0.101358890533
1371645495.32
0.104277133942
1371645495.66
0.342397928238
1371645495.67
0.00502490997314
1371645495.67
1.09672546387e-05
1371645495.84
0.173779010773
1371645495.85
0.00538516044617
1371645495.92
0.068018913269
1371645496.02
0.0999550819397
1371645496.12
0.101656913757
1371645496.22
0.0978970527649
1371645496.32
0.100797891617
1371645496.42
0.0998179912567
1371645496.52
0.0994880199432
1371645496.62
0.100450992584
1371645496.72
0.0999131202698
1371645496.82
0.0993280410767
1371645496.92
0.100369930267
1371645497.02
0.100908994675
1371645497.12
0.105999946594
1371645497.22
0.0951321125031
1371645497.32
0.099231004715
1371645497.42
0.099702835083
1371645497.52
0.101866006851
1371645497.62
0.0982141494751
1371645497.72
0.100250005722
1371645497.82
0.101594924927
1371645497.92
0.0987710952759
1371645498.02
0.0998649597168
1371645498.12
0.10183095932
1371645498.22
0.099133014679
1371645498.32
0.0990159511566
1371645498.42
0.0999550819397
1371645498.52
0.102885961533
1371645498.62
0.0964870452881
1371645498.72
0.100214004517
1371645498.82
0.101066827774
1371645498.92
0.0992469787598
1371645499.02
0.0993950366974
1371645499.12
0.100638151169
1371645499.22
0.0994539260864
1371645499.32
0.100514888763
1371645499.42
0.0997281074524
1371645499.52
0.101120948792
1371645499.78
0.260704040527
1371645499.78
0.00107407569885
1371645499.82
0.0388088226318
1371645499.92
0.0991320610046
1371645500.02
0.0999839305878
1371645500.12
0.101001024246
1371645500.22
0.0987260341644
1371645500.32
0.100782155991
1371645500.42
0.099898815155
1371645500.52
0.0995161533356
1371645500.62
0.10107088089
1371645500.72
0.100336074829
1371645500.82
0.0989348888397
1371645500.92
0.100579977036
1371645501.02
0.0998821258545
1371645501.12
0.103609085083
1371645501.52
0.400190830231
1371645501.53
0.0112509727478
1371645501.53
1.4066696167e-05
1371645501.62
0.0847630500793
1371645501.72
0.0996789932251
1371645501.82
0.0997068881989
1371645501.92
0.101632118225
1371645502.02
0.100121021271
1371645502.12
0.0996930599213
1371645502.22
0.100973844528
1371645502.32
0.0989940166473
1371645502.42
0.10000705719
1371645502.52
0.100960016251
1371645502.62
0.0994780063629
1371645502.72
0.0998010635376
1371645502.82
0.0995469093323
1371645502.92
0.100816011429
1371645503.02
0.0991358757019
1371645503.12
0.100558996201
1371645503.22
0.099328994751
1371645503.32
0.101098060608
1371645503.42
0.0989460945129
1371645503.52
0.100162029266
1371645503.62
0.0999178886414
1371645503.72
0.100489139557
1371645503.82
0.100131988525
1371645503.92
0.0999858379364
1371645504.02
0.100027084351
1371645504.12
0.0999059677124
1371645504.22
0.0997200012207
1371645504.32
0.0999710559845
1371645504.42
0.0994529724121
1371645504.52
0.1017370224
1371645504.62
0.0998139381409
1371645504.73
0.110259056091
1371645504.82
0.0894820690155
1371645505.02
0.199875831604
1371645505.12
0.100394964218
1371645505.22
0.103233098984
1371645505.32
0.0968999862671
1371645505.42
0.100506067276
1371645505.52
0.0993049144745
1371645505.72
0.201507091522
1371645505.72
0.00145697593689
1371645505.82
0.0968990325928
1371645505.92
0.100311994553
1371645506.02
0.0999579429626
1371645506.12
0.0999760627747
1371645506.22
0.0995538234711
1371645506.32
0.10077214241
1371645506.42
0.0999100208282
1371645506.52
0.100589990616
1371645506.62
0.0993349552155
1371645506.72
0.099592924118
1371645506.82
0.102964162827
1371645506.92
0.0983409881592
1371645507.02
0.0995030403137
1371645507.12
0.101531982422
1371645507.22
0.0993869304657
1371645507.33
0.104454994202
1371645507.42
0.0963299274445
1371645507.52
0.0996041297913
1371645507.86
0.338586807251
1371645507.86
0.00358700752258
1371645507.86
2.00271606445e-05
1371645507.92
0.0567491054535
1371645508.02
0.100574016571
1371645508.12
0.0994420051575
1371645508.22
0.0998928546906
1371645508.32
0.100279092789
1371645508.42
0.101740121841
1371645508.52
0.0989120006561
1371645508.62
0.0993809700012
1371645508.72
0.100023984909
1371645508.82
0.100075006485
1371645508.92
0.101265907288
1371645509.02
0.0986161231995
1371645509.12
0.099406003952
1371645509.22
0.101891994476
1371645509.32
0.101430892944
1371645509.42
0.0985510349274
1371645509.52
0.0996549129486
1371645509.62
0.099967956543
1371645509.72
0.0998270511627
1371645509.82
0.102048158646
1371645509.92
0.0983469486237
1371645510.02
0.100891828537
1371645510.12
0.0991721153259
1371645510.22
0.0994091033936
1371645510.32
0.100160837173
1371645510.42
0.100176095963
1371645510.52
0.100740909576
1371645510.62
0.0992021560669
1371645510.72
0.0996639728546
1371645510.82
0.0998749732971
1371645510.92
0.100172042847
1371645511.03
0.104185819626
1371645511.12
0.0958151817322
1371645511.22
0.10075378418
1371645511.32
0.0996720790863
1371645511.42
0.100537061691
1371645511.52
0.0998909473419
1371645511.62
0.0995581150055
1371645511.72
0.100440979004
1371645511.82
0.0992629528046
1371645511.92
0.100936889648
1371645512.02
0.0998821258545
1371645512.12
0.100388050079
1371645512.22
0.0997779369354
1371645512.32
0.100061893463
1371645512.43
0.10246515274
1371645512.52
0.097874879837
1371645512.62
0.100228071213
1371645512.72
0.100059986115
1371645512.82
0.0996298789978
1371645512.92
0.0993790626526
1371645513.02
0.100396156311
s=237.794348001
i=2371
Avg=0.1003
