1371645275.29
1371645275.76
0.471942901611
1371645275.77
0.00146412849426
1371645275.77
1.19209289551e-05
1371645275.77
7.86781311035e-06
1371645275.91
0.142032146454
1371645276.0
0.0881898403168
1371645276.09
0.0955622196198
1371645276.19
0.101254940033
1371645276.31
0.11402797699
1371645276.49
0.18443608284
1371645276.59
0.100447893143
1371645276.7
0.109091997147
1371645276.79
0.0926120281219
1371645276.89
0.0986769199371
1371645276.99
0.10104393959
1371645277.09
0.0987050533295
1371645277.19
0.100764036179
1371645277.29
0.0995969772339
1371645277.57
0.277261972427
1371645277.57
0.000223159790039
1371645277.6
0.0279428958893
1371645277.69
0.0959560871124
1371645277.79
0.0981588363647
1371645277.89
0.100159168243
1371645277.99
0.101311922073
1371645278.09
0.0978679656982
1371645278.19
0.101841926575
1371645278.29
0.101400136948
1371645278.4
0.101687908173
1371645278.49
0.0965020656586
1371645278.59
0.0982630252838
1371645278.69
0.101207017899
1371645278.79
0.101899862289
1371645278.9
0.101619005203
1371645279.0
0.100697994232
1371645279.1
0.103264093399
1371645279.19
0.093220949173
1371645279.29
0.100222110748
1371645279.4
0.102385997772
1371645279.49
0.0965678691864
1371645279.6
0.104465007782
1371645279.69
0.0965890884399
1371645279.79
0.0987050533295
1371645279.89
0.101125001907
1371645279.99
0.0989129543304
1371645280.09
0.0999929904938
1371645280.19
0.103405952454
1371645280.29
0.0979630947113
1371645280.39
0.100939035416
1371645280.49
0.0978670120239
1371645280.59
0.0999948978424
1371645280.69
0.101355075836
1371645280.79
0.0999507904053
1371645280.89
0.0985422134399
1371645280.99
0.101423978806
1371645281.09
0.101399898529
1371645281.19
0.100572109222
1371645281.3
0.100646018982
1371645281.39
0.0959179401398
1371645281.49
0.0999898910522
1371645281.78
0.287055015564
1371645281.78
0.000847101211548
1371645281.79
0.0123710632324
1371645281.89
0.099821805954
1371645281.99
0.100265026093
1371645282.09
0.100769996643
1371645282.19
0.101829051971
1371645282.29
0.0971510410309
1371645282.39
0.102243900299
1371645282.49
0.0980441570282
1371645282.59
0.101303815842
1371645282.7
0.103514194489
1371645282.79
0.0948619842529
1371645282.89
0.0999360084534
1371645282.99
0.102250814438
1371645283.09
0.100649118423
1371645283.19
0.0979628562927
1371645283.29
0.0989141464233
1371645283.39
0.0991539955139
1371645283.53
0.135678052902
1371645283.59
0.0668709278107
1371645283.9
0.309937953949
1371645283.91
0.00278306007385
1371645283.91
1.69277191162e-05
1371645283.99
0.0867359638214
1371645284.09
0.0989680290222
1371645284.19
0.102545976639
1371645284.29
0.0976870059967
1371645284.39
0.0996000766754
1371645284.49
0.101058006287
1371645284.59
0.100086927414
1371645284.69
0.101478099823
1371645284.79
0.097207069397
1371645284.89
0.100564956665
1371645284.99
0.0993900299072
1371645285.09
0.101794958115
1371645285.19
0.0991280078888
1371645285.29
0.102643013
1371645285.39
0.0973470211029
1371645285.49
0.0993988513947
1371645285.59
0.102301120758
1371645285.69
0.0982539653778
1371645285.79
0.100969076157
1371645285.89
0.100644826889
1371645285.99
0.100278139114
1371645286.09
0.0972888469696
1371645286.19
0.0993161201477
1371645286.3
0.106560945511
1371645286.41
0.110378980637
1371645286.49
0.0838191509247
1371645286.6
0.110233783722
1371645286.69
0.0897781848907
1371645286.79
0.101456880569
1371645286.89
0.0994081497192
1371645286.99
0.0996778011322
1371645287.09
0.100882053375
1371645287.19
0.101009130478
1371645287.29
0.0982348918915
1371645287.4
0.106509923935
1371645287.49
0.0940871238708
1371645287.59
0.0996549129486
1371645287.69
0.100790023804
1371645287.79
0.0991959571838
1371645287.98
0.189041137695
1371645287.99
0.0114710330963
1371645288.09
0.102361917496
1371645288.19
0.0979640483856
1371645288.29
0.098002910614
1371645288.39
0.100110054016
1371645288.49
0.103360891342
1371645288.59
0.0975830554962
1371645288.69
0.0998759269714
1371645288.79
0.0998799800873
1371645288.89
0.100177049637
1371645288.99
0.101119041443
1371645289.1
0.103614091873
1371645289.19
0.095901966095
1371645289.29
0.100198030472
1371645289.6
0.310235023499
1371645289.61
0.00589179992676
1371645289.61
1.50203704834e-05
1371645289.69
0.0844271183014
1371645289.79
0.0994770526886
1371645289.89
0.0995988845825
1371645289.99
0.0992710590363
1371645290.09
0.0995478630066
1371645290.19
0.102959156036
1371645290.29
0.0982010364532
1371645290.39
0.100796937943
1371645290.5
0.103442907333
1371645290.59
0.0959911346436
1371645290.69
0.0994579792023
1371645290.79
0.100697040558
1371645290.89
0.0982019901276
1371645290.99
0.101290941238
1371645291.09
0.100320100784
1371645291.19
0.102010965347
1371645291.3
0.100775957108
1371645291.39
0.0971908569336
1371645291.49
0.0972599983215
1371645291.59
0.101644039154
1371645291.69
0.100608110428
1371645291.79
0.101312875748
1371645291.89
0.0995211601257
1371645291.99
0.100185871124
1371645292.09
0.0985081195831
1371645292.2
0.105316877365
1371645292.29
0.0980269908905
1371645292.39
0.0990281105042
1371645292.49
0.0992538928986
1371645292.59
0.0997769832611
1371645292.69
0.0990180969238
1371645292.79
0.100015878677
1371645292.89
0.0988051891327
1371645292.99
0.102038860321
1371645293.1
0.108504056931
1371645293.19
0.0898690223694
1371645293.29
0.101222038269
1371645293.39
0.099848985672
1371645293.49
0.0993249416351
1371645293.59
0.100214958191
1371645293.78
0.189653158188
1371645293.79
0.011323928833
1371645293.89
0.0989968776703
1371645293.99
0.099986076355
1371645294.09
0.100564002991
1371645294.19
0.102319955826
1371645294.29
0.0958330631256
1371645294.4
0.109168052673
1371645294.49
0.0907249450684
1371645294.59
0.102161884308
1371645294.69
0.0985751152039
1371645294.79
0.102238893509
1371645294.89
0.0986070632935
1371645294.99
0.0993349552155
1371645295.09
0.10079407692
1371645295.19
0.10035610199
1371645295.29
0.0996308326721
1371645295.39
0.101174116135
1371645295.49
0.099259853363
1371645295.6
0.110724210739
1371645295.91
0.31058382988
1371645295.92
0.00801515579224
1371645295.92
0.000198841094971
1371645295.99
0.0714290142059
1371645296.09
0.0980291366577
1371645296.19
0.10161280632
1371645296.3
0.102283000946
1371645296.39
0.0986330509186
1371645296.49
0.0983130931854
1371645296.59
0.0995960235596
1371645296.69
0.102870941162
1371645296.79
0.0960249900818
1371645296.9
0.105705022812
1371645296.99
0.09547996521
1371645297.09
0.0996990203857
1371645297.19
0.0999319553375
1371645297.29
0.0992801189423
1371645297.39
0.103667020798
1371645297.5
0.102032899857
1371645297.59
0.0974659919739
1371645297.69
0.0985379219055
1371645297.8
0.103178024292
1371645297.89
0.0969491004944
1371645297.99
0.0987989902496
1371645298.1
0.105134010315
1371645298.19
0.0977199077606
1371645298.29
0.0973210334778
1371645298.39
0.101119995117
1371645298.49
0.099925994873
1371645298.59
0.100503921509
1371645298.69
0.098030090332
1371645298.79
0.101771116257
1371645298.89
0.100381851196
1371645298.99
0.100868940353
1371645299.09
0.096339225769
1371645299.19
0.100681781769
1371645299.29
0.101166009903
1371645299.4
0.102835178375
1371645299.5
0.0998499393463
1371645299.59
0.0966100692749
1371645299.69
0.100409984589
1371645299.79
0.0996849536896
1371645299.89
0.100636959076
1371645300.1
0.207237958908
1371645300.1
0.00203800201416
1371645300.19
0.0886580944061
1371645300.29
0.10129904747
1371645300.39
0.101425886154
1371645300.49
0.0999150276184
1371645300.59
0.100630998611
1371645300.69
0.100346088409
1371645300.79
0.0983037948608
1371645300.89
0.101185083389
1371645301.0
0.101962089539
1371645301.1
0.103799819946
1371645301.19
0.0926761627197
1371645301.29
0.0995900630951
1371645301.39
0.0997848510742
1371645301.49
0.0998661518097
1371645301.59
0.100234985352
1371645301.69
0.102465867996
1371645301.79
0.097785949707
1371645301.89
0.101770162582
1371645302.0
0.104274988174
1371645302.33
0.33033490181
1371645302.33
0.00138592720032
1371645302.33
1.31130218506e-05
1371645302.39
0.0610930919647
1371645302.49
0.103675842285
1371645302.59
0.0975821018219
1371645302.69
0.101880073547
1371645302.79
0.0965158939362
1371645302.89
0.10259103775
1371645302.99
0.0991098880768
1371645303.1
0.103418111801
1371645303.19
0.0966989994049
1371645303.29
0.101109027863
1371645303.39
0.0983419418335
1371645303.5
0.104288101196
1371645303.59
0.0960218906403
1371645303.69
0.100559949875
1371645303.79
0.0998830795288
1371645303.89
0.101032972336
1371645303.99
0.0986440181732
1371645304.09
0.0987420082092
1371645304.19
0.101400852203
1371645304.29
0.0989441871643
1371645304.39
0.100534915924
1371645304.49
0.103333950043
1371645304.59
0.0960140228271
1371645304.69
0.101405143738
1371645304.79
0.0995848178864
1371645304.89
0.100210189819
1371645304.99
0.0985808372498
1371645305.09
0.101114034653
1371645305.19
0.102292060852
1371645305.29
0.0983748435974
1371645305.39
0.100288152695
1371645305.5
0.102946043015
1371645305.59
0.0979537963867
1371645305.69
0.0969920158386
1371645305.79
0.101613998413
1371645305.91
0.116490125656
1371645305.99
0.082426071167
1371645306.09
0.100714921951
1371645306.19
0.100164890289
1371645306.29
0.100808143616
1371645306.39
0.0981030464172
1371645306.61
0.21462392807
1371645306.61
1.19209289551e-05
1371645306.69
0.0873081684113
1371645306.79
0.0983409881592
1371645306.89
0.0991809368134
1371645306.99
0.102463960648
1371645307.09
0.100282907486
1371645307.19
0.0995540618896
1371645307.29
0.100458145142
1371645307.39
0.0982449054718
1371645307.49
0.100450992584
1371645307.59
0.0994110107422
1371645307.7
0.111764907837
1371645307.79
0.0903720855713
1371645307.89
0.0985698699951
1371645308.17
0.278964042664
1371645308.18
0.0129170417786
1371645308.2
0.0137770175934
1371645308.29
0.0935349464417
1371645308.39
0.0997631549835
1371645308.49
0.10310792923
1371645308.6
0.102118968964
1371645308.7
0.0995419025421
1371645308.79
0.0965931415558
1371645308.89
0.100100040436
1371645308.99
0.101402997971
1371645309.09
0.0998229980469
1371645309.19
0.0983829498291
1371645309.29
0.0993070602417
1371645309.39
0.0999739170074
1371645309.49
0.099760055542
1371645309.59
0.101964950562
1371645309.69
0.0988368988037
1371645309.79
0.0990850925446
1371645309.89
0.100871086121
1371645309.99
0.1005859375
1371645310.09
0.100394010544
1371645310.19
0.0995199680328
1371645310.29
0.101068019867
1371645310.39
0.0989730358124
1371645310.49
0.101876974106
1371645310.59
0.0997169017792
1371645310.69
0.0977289676666
1371645310.8
0.104188203812
1371645310.89
0.0979559421539
1371645311.0
0.101438045502
1371645311.1
0.105718851089
1371645311.19
0.0922200679779
1371645311.29
0.100275039673
1371645311.4
0.102689027786
1371645311.49
0.0962510108948
1371645311.59
0.09983086586
1371645311.69
0.0992641448975
1371645311.79
0.102468013763
1371645311.9
0.104915857315
1371645311.99
0.0934000015259
1371645312.09
0.0999541282654
1371645312.4
0.307860851288
1371645312.4
0.00411510467529
1371645312.4
1.4066696167e-05
1371645312.49
0.0880599021912
1371645312.6
0.103008985519
1371645312.7
0.101547956467
1371645312.79
0.0962741374969
1371645312.9
0.109091997147
1371645312.99
0.0892148017883
1371645313.3
0.308830022812
1371645313.3
0.00202298164368
1371645313.3
1.50203704834e-05
1371645313.39
0.0884051322937
1371645313.49
0.102875947952
1371645313.59
0.0981409549713
1371645313.69
0.101042032242
1371645313.79
0.0981891155243
1371645313.89
0.10346198082
1371645313.99
0.0975079536438
1371645314.09
0.101310968399
1371645314.19
0.0980629920959
1371645314.3
0.105561971664
1371645314.39
0.096736907959
1371645314.49
0.097314119339
1371645314.59
0.10227394104
1371645314.69
0.101298093796
1371645314.79
0.0976839065552
1371645314.89
0.098904132843
1371645315.0
0.104220867157
1371645315.09
0.0972330570221
1371645315.19
0.101903915405
1371645315.29
0.100438117981
1371645315.39
0.0957930088043
1371645315.5
0.105826854706
1371645315.59
0.0968241691589
1371645315.69
0.0996119976044
1371645315.79
0.10098195076
1371645315.89
0.0985109806061
1371645315.99
0.100709915161
1371645316.19
0.197947978973
1371645316.29
0.102519035339
1371645316.39
0.0988991260529
1371645316.49
0.0994348526001
1371645316.59
0.0989789962769
1371645316.69
0.101533174515
1371645316.79
0.0986869335175
1371645316.89
0.102694034576
1371645316.99
0.10000705719
1371645317.09
0.0977108478546
1371645317.19
0.101391077042
1371645317.41
0.214905977249
1371645317.41
1.09672546387e-05
1371645317.49
0.0837121009827
1371645317.59
0.101706981659
1371645317.69
0.0993180274963
1371645317.79
0.0989060401917
1371645317.89
0.0991508960724
1371645317.99
0.102068901062
1371645318.1
0.107375144958
1371645318.19
0.0914189815521
1371645318.29
0.100102901459
1371645318.39
0.101250171661
1371645318.49
0.0983469486237
1371645318.59
0.0997469425201
1371645318.69
0.101186037064
1371645318.79
0.0996959209442
1371645318.89
0.101741075516
1371645318.99
0.0987720489502
1371645319.09
0.0994548797607
1371645319.2
0.112354040146
1371645319.56
0.354044914246
1371645319.56
0.0042610168457
1371645319.56
1.00135803223e-05
1371645319.59
0.0300540924072
1371645319.69
0.102349042892
1371645319.79
0.0967268943787
1371645319.89
0.100217103958
1371645319.99
0.0995469093323
1371645320.09
0.10018491745
1371645320.19
0.100427150726
1371645320.3
0.102998018265
1371645320.39
0.0968070030212
1371645320.49
0.101665019989
1371645320.6
0.107320785522
1371645320.69
0.0908181667328
1371645320.79
0.101232051849
1371645320.89
0.0989229679108
1371645320.99
0.0996108055115
1371645321.09
0.100787162781
1371645321.19
0.101225852966
1371645321.3
0.102850198746
1371645321.39
0.0962278842926
1371645321.49
0.0993320941925
1371645321.59
0.101790904999
1371645321.69
0.099142074585
1371645321.79
0.0990288257599
1371645321.89
0.10004401207
1371645321.99
0.0997440814972
1371645322.09
0.100297927856
1371645322.19
0.099977016449
1371645322.29
0.100005149841
1371645322.39
0.100157022476
1371645322.49
0.100204944611
1371645322.59
0.100904941559
1371645322.69
0.0993449687958
1371645322.79
0.101212024689
1371645322.89
0.0975959300995
1371645322.99
0.102140188217
1371645323.1
0.101684808731
1371645323.19
0.0967140197754
1371645323.29
0.0995969772339
1371645323.4
0.104771137238
1371645323.49
0.096116065979
1371645323.59
0.100522994995
1371645323.81
0.222046852112
1371645323.82
0.00400400161743
1371645323.89
0.0758249759674
1371645323.99
0.0967831611633
1371645324.09
0.101927995682
1371645324.19
0.0983648300171
1371645324.29
0.101300001144
1371645324.4
0.110949039459
1371645324.49
0.0905680656433
1371645324.61
0.11055803299
1371645324.69
0.085921049118
1371645324.79
0.0998368263245
1371645324.89
0.102651119232
1371645324.99
0.0974659919739
1371645325.09
0.101433992386
1371645325.19
0.0993840694427
1371645325.29
0.0994999408722
1371645325.39
0.100676059723
1371645325.5
0.109322786331
1371645325.59
0.0906929969788
1371645325.71
0.114915132523
1371645326.03
0.3255610466
1371645326.03
5.3882598877e-05
1371645326.03
1.21593475342e-05
1371645326.09
0.0584998130798
1371645326.19
0.101282119751
1371645326.29
0.098916053772
1371645326.39
0.102466821671
1371645326.49
0.0980410575867
1371645326.59
0.0996170043945
1371645326.7
0.108047962189
1371645326.79
0.0918719768524
1371645326.89
0.10001707077
1371645326.99
0.102175951004
1371645327.09
0.0999591350555
1371645327.19
0.0978260040283
1371645327.29
0.0993318557739
1371645327.39
0.101412057877
1371645327.49
0.101305961609
1371645327.59
0.100167989731
1371645327.69
0.0991621017456
1371645327.79
0.0992648601532
1371645327.89
0.10199213028
1371645328.0
0.102566957474
1371645328.09
0.094279050827
1371645328.19
0.103448867798
1371645328.29
0.0975430011749
1371645328.39
0.102779150009
1371645328.49
0.0971848964691
1371645328.6
0.104797124863
1371645328.69
0.0970799922943
1371645328.79
0.101392030716
1371645328.89
0.0959057807922
1371645328.99
0.100889205933
1371645329.09
0.10031580925
1371645329.19
0.100033998489
1371645329.29
0.0990982055664
1371645329.39
0.100005865097
1371645329.49
0.100775003433
1371645329.59
0.0996310710907
1371645329.69
0.101703882217
1371645329.79
0.0993111133575
1371645329.89
0.0983748435974
1371645329.99
0.100628137589
1371645330.22
0.23103094101
1371645330.23
0.00484800338745
1371645330.29
0.0645270347595
1371645330.39
0.100429058075
1371645330.49
0.0999798774719
1371645330.6
0.102651119232
1371645330.7
0.0999360084534
1371645330.79
0.0983090400696
1371645330.9
0.105847835541
1371645330.99
0.093985080719
1371645331.09
0.0994288921356
1371645331.19
0.0975930690765
1371645331.29
0.101824998856
1371645331.39
0.10040307045
1371645331.49
0.0993280410767
1371645331.59
0.100767850876
1371645331.69
0.0993230342865
1371645331.79
0.101912021637
1371645331.89
0.0976729393005
1371645331.99
0.101380109787
1371645332.12
0.131316900253
1371645332.2
0.0723841190338
1371645332.51
0.315081834793
1371645332.51
5.10215759277e-05
1371645332.51
1.00135803223e-05
1371645332.59
0.0806939601898
1371645332.69
0.102075099945
1371645332.79
0.0982708930969
1371645332.89
0.100114107132
1371645332.99
0.1012840271
1371645333.1
0.10463309288
1371645333.19
0.0945608615875
1371645333.29
0.098984003067
1371645333.39
0.0987689495087
1371645333.49
0.0999901294708
1371645333.6
0.10556101799
1371645333.69
0.0973358154297
1371645333.79
0.0982811450958
1371645333.89
0.0997660160065
1371645333.99
0.100481987
1371645334.09
0.101183891296
1371645334.19
0.0977439880371
1371645334.29
0.100506067276
1371645334.39
0.099424123764
1371645334.49
0.102213859558
1371645334.59
0.0974969863892
1371645334.69
0.103012084961
1371645334.79
0.0974888801575
1371645334.89
0.101312160492
1371645334.99
0.0988259315491
1371645335.09
0.102729082108
1371645335.19
0.0985817909241
1371645335.29
0.0991840362549
1371645335.39
0.102207183838
1371645335.49
0.0998759269714
1371645335.59
0.0974230766296
1371645335.69
0.100172996521
1371645335.79
0.100136995316
1371645335.89
0.101317882538
1371645335.99
0.0985181331635
1371645336.09
0.102420806885
1371645336.21
0.112382173538
1371645336.29
0.0850458145142
1371645336.4
0.104068994522
1371645336.6
0.203994035721
1371645336.6
0.00260210037231
1371645336.69
0.089870929718
1371645336.79
0.102296113968
1371645336.89
0.0996608734131
1371645336.99
0.0984201431274
1371645337.09
0.0998299121857
1371645337.19
0.102470874786
1371645337.29
0.0983481407166
1371645337.39
0.0998558998108
1371645337.5
0.102353096008
1371645337.59
0.0955500602722
1371645337.69
0.101104974747
1371645337.79
0.100544929504
1371645337.9
0.102795124054
1371645337.99
0.095577955246
1371645338.1
0.107142925262
1371645338.19
0.0940339565277
1371645338.29
0.100456953049
1371645338.4
0.104289054871
1371645338.68
0.278411149979
1371645338.68
0.000954866409302
1371645338.69
0.0149190425873
1371645338.79
0.100830078125
1371645338.9
0.106423854828
1371645338.99
0.0955741405487
1371645339.09
0.0970599651337
1371645339.2
0.106112003326
1371645339.31
0.108522891998
1371645339.39
0.0857169628143
1371645339.5
0.104859113693
1371645339.59
0.0961539745331
1371645339.69
0.0980920791626
1371645339.79
0.101125001907
1371645339.89
0.100873947144
1371645339.99
0.0986340045929
1371645340.09
0.0998229980469
1371645340.19
0.100075006485
1371645340.29
0.100071907043
1371645340.39
0.101146936417
1371645340.49
0.100791215897
1371645340.59
0.100255966187
1371645340.69
0.0995478630066
1371645340.8
0.102125167847
1371645340.89
0.0976657867432
1371645340.99
0.101125001907
1371645341.09
0.097216129303
1371645341.2
0.104943037033
1371645341.29
0.0955998897552
1371645341.4
0.103487014771
1371645341.49
0.0975060462952
1371645341.59
0.100305080414
1371645341.69
0.0984959602356
1371645341.79
0.100306034088
1371645341.89
0.101585865021
1371645341.99
0.0988280773163
1371645342.1
0.105777025223
1371645342.19
0.0970270633698
1371645342.29
0.0979018211365
1371645342.4
0.103178977966
1371645342.49
0.0978240966797
1371645342.6
0.101691007614
1371645342.85
0.254669904709
1371645342.85
0.00154113769531
1371645342.89
0.0403439998627
1371645342.99
0.0994880199432
1371645343.09
0.100745916367
1371645343.19
0.0988960266113
1371645343.29
0.103175878525
1371645343.39
0.0972051620483
1371645343.49
0.100379943848
1371645343.59
0.100272893906
1371645343.69
0.100350141525
1371645343.79
0.10006403923
1371645343.89
0.0998599529266
1371645343.99
0.0992588996887
1371645344.09
0.103188991547
1371645344.19
0.0968840122223
1371645344.29
0.100305080414
1371645344.39
0.102092027664
1371645344.49
0.0982718467712
1371645344.6
0.10618019104
1371645344.69
0.0954458713531
1371645344.79
0.0970220565796
1371645345.08
0.28512096405
1371645345.08
5.60283660889e-05
1371645345.09
0.0161700248718
1371645345.19
0.0992169380188
1371645345.3
0.103577136993
1371645345.39
0.0972099304199
1371645345.5
0.10410785675
1371645345.59
0.0954070091248
1371645345.69
0.100623130798
1371645345.79
0.100713968277
1371645345.89
0.0971829891205
1371645345.99
0.104313135147
1371645346.09
0.0970449447632
1371645346.19
0.100188016891
1371645346.29
0.100744962692
1371645346.39
0.0996148586273
1371645346.5
0.10427904129
1371645346.6
0.0998110771179
1371645346.7
0.0991790294647
1371645346.79
0.0956358909607
1371645346.89
0.1000020504
1371645346.99
0.103475093842
1371645347.1
0.10052895546
1371645347.19
0.0977129936218
1371645347.29
0.0979890823364
1371645347.39
0.100145816803
1371645347.49
0.100294113159
1371645347.59
0.0998778343201
1371645347.69
0.102372169495
1371645347.79
0.100764036179
1371645347.89
0.0963709354401
1371645347.99
0.100939035416
1371645348.09
0.100975036621
1371645348.19
0.100056886673
1371645348.29
0.0981149673462
1371645348.39
0.0998530387878
1371645348.5
0.106432914734
1371645348.59
0.0947279930115
1371645348.7
0.105164051056
1371645348.8
0.0980820655823
1371645348.89
0.0968110561371
1371645348.99
0.0992050170898
1371645349.31
0.316643953323
1371645349.31
0.00611686706543
1371645349.32
0.0025851726532
1371645349.4
0.0798938274384
1371645349.49
0.0983111858368
1371645349.59
0.0988919734955
1371645349.69
0.097589969635
1371645349.8
0.104117870331
1371645349.89
0.0972499847412
1371645349.99
0.0988790988922
1371645350.09
0.100187063217
1371645350.19
0.100528001785
1371645350.29
0.100354909897
1371645350.39
0.0996899604797
1371645350.49
0.0990731716156
1371645350.59
0.10102391243
1371645350.71
0.115545034409
1371645351.03
0.324476957321
1371645351.04
0.00382709503174
1371645351.04
1.50203704834e-05
1371645351.09
0.0567538738251
1371645351.19
0.0979290008545
1371645351.29
0.100651025772
1371645351.39
0.100925922394
1371645351.49
0.100773096085
1371645351.59
0.0989530086517
1371645351.69
0.102025032043
1371645351.8
0.102201938629
1371645351.89
0.0943748950958
1371645351.99
0.100714206696
1371645352.09
0.0998339653015
1371645352.19
0.0998468399048
1371645352.3
0.103830099106
1371645352.4
0.101933002472
1371645352.5
0.10000705719
1371645352.59
0.0955529212952
1371645352.69
0.0995950698853
1371645352.79
0.100811004639
1371645352.89
0.101387023926
1371645352.99
0.0973739624023
1371645353.09
0.100921869278
1371645353.19
0.10203909874
1371645353.3
0.101728916168
1371645353.39
0.0959041118622
1371645353.49
0.102131843567
1371645353.6
0.100568056107
1371645353.69
0.0975351333618
1371645353.79
0.0990779399872
1371645353.9
0.104807853699
1371645354.0
0.0996880531311
1371645354.09
0.0970129966736
1371645354.19
0.0985140800476
1371645354.29
0.100172042847
1371645354.39
0.100561857224
1371645354.49
0.100659132004
1371645354.59
0.0991199016571
1371645354.7
0.103511095047
1371645354.79
0.0953810214996
1371645354.89
0.102628946304
1371645354.99
0.0991718769073
1371645355.09
0.0978150367737
1371645355.3
0.211642026901
1371645355.3
1.4066696167e-05
1371645355.4
0.0950930118561
1371645355.49
0.0949120521545
1371645355.59
0.101979017258
1371645355.69
0.0974459648132
1371645355.79
0.102840900421
1371645355.89
0.0974900722504
1371645355.99
0.0988340377808
1371645356.1
0.105850934982
1371645356.19
0.0959329605103
1371645356.29
0.0992801189423
1371645356.39
0.100589990616
1371645356.49
0.100504875183
1371645356.59
0.0992350578308
1371645356.69
0.102582931519
1371645356.8
0.102411985397
1371645356.89
0.0946350097656
1371645356.99
0.0992891788483
1371645357.09
0.101137876511
1371645357.19
0.0989439487457
1371645357.29
0.101781129837
1371645357.64
0.342732906342
1371645357.64
0.00345206260681
1371645357.64
1.19209289551e-05
1371645357.69
0.0535471439362
1371645357.79
0.101275920868
1371645357.89
0.0986859798431
1371645357.99
0.102008104324
1371645358.09
0.100163936615
1371645358.19
0.0974309444427
1371645358.29
0.100811958313
1371645358.39
0.100574970245
1371645358.49
0.0977320671082
1371645358.59
0.100979089737
1371645358.69
0.100004911423
1371645358.79
0.0997850894928
1371645358.89
0.0995349884033
1371645359.0
0.103608846664
1371645359.09
0.0974271297455
1371645359.19
0.0989279747009
1371645359.29
0.10137295723
1371645359.39
0.0981121063232
1371645359.49
0.102042913437
1371645359.59
0.0996360778809
1371645359.69
0.0982959270477
1371645359.79
0.100203037262
1371645359.9
0.103837966919
1371645360.0
0.100476026535
1371645360.09
0.096687078476
1371645360.2
0.103039979935
1371645360.29
0.0967218875885
1371645360.39
0.101073026657
1371645360.49
0.0989599227905
1371645360.59
0.0987501144409
1371645360.79
0.201587915421
1371645360.89
0.10128903389
1371645360.99
0.0981891155243
1371645361.09
0.102091789246
1371645361.19
0.100542068481
1371645361.29
0.0984029769897
1371645361.4
0.103459119797
1371645361.5
0.0989780426025
1371645361.68
0.185881853104
1371645361.69
0.0101461410522
1371645361.79
0.100170850754
1371645361.89
0.102375030518
1371645361.99
0.097580909729
1371645362.09
0.100564002991
1371645362.19
0.10036110878
1371645362.29
0.101138114929
1371645362.4
0.102974891663
1371645362.49
0.0949399471283
1371645362.59
0.100932121277
1371645362.69
0.0996999740601
1371645362.79
0.0992670059204
1371645362.89
0.0994620323181
1371645362.99
0.101071834564
1371645363.09
0.101046085358
1371645363.2
0.104775905609
1371645363.29
0.0932250022888
1371645363.41
0.114636182785
1371645363.49
0.0877590179443
1371645363.6
0.103549003601
1371645363.91
0.315815925598
1371645363.92
0.00833201408386
1371645363.92
0.000169038772583
1371645363.99
0.0735290050507
1371645364.09
0.0958487987518
1371645364.19
0.100639104843
1371645364.3
0.106066942215
1371645364.39
0.0943779945374
1371645364.49
0.102646112442
1371645364.6
0.105941057205
1371645364.7
0.0954329967499
1371645364.79
0.0978558063507
1371645364.89
0.0981650352478
1371645364.99
0.0989010334015
1371645365.09
0.101001977921
1371645365.19
0.102764129639
1371645365.29
0.0979089736938
1371645365.39
0.100162982941
1371645365.49
0.100688934326
1371645365.59
0.0998101234436
1371645365.69
0.0992119312286
1371645365.79
0.100668907166
1371645365.89
0.0990450382233
1371645366.0
0.104478120804
1371645366.09
0.0949149131775
1371645366.19
0.0995199680328
1371645366.29
0.100593090057
1371645366.39
0.102707862854
1371645366.49
0.0983130931854
1371645366.59
0.0985848903656
1371645366.7
0.105633020401
1371645366.79
0.0973401069641
1371645366.89
0.0996458530426
1371645366.99
0.0976550579071
1371645367.09
0.101263999939
1371645367.2
0.103915929794
1371645367.29
0.0958080291748
1371645367.39
0.101925134659
1371645367.49
0.0969169139862
1371645367.59
0.102293014526
1371645367.69
0.0987861156464
1371645367.79
0.101848840714
1371645367.89
0.0990719795227
1371645368.1
0.211631059647
1371645368.1
1.19209289551e-05
1371645368.19
0.08869099617
1371645368.3
0.11005115509
1371645368.4
0.0929930210114
1371645368.49
0.0937948226929
1371645368.59
0.104079008102
1371645368.69
0.100142002106
1371645368.79
0.0996301174164
1371645368.89
0.0968799591064
1371645368.99
0.103486061096
1371645369.09
0.0990650653839
1371645369.19
0.0972998142242
1371645369.29
0.103738069534
1371645369.39
0.0979499816895
1371645369.49
0.0983719825745
1371645369.59
0.101582050323
1371645369.69
0.101933956146
1371645369.8
0.102240085602
1371645369.89
0.0949769020081
1371645370.01
0.118586063385
1371645370.33
0.317548036575
1371645370.33
0.00649285316467
1371645370.33
9.05990600586e-06
1371645370.4
0.0609021186829
1371645370.49
0.0954580307007
1371645370.59
0.100253820419
1371645370.69
0.100308179855
1371645370.79
0.099848985672
1371645370.89
0.100134849548
1371645370.99
0.103357076645
1371645371.09
0.0966129302979
1371645371.19
0.100652933121
1371645371.3
0.110148191452
1371645371.39
0.0896718502045
1371645371.49
0.101236104965
1371645371.59
0.101438999176
1371645371.69
0.0972349643707
1371645371.79
0.102658987045
1371645371.89
0.0987479686737
1371645371.99
0.10051202774
1371645372.09
0.0980799198151
1371645372.2
0.110020160675
1371645372.3
0.0934698581696
1371645372.39
0.0960221290588
1371645372.49
0.099732875824
1371645372.6
0.105678081512
1371645372.7
0.107677936554
1371645372.79
0.0896689891815
1371645372.89
0.098836183548
1371645372.99
0.0997078418732
1371645373.1
0.102604150772
1371645373.2
0.0999557971954
1371645373.29
0.096125125885
1371645373.39
0.0999360084534
1371645373.49
0.100363969803
1371645373.59
0.100065946579
1371645373.69
0.100172042847
1371645373.8
0.103502035141
1371645373.89
0.0984070301056
1371645374.0
0.108288049698
1371645374.1
0.0932788848877
1371645374.19
0.0967900753021
1371645374.29
0.100191831589
1371645374.51
0.222156047821
1371645374.52
0.00154113769531
1371645374.59
0.077134847641
1371645374.69
0.100238084793
1371645374.79
0.100146055222
1371645374.89
0.100286960602
1371645374.99
0.0978150367737
1371645375.09
0.099916934967
1371645375.19
0.100604057312
1371645375.4
0.208902835846
1371645375.49
0.0902750492096
1371645375.59
0.100013017654
1371645375.69
0.102899074554
1371645375.79
0.0969939231873
1371645375.89
0.101052045822
1371645375.99
0.0998239517212
1371645376.1
0.103140115738
1371645376.19
0.0982139110565
1371645376.3
0.104186058044
1371645376.4
0.0995030403137
1371645376.72
0.318279027939
1371645376.72
0.0048508644104
1371645376.72
1.59740447998e-05
1371645376.79
0.0721039772034
1371645376.89
0.0994930267334
1371645377.0
0.105975151062
1371645377.09
0.0951588153839
1371645377.19
0.100941181183
1371645377.3
0.10250878334
1371645377.4
0.100959062576
1371645377.5
0.0980479717255
1371645377.6
0.0998361110687
1371645377.7
0.102302074432
1371645377.8
0.0989198684692
1371645377.89
0.0966141223907
1371645378.0
0.103030920029
1371645378.09
0.0986840724945
1371645378.19
0.0975258350372
1371645378.3
0.10368514061
1371645378.39
0.0974860191345
1371645378.49
0.101105928421
1371645378.59
0.0979390144348
1371645378.69
0.0999798774719
1371645378.79
0.0982229709625
1371645378.89
0.101826190948
1371645378.99
0.0997450351715
1371645379.09
0.098653793335
1371645379.19
0.100512981415
1371645379.3
0.106673002243
1371645379.4
0.0971841812134
1371645379.49
0.0995290279388
1371645379.59
0.0992858409882
1371645379.69
0.100464105606
1371645379.79
0.0962688922882
1371645379.89
0.100461006165
1371645379.99
0.101766109467
1371645380.09
0.101727962494
1371645380.2
0.104460000992
1371645380.29
0.0943729877472
1371645380.39
0.0987520217896
1371645380.49
0.0997710227966
1371645380.6
0.105556964874
1371645380.92
0.319226026535
1371645380.92
1.28746032715e-05
1371645380.92
8.10623168945e-06
1371645381.0
0.0792200565338
1371645381.09
0.0959489345551
1371645381.19
0.100635051727
1371645381.29
0.1018679142
1371645381.39
0.099837064743
1371645381.5
0.100589036942
1371645381.59
0.0972888469696
1371645381.69
0.0995070934296
1371645381.89
0.202782869339
1371645382.0
0.108979225159
1371645382.09
0.0906548500061
1371645382.19
0.100224971771
1371645382.29
0.0969741344452
1371645382.39
0.101619958878
1371645382.49
0.098876953125
1371645382.59
0.101184129715
1371645382.7
0.102916955948
1371645382.79
0.0985870361328
1371645382.89
0.0980679988861
1371645383.22
0.323027849197
1371645383.22
6.103515625e-05
1371645383.22
1.50203704834e-05
1371645383.3
0.0797479152679
1371645383.4
0.102985143661
1371645383.49
0.094074010849
1371645383.59
0.102233886719
1371645383.69
0.0969669818878
1371645383.79
0.101192951202
1371645383.89
0.10046505928
1371645384.0
0.102282047272
1371645384.09
0.0961239337921
1371645384.19
0.102671146393
1371645384.29
0.098858833313
1371645384.39
0.100431203842
1371645384.49
0.100498914719
1371645384.59
0.0985350608826
1371645384.69
0.100797891617
1371645384.79
0.0995960235596
1371645384.89
0.099231004715
1371645384.99
0.100704908371
1371645385.09
0.0998940467834
1371645385.19
0.100254058838
1371645385.29
0.100111961365
1371645385.39
0.0982129573822
1371645385.49
0.10117816925
1371645385.59
0.0989367961884
1371645385.7
0.104161977768
1371645385.79
0.094544172287
1371645385.89
0.102977991104
1371645385.99
0.0988039970398
1371645386.1
0.10770201683
1371645386.19
0.0928938388824
1371645386.29
0.0990741252899
1371645386.39
0.101073980331
1371645386.49
0.09876704216
1371645386.59
0.0991048812866
1371645386.69
0.102751016617
1371645386.79
0.101164102554
1371645386.9
0.100219011307
1371645386.99
0.0992908477783
1371645387.09
0.0993990898132
1371645387.29
0.200469970703
1371645387.3
0.00132608413696
1371645387.39
0.0985939502716
1371645387.5
0.101495981216
1371645387.59
0.0980589389801
1371645387.69
0.0998451709747
1371645387.79
0.0995078086853
1371645387.89
0.10085606575
1371645387.99
0.0980460643768
1371645388.09
0.101027965546
1371645388.19
0.0983650684357
1371645388.29
0.100042819977
1371645388.39
0.101372003555
1371645388.49
0.0989580154419
1371645388.59
0.0999460220337
1371645388.69
0.100005149841
1371645388.79
0.100596904755
1371645388.89
0.0996110439301
1371645388.99
0.101881027222
1371645389.09
0.0982909202576
1371645389.21
0.117164134979
1371645389.29
0.0837409496307
1371645389.6
0.309564828873
1371645389.6
0.00197911262512
1371645389.6
1.31130218506e-05
1371645389.69
0.0898749828339
1371645389.8
0.101827859879
1371645389.89
0.0945510864258
1371645389.99
0.102519989014
1371645390.09
0.0994920730591
1371645390.19
0.0990839004517
1371645390.29
0.0996000766754
1371645390.39
0.100549936295
1371645390.49
0.0995869636536
1371645390.59
0.103358983994
1371645390.69
0.0961580276489
1371645390.79
0.100873947144
1371645390.89
0.101478099823
1371645390.99
0.0991539955139
1371645391.09
0.100606918335
1371645391.19
0.101041078568
1371645391.29
0.0968520641327
1371645391.39
0.100781917572
1371645391.49
0.100641012192
1371645391.59
0.100592851639
1371645391.69
0.0994040966034
1371645391.79
0.0988910198212
1371645391.89
0.102232933044
1371645391.99
0.0994369983673
1371645392.09
0.098030090332
1371645392.19
0.0994899272919
1371645392.3
0.106052160263
1371645392.4
0.0983989238739
1371645392.49
0.0998148918152
1371645392.59
0.0961010456085
1371645392.69
0.0999920368195
1371645392.79
0.100333929062
1371645392.89
0.102233171463
1371645393.0
0.101691007614
1371645393.1
0.100138902664
1371645393.19
0.0964848995209
1371645393.29
0.100510120392
1371645393.39
0.0984039306641
1371645393.7
0.310200929642
1371645393.7
3.31401824951e-05
1371645393.7
9.05990600586e-06
1371645393.8
0.100821971893
1371645393.89
0.0902309417725
1371645393.99
0.100320100784
1371645394.09
0.100009918213
1371645394.19
0.100733995438
1371645394.3
0.102288961411
1371645394.39
0.0959680080414
1371645394.49
0.100641965866
1371645394.59
0.0998411178589
1371645394.72
0.13090801239
1371645394.79
0.0687398910522
1371645395.09
0.303431034088
1371645395.1
0.000998973846436
1371645395.1
1.31130218506e-05
1371645395.19
0.0967288017273
1371645395.29
0.0998470783234
1371645395.39
0.0993049144745
1371645395.49
0.102030038834
1371645395.59
0.0966191291809
1371645395.69
0.102141857147
1371645395.79
0.0992710590363
1371645395.89
0.100771903992
1371645395.99
0.0982761383057
1371645396.09
0.102524995804
1371645396.19
0.1009349823
1371645396.29
0.0973260402679
1371645396.39
0.100019931793
1371645396.49
0.100956916809
1371645396.59
0.0996770858765
1371645396.69
0.101527929306
1371645396.79
0.0980989933014
1371645396.89
0.102019071579
1371645397.01
0.11952996254
1371645397.09
0.0782980918884
1371645397.19
0.101005077362
1371645397.29
0.101058006287
1371645397.39
0.10053896904
1371645397.5
0.100553035736
1371645397.59
0.0998017787933
1371645397.7
0.101013183594
1371645397.79
0.0982940196991
1371645397.89
0.0972638130188
1371645397.99
0.102337121964
1371645398.1
0.101495981216
1371645398.19
0.0969789028168
1371645398.3
0.104294061661
1371645398.39
0.0959939956665
1371645398.49
0.10103392601
1371645398.59
0.0996282100677
1371645398.69
0.0996890068054
1371645398.79
0.100098848343
1371645398.89
0.100321054459
1371645399.22
0.322313070297
1371645399.22
0.00563383102417
1371645399.22
0.000481128692627
1371645399.3
0.0773859024048
1371645399.39
0.0941159725189
1371645399.49
0.0998620986938
1371645399.59
0.0994770526886
1371645399.69
0.101577997208
1371645399.79
0.0994908809662
1371645399.9
0.102172136307
1371645400.24
0.345455884933
1371645400.25
0.00381898880005
1371645400.25
1.50203704834e-05
1371645400.41
0.164077997208
1371645400.41
0.000869035720825
1371645400.49
0.0847239494324
1371645400.59
0.0964460372925
1371645400.69
0.0999751091003
1371645400.79
0.10182094574
1371645400.89
0.100599050522
1371645400.99
0.0994019508362
1371645401.09
0.100360870361
1371645401.19
0.0997910499573
1371645401.29
0.0982639789581
1371645401.39
0.10014295578
1371645401.49
0.101246118546
1371645401.59
0.0987288951874
1371645401.69
0.1007771492
1371645401.79
0.0998928546906
1371645401.89
0.102205991745
1371645401.99
0.09752202034
1371645402.09
0.101798057556
1371645402.19
0.100164890289
1371645402.29
0.0993192195892
1371645402.39
0.101648807526
1371645402.49
0.0998830795288
1371645402.6
0.100653886795
1371645402.69
0.0986700057983
1371645402.79
0.0996901988983
1371645402.89
0.0992558002472
1371645403.0
0.104283094406
1371645403.09
0.0954599380493
1371645403.19
0.0991871356964
1371645403.29
0.100895881653
1371645403.39
0.0980801582336
1371645403.5
0.105276823044
1371645403.59
0.095901966095
1371645403.7
0.104830026627
1371645403.79
0.0952429771423
1371645403.89
0.100665092468
1371645404.0
0.104425907135
1371645404.09
0.0964751243591
1371645404.39
0.295907974243
1371645404.4
0.00677108764648
1371645404.4
0.00011682510376
1371645404.49
0.0958080291748
1371645404.59
0.102050065994
1371645404.69
0.098776102066
1371645404.79
0.0984098911285
1371645404.9
0.104856967926
1371645404.99
0.0961799621582
1371645405.1
0.104156970978
1371645405.19
0.0966680049896
1371645405.29
0.0979480743408
1371645405.39
0.101753950119
1371645405.49
0.0978209972382
1371645405.59
0.10123705864
1371645405.69
0.100425004959
1371645405.79
0.0981650352478
1371645405.89
0.100774049759
1371645405.99
0.100183963776
1371645406.1
0.110403060913
1371645406.2
0.0928828716278
1371645406.29
0.099592924118
1371645406.64
0.349767208099
1371645406.65
0.00122094154358
1371645406.65
1.50203704834e-05
1371645406.81
0.159679889679
1371645406.81
0.00259304046631
1371645406.89
0.0850450992584
1371645407.0
0.102072000504
1371645407.09
0.0966258049011
1371645407.19
0.10246515274
1371645407.29
0.10012793541
1371645407.39
0.0999391078949
1371645407.49
0.0984179973602
1371645407.59
0.101203918457
1371645407.69
0.100917100906
1371645407.79
0.0980129241943
1371645407.89
0.0982549190521
1371645407.99
0.103083133698
1371645408.09
0.0970129966736
1371645408.19
0.103058815002
1371645408.29
0.097953081131
1371645408.4
0.105534076691
1371645408.49
0.0962679386139
1371645408.59
0.0985500812531
1371645408.69
0.100903987885
1371645408.79
0.100188970566
1371645408.89
0.100995063782
1371645408.99
0.0995688438416
1371645409.09
0.0980160236359
1371645409.19
0.100835084915
1371645409.29
0.0984079837799
1371645409.4
0.103935003281
1371645409.49
0.0966248512268
1371645409.59
0.10161113739
1371645409.69
0.101265907288
1371645409.79
0.0976409912109
1371645409.89
0.101525068283
1371645409.99
0.0993249416351
1371645410.09
0.0992250442505
1371645410.19
0.101850986481
1371645410.3
0.100894927979
1371645410.39
0.0955500602722
1371645410.49
0.102112054825
1371645410.81
0.314563035965
1371645410.81
0.00335097312927
1371645410.81
0.00344109535217
1371645410.89
0.0791108608246
1371645410.99
0.100791931152
1371645411.1
0.103038072586
1371645411.19
0.0950629711151
1371645411.29
0.100255966187
1371645411.39
0.0997581481934
1371645411.5
0.103351831436
1371645411.59
0.0974202156067
1371645411.69
0.0985670089722
1371645411.79
0.10262799263
1371645411.89
0.0983438491821
1371645412.0
0.104892015457
1371645412.09
0.0941109657288
1371645412.19
0.10035610199
1371645412.29
0.100786924362
1371645412.39
0.100556135178
1371645412.5
0.102703809738
1371645412.6
0.0990090370178
1371645412.69
0.0967350006104
1371645413.01
0.314769983292
1371645413.01
0.00313210487366
1371645413.01
1.59740447998e-05
1371645413.09
0.083890914917
1371645413.19
0.0972080230713
1371645413.29
0.10213804245
1371645413.39
0.0989611148834
1371645413.5
0.103200912476
1371645413.59
0.0977470874786
1371645413.69
0.098415851593
1371645413.79
0.099848985672
1371645413.89
0.102100133896
1371645413.99
0.0996849536896
1371645414.09
0.098993062973
1371645414.19
0.10005402565
1371645414.29
0.102488994598
1371645414.39
0.10032582283
1371645414.49
0.0987410545349
1371645414.6
0.105181932449
1371645414.69
0.0957701206207
1371645414.79
0.0964539051056
1371645414.89
0.100572109222
1371645414.99
0.101090908051
1371645415.09
0.100770950317
1371645415.2
0.102648973465
1371645415.29
0.0976490974426
1371645415.39
0.0977389812469
1371645415.49
0.100392103195
1371645415.59
0.101622819901
1371645415.7
0.103965044022
1371645415.79
0.0971400737762
1371645415.89
0.099415063858
1371645415.99
0.10062789917
1371645416.09
0.100080966949
1371645416.2
0.101516008377
1371645416.29
0.0967161655426
1371645416.39
0.100910902023
1371645416.49
0.0983150005341
1371645416.59
0.101120948792
1371645416.69
0.0975880622864
1371645416.79
0.100569963455
1371645416.89
0.0995330810547
1371645417.13
0.242327928543
1371645417.13
1.31130218506e-05
1371645417.19
0.0610499382019
1371645417.3
0.101151943207
1371645417.39
0.0968708992004
1371645417.49
0.0993540287018
1371645417.59
0.102581977844
1371645417.69
0.0996360778809
1371645417.79
0.0972790718079
1371645417.89
0.101678848267
1371645418.0
0.103959083557
1371645418.09
0.0964539051056
1371645418.19
0.0985050201416
1371645418.29
0.101898193359
1371645418.39
0.101061820984
1371645418.5
0.110148191452
1371645418.59
0.0878767967224
1371645418.69
0.101505994797
1371645418.79
0.0994582176208
1371645418.9
0.101935863495
1371645418.99
0.0985589027405
1371645419.09
0.0984561443329
1371645419.44
0.346124887466
1371645419.44
3.40938568115e-05
1371645419.44
8.10623168945e-06
1371645419.58
0.140217781067
1371645419.6
0.0246360301971
1371645419.69
0.0878710746765
1371645419.8
0.107943058014
1371645419.9
0.0975539684296
1371645419.99
0.094053030014
1371645420.09
0.103114843369
1371645420.19
0.0976769924164
1371645420.29
0.100231170654
1371645420.4
0.102908849716
1371645420.49
0.0970451831818
1371645420.59
0.100547790527
1371645420.7
0.10495018959
1371645420.79
0.0953810214996
1371645420.89
0.0976138114929
1371645420.99
0.100843191147
1371645421.09
0.100899934769
1371645421.19
0.100295066833
1371645421.29
0.100529909134
1371645421.39
0.0986559391022
1371645421.49
0.0996551513672
1371645421.59
0.100378990173
1371645421.7
0.104629993439
1371645421.79
0.0975289344788
1371645421.89
0.100609064102
1371645422.0
0.101889848709
1371645422.09
0.0955121517181
1371645422.19
0.0999979972839
1371645422.29
0.0997529029846
1371645422.39
0.101269006729
1371645422.49
0.0994710922241
1371645422.6
0.103456020355
1371645422.69
0.0953159332275
1371645422.79
0.101140022278
1371645422.89
0.100146055222
1371645422.99
0.10066485405
1371645423.09
0.1005859375
1371645423.19
0.10027718544
1371645423.29
0.0979239940643
1371645423.58
0.292559862137
1371645423.59
0.00200200080872
1371645423.59
0.00523400306702
1371645423.69
0.101209163666
1371645423.79
0.0992667675018
1371645423.89
0.100577116013
1371645424.0
0.103342056274
1371645424.09
0.0966720581055
1371645424.19
0.101423978806
1371645424.29
0.0986139774323
1371645424.39
0.0981769561768
1371645424.49
0.103438854218
1371645424.6
0.103457212448
1371645424.69
0.0949327945709
1371645424.79
0.0987222194672
1371645424.89
0.10033082962
1371645424.99
0.100469112396
1371645425.09
0.100213050842
1371645425.19
0.0998678207397
1371645425.31
0.114267110825
1371645425.39
0.0863990783691
1371645425.49
0.0988659858704
1371645425.83
0.338125944138
1371645425.85
0.0184278488159
1371645425.85
0.000219106674194
1371645425.89
0.0448288917542
1371645425.99
0.0987470149994
1371645426.09
0.0994791984558
1371645426.19
0.100886821747
1371645426.29
0.0999991893768
1371645426.39
0.0997159481049
1371645426.49
0.0989780426025
1371645426.59
0.100537776947
1371645426.69
0.100209236145
1371645426.79
0.102145910263
1371645426.89
0.0976309776306
1371645426.99
0.0990920066833
1371645427.09
0.100682020187
1371645427.2
0.105427980423
1371645427.29
0.094407081604
1371645427.39
0.100765943527
1371645427.59
0.198348045349
1371645427.59
0.00348901748657
1371645427.69
0.0977230072021
1371645427.79
0.101212978363
1371645427.89
0.0991070270538
1371645428.0
0.103314876556
1371645428.09
0.0987911224365
1371645428.19
0.0994107723236
1371645428.29
0.0995540618896
1371645428.4
0.103232145309
1371645428.49
0.0944888591766
1371645428.6
0.104506969452
1371645428.69
0.0973901748657
1371645428.79
0.101207017899
1371645428.99
0.195102930069
1371645428.99
0.00172400474548
1371645429.09
0.102118968964
1371645429.19
0.0987749099731
1371645429.39
0.201025009155
1371645429.39
0.000117063522339
1371645429.49
0.100306987762
1371645429.69
0.197688102722
1371645429.69
0.00217294692993
1371645430.01
0.314887046814
1371645430.01
0.000319004058838
1371645430.1
0.0893750190735
1371645430.19
0.0947539806366
1371645430.29
0.0982449054718
1371645430.39
0.102265119553
1371645430.49
0.0961029529572
1371645430.59
0.102650880814
1371645430.69
0.10005402565
1371645430.79
0.10039806366
1371645430.89
0.0985589027405
1371645430.99
0.101086139679
1371645431.09
0.0992588996887
1371645431.2
0.105098962784
1371645431.29
0.0970611572266
1371645431.39
0.100138902664
1371645431.49
0.0988628864288
1371645431.59
0.100265026093
1371645431.7
0.104910135269
1371645431.79
0.096039056778
1371645431.89
0.0985758304596
1371645432.21
0.314593076706
1371645432.21
6.69956207275e-05
1371645432.21
1.4066696167e-05
1371645432.29
0.0826640129089
1371645432.39
0.101113796234
1371645432.49
0.0996541976929
1371645432.59
0.102476835251
1371645432.69
0.0995931625366
1371645432.79
0.0971119403839
1371645432.89
0.103049039841
1371645432.99
0.0972878932953
1371645433.09
0.0999410152435
1371645433.19
0.101356983185
1371645433.29
0.101058959961
1371645433.39
0.0974230766296
1371645433.49
0.100781917572
1371645433.59
0.102164030075
1371645433.69
0.10250711441
1371645433.79
0.0956690311432
1371645433.89
0.0993359088898
1371645433.99
0.10183596611
1371645434.1
0.104228019714
1371645434.19
0.0945630073547
1371645434.29
0.103502035141
1371645434.39
0.0976920127869
1371645434.49
0.0999999046326
1371645434.59
0.0992701053619
1371645434.69
0.0985059738159
1371645434.79
0.101684093475
1371645434.89
0.103341817856
1371645434.99
0.0964450836182
1371645435.09
0.0988209247589
1371645435.19
0.101147174835
1371645435.29
0.0990109443665
1371645435.39
0.100822925568
1371645435.49
0.0991480350494
1371645435.59
0.100358009338
1371645435.7
0.105201005936
1371645435.79
0.0940809249878
1371645435.89
0.100311040878
1371645435.99
0.0998470783234
1371645436.09
0.0999879837036
1371645436.19
0.10431599617
1371645436.4
0.210896968842
1371645436.4
1.90734863281e-05
1371645436.5
0.0917990207672
1371645436.6
0.0997748374939
1371645436.7
0.100821971893
1371645436.8
0.0988881587982
1371645436.89
0.0983049869537
1371645436.99
0.095960855484
1371645437.09
0.102313995361
1371645437.2
0.106054067612
1371645437.29
0.0957019329071
1371645437.39
0.0968701839447
1371645437.49
0.100766897202
1371645437.59
0.100053071976
1371645437.69
0.100574016571
1371645437.79
0.099634885788
1371645437.89
0.0998311042786
1371645437.99
0.102420806885
1371645438.09
0.098984003067
1371645438.19
0.0982592105865
1371645438.51
0.314334869385
1371645438.51
0.00465703010559
1371645438.51
1.4066696167e-05
1371645438.59
0.0812959671021
1371645438.69
0.0972259044647
1371645438.79
0.100280046463
1371645438.89
0.0998849868774
1371645438.99
0.101669073105
1371645439.09
0.0984058380127
1371645439.19
0.101303100586
1371645439.29
0.100698947906
1371645439.39
0.0975470542908
1371645439.49
0.103141069412
1371645439.59
0.0983319282532
1371645439.69
0.102540969849
1371645439.79
0.0984239578247
1371645439.89
0.0978240966797
1371645439.99
0.100653886795
1371645440.09
0.103146076202
1371645440.19
0.096638917923
1371645440.3
0.105313062668
1371645440.39
0.0968589782715
1371645440.49
0.097020149231
1371645440.59
0.100113868713
1371645440.69
0.101032018661
1371645440.79
0.101042032242
1371645440.89
0.09854388237
1371645440.99
0.0999000072479
1371645441.09
0.103188991547
1371645441.19
0.101013183594
1371645441.29
0.0981340408325
1371645441.39
0.0988488197327
1371645441.49
0.100718975067
1371645441.59
0.101535081863
1371645441.69
0.0992588996887
1371645441.79
0.0981221199036
1371645441.89
0.0991361141205
1371645441.99
0.100097894669
1371645442.09
0.103759050369
1371645442.19
0.100775003433
1371645442.3
0.101281881332
1371645442.39
0.0970170497894
1371645442.61
0.218967914581
1371645442.61
0.00214815139771
1371645442.69
0.0775249004364
1371645442.79
0.0978651046753
1371645442.89
0.100880861282
1371645442.99
0.100952148438
1371645443.09
0.103071928024
1371645443.19
0.0992729663849
1371645443.29
0.101613044739
1371645443.39
0.097354888916
1371645443.49
0.0986042022705
1371645443.59
0.0990309715271
1371645443.69
0.0995469093323
1371645443.79
0.103167057037
1371645443.89
0.100980043411
1371645443.99
0.0970249176025
1371645444.09
0.103127002716
1371645444.19
0.0981740951538
1371645444.29
0.0995008945465
1371645444.66
0.368319988251
1371645444.66
0.00190401077271
1371645444.66
1.09672546387e-05
1371645444.69
0.0324211120605
1371645444.79
0.0976560115814
1371645444.89
0.101679801941
1371645444.99
0.0992951393127
1371645445.09
0.100673913956
1371645445.19
0.096752166748
1371645445.29
0.0996689796448
1371645445.39
0.100258827209
1371645445.49
0.0999090671539
1371645445.59
0.100282907486
1371645445.69
0.101459026337
1371645445.79
0.0995101928711
1371645445.89
0.100314855576
1371645445.99
0.0988490581512
1371645446.09
0.0989000797272
1371645446.2
0.114012956619
1371645446.29
0.0862200260162
1371645446.39
0.101322889328
1371645446.49
0.0994620323181
1371645446.59
0.102850914001
1371645446.69
0.101431131363
1371645446.79
0.0957188606262
1371645446.89
0.099004983902
1371645447.0
0.107985019684
1371645447.09
0.0927290916443
1371645447.19
0.100298881531
1371645447.29
0.103740215302
1371645447.39
0.10057091713
1371645447.49
0.0954160690308
1371645447.59
0.101641893387
1371645447.69
0.0993430614471
1371645447.79
0.0986578464508
1371645447.89
0.100028991699
1371645447.99
0.0995841026306
1371645448.09
0.104701042175
1371645448.19
0.0960788726807
1371645448.29
0.10044002533
1371645448.39
0.100458145142
1371645448.49
0.102473020554
1371645448.59
0.0960428714752
1371645448.79
0.204195022583
1371645448.8
0.00221109390259
1371645448.89
0.0953040122986
1371645448.99
0.100551843643
1371645449.09
0.0976870059967
1371645449.19
0.101952075958
1371645449.29
0.0989439487457
1371645449.39
0.100703001022
1371645449.49
0.099534034729
1371645449.59
0.103847980499
1371645449.69
0.096736907959
1371645449.79
0.0992670059204
1371645449.9
0.104876995087
1371645449.99
0.0966930389404
1371645450.09
0.10042309761
1371645450.19
0.09889793396
1371645450.29
0.102240085602
1371645450.39
0.0980598926544
1371645450.49
0.0982720851898
1371645450.59
0.10088300705
1371645450.69
0.100497961044
1371645451.01
0.317114114761
1371645451.02
0.00792098045349
1371645451.02
1.59740447998e-05
1371645451.09
0.0754120349884
1371645451.19
0.09854388237
1371645451.29
0.0996179580688
1371645451.39
0.100172042847
1371645451.49
0.0997860431671
1371645451.59
0.0999820232391
1371645451.69
0.10215306282
1371645451.79
0.0992288589478
1371645451.89
0.100322008133
1371645451.99
0.099643945694
1371645452.09
0.0984079837799
1371645452.19
0.100574016571
1371645452.29
0.102399110794
1371645452.39
0.0997920036316
1371645452.49
0.0988528728485
1371645452.59
0.0987961292267
1371645452.69
0.0994460582733
1371645452.79
0.101713895798
1371645452.89
0.1009349823
1371645452.99
0.0979249477386
1371645453.09
0.100563049316
1371645453.19
0.100489139557
1371645453.29
0.100839853287
1371645453.39
0.0976409912109
1371645453.49
0.101593017578
1371645453.59
0.0992870330811
1371645453.69
0.101587057114
1371645453.79
0.0974609851837
1371645453.89
0.104181051254
1371645453.99
0.100811958313
1371645454.09
0.0962619781494
1371645454.19
0.100095033646
1371645454.3
0.109606027603
1371645454.39
0.0942568778992
1371645454.49
0.0958750247955
1371645454.59
0.103334903717
1371645454.69
0.0974531173706
1371645454.79
0.102034091949
1371645454.89
0.099280834198
1371645455.08
0.18629693985
1371645455.09
0.0133290290833
1371645455.2
0.105484008789
1371645455.31
0.111050128937
1371645455.39
0.0827438831329
1371645455.49
0.0988669395447
1371645455.59
0.102547168732
1371645455.69
0.0981469154358
1371645455.79
0.101840019226
1371645455.89
0.0994789600372
1371645455.99
0.0971779823303
1371645456.09
0.10214304924
1371645456.19
0.102709054947
1371645456.29
0.0988080501556
1371645456.39
0.0985469818115
1371645456.49
0.100298881531
1371645456.59
0.10117316246
1371645456.69
0.0977039337158
1371645456.79
0.100545883179
1371645456.89
0.0997400283813
1371645456.99
0.102844953537
1371645457.33
0.336645126343
1371645457.33
0.000554084777832
1371645457.33
1.09672546387e-05
1371645457.39
0.06183385849
1371645457.49
0.0990180969238
1371645457.59
0.101834058762
1371645457.69
0.0970737934113
1371645457.79
0.0998160839081
1371645457.89
0.100975036621
1371645457.99
0.100182056427
1371645458.09
0.0988008975983
1371645458.19
0.10148191452
1371645458.29
0.1017100811
1371645458.39
0.0997021198273
1371645458.49
0.0975739955902
1371645458.59
0.100713014603
1371645458.69
0.101095914841
1371645458.79
0.100156068802
1371645458.89
0.0986299514771
1371645458.99
0.0989990234375
1371645459.1
0.105437994003
1371645459.19
0.0948929786682
1371645459.29
0.101371049881
1371645459.4
0.103111982346
1371645459.49
0.0962669849396
1371645459.59
0.0993340015411
1371645459.69
0.101311922073
1371645459.79
0.0977070331573
1371645459.89
0.101066112518
1371645459.99
0.100301980972
1371645460.09
0.10055398941
1371645460.19
0.0976839065552
1371645460.3
0.108864068985
1371645460.39
0.0930800437927
1371645460.49
0.0991058349609
1371645460.59
0.0999341011047
1371645460.69
0.101387023926
1371645460.79
0.101341962814
1371645460.9
0.10227894783
1371645460.99
0.094211101532
1371645461.09
0.0999448299408
1371645461.19
0.101165056229
1371645461.29
0.0991771221161
1371645461.48
0.191983938217
1371645461.49
0.00909304618835
1371645461.59
0.101537942886
1371645461.69
0.0973310470581
1371645461.79
0.0998368263245
1371645461.9
0.106699228287
1371645461.99
0.0946218967438
1371645462.09
0.0988850593567
1371645462.19
0.100868940353
1371645462.29
0.101593017578
1371645462.39
0.0988969802856
1371645462.49
0.0980849266052
1371645462.59
0.104458093643
1371645462.7
0.104476928711
1371645462.79
0.0921261310577
1371645462.89
0.101187944412
1371645462.99
0.100041866302
1371645463.09
0.100092172623
1371645463.19
0.099161863327
1371645463.29
0.10246515274
1371645463.39
0.096941947937
1371645463.5
0.109078884125
1371645463.87
0.371165037155
1371645463.87
0.00246405601501
1371645463.87
1.09672546387e-05
1371645463.89
0.0212631225586
1371645463.99
0.0981228351593
1371645464.09
0.0971989631653
1371645464.19
0.100355148315
1371645464.29
0.0994608402252
1371645464.39
0.100115060806
1371645464.49
0.100422143936
1371645464.59
0.101475000381
1371645464.69
0.0997059345245
1371645464.79
0.0997669696808
1371645464.9
0.107048034668
1371645464.99
0.0943059921265
1371645465.09
0.0989100933075
1371645465.19
0.0984358787537
1371645465.29
0.101804018021
1371645465.41
0.113566875458
1371645465.49
0.085666179657
1371645465.59
0.102144956589
1371645465.69
0.0976068973541
1371645465.79
0.100135087967
1371645465.89
0.102442979813
1371645465.99
0.0979011058807
1371645466.09
0.10014295578
1371645466.2
0.106824874878
1371645466.29
0.0913500785828
1371645466.39
0.101197004318
1371645466.49
0.0994958877563
1371645466.59
0.100569009781
1371645466.69
0.102025032043
1371645466.79
0.0982270240784
1371645466.89
0.0985300540924
1371645466.99
0.100640058517
1371645467.09
0.102877855301
1371645467.19
0.0972590446472
1371645467.29
0.0993869304657
1371645467.39
0.102748155594
1371645467.49
0.0980830192566
1371645467.59
0.102835893631
1371645467.69
0.0991930961609
1371645467.79
0.0986909866333
1371645468.01
0.217931985855
1371645468.01
1.59740447998e-05
1371645468.09
0.0825610160828
1371645468.19
0.0991899967194
1371645468.29
0.0998499393463
1371645468.39
0.0996580123901
1371645468.49
0.0990610122681
1371645468.59
0.101670980453
1371645468.69
0.101851940155
1371645468.79
0.0976819992065
1371645468.89
0.100551128387
1371645468.99
0.0994229316711
1371645469.09
0.100568056107
1371645469.19
0.0998599529266
1371645469.29
0.0994899272919
1371645469.39
0.101275205612
1371645469.49
0.0985629558563
1371645469.59
0.10179400444
1371645469.69
0.0990529060364
1371645469.8
0.105250120163
1371645469.89
0.0960137844086
1371645470.21
0.316171169281
1371645470.21
0.00226593017578
1371645470.21
2.09808349609e-05
1371645470.29
0.0800120830536
1371645470.39
0.0995869636536
1371645470.49
0.100687980652
1371645470.59
0.100114107132
1371645470.69
0.0999608039856
1371645470.79
0.0997550487518
1371645470.89
0.0996670722961
1371645470.99
0.0990068912506
1371645471.09
0.101583003998
1371645471.19
0.0994510650635
1371645471.29
0.0999479293823
1371645471.39
0.100457191467
1371645471.49
0.100544929504
1371645471.59
0.10060095787
1371645471.69
0.09912109375
1371645471.79
0.0989289283752
1371645471.89
0.103427886963
1371645471.99
0.0968461036682
1371645472.09
0.102262020111
1371645472.19
0.0977158546448
1371645472.29
0.101708173752
1371645472.39
0.0994110107422
1371645472.49
0.100443840027
1371645472.59
0.0997819900513
1371645472.69
0.10093998909
1371645472.79
0.097718000412
1371645472.89
0.0999071598053
1371645472.99
0.0997428894043
1371645473.09
0.101045131683
1371645473.19
0.0990018844604
1371645473.29
0.101659059525
1371645473.39
0.0997529029846
1371645473.49
0.0998661518097
1371645473.59
0.100764989853
1371645473.7
0.109918832779
1371645473.79
0.0873939990997
1371645473.89
0.100538015366
1371645473.99
0.101801156998
1371645474.09
0.0982480049133
1371645474.4
0.308147907257
1371645474.4
1.4066696167e-05
1371645474.4
1.19209289551e-05
1371645474.49
0.0940289497375
1371645474.59
0.0994071960449
1371645474.69
0.100368976593
1371645474.79
0.0990328788757
1371645474.89
0.100310087204
1371645474.99
0.099907875061
1371645475.09
0.100090026855
1371645475.19
0.0982120037079
1371645475.29
0.101079940796
1371645475.39
0.100874185562
1371645475.49
0.099720954895
1371645475.59
0.100224971771
1371645475.69
0.0996880531311
1371645475.79
0.102468013763
1371645475.89
0.0993149280548
1371645475.99
0.099457025528
1371645476.1
0.109588861465
1371645476.19
0.088846206665
1371645476.49
0.302392959595
1371645476.5
0.0040979385376
1371645476.5
1.4066696167e-05
1371645476.59
0.0937778949738
1371645476.69
0.0988631248474
1371645476.79
0.100419998169
1371645476.89
0.0991508960724
1371645476.99
0.101161003113
1371645477.09
0.100600004196
1371645477.19
0.0995759963989
1371645477.29
0.0997071266174
1371645477.39
0.101247787476
1371645477.49
0.100081205368
1371645477.59
0.100301980972
1371645477.7
0.103442907333
1371645477.8
0.0992929935455
1371645477.89
0.0960810184479
1371645477.99
0.0992000102997
1371645478.09
0.102108001709
1371645478.19
0.0980229377747
1371645478.29
0.0993239879608
1371645478.39
0.101202011108
1371645478.5
0.104752063751
1371645478.59
0.0960988998413
1371645478.69
0.101155996323
1371645478.79
0.0985870361328
1371645478.89
0.100986003876
1371645478.99
0.0991721153259
1371645479.09
0.0988750457764
1371645479.19
0.102159976959
1371645479.29
0.0998718738556
1371645479.39
0.101469039917
1371645479.49
0.0983331203461
1371645479.59
0.0984888076782
1371645479.69
0.0993959903717
1371645479.79
0.0993499755859
1371645479.89
0.101600170135
1371645479.99
0.0987918376923
1371645480.09
0.102208137512
1371645480.19
0.0987219810486
1371645480.29
0.101594924927
1371645480.54
0.242141008377
1371645480.54
0.00127506256104
1371645480.59
0.0583550930023
1371645480.69
0.0952048301697
1371645480.79
0.101979970932
1371645480.89
0.0988240242004
1371645480.99
0.101217031479
1371645481.09
0.100647926331
1371645481.19
0.0985400676727
1371645481.29
0.101573944092
1371645481.39
0.101570129395
1371645481.49
0.0961320400238
1371645481.59
0.103250980377
1371645481.7
0.10391497612
1371645481.79
0.0969099998474
1371645481.89
0.0967040061951
1371645481.99
0.0998840332031
1371645482.09
0.0988309383392
1371645482.19
0.102789878845
1371645482.29
0.0991852283478
1371645482.39
0.0994408130646
1371645482.5
0.109492063522
1371645482.85
0.349002122879
1371645482.85
0.00262498855591
1371645482.85
1.28746032715e-05
1371645483.04
0.182793140411
1371645483.05
0.0172739028931
1371645483.09
0.0407109260559
1371645483.19
0.0984029769897
1371645483.29
0.0994110107422
1371645483.39
0.100392103195
1371645483.49
0.100018024445
1371645483.59
0.0996069908142
1371645483.69
0.101423978806
1371645483.79
0.0976030826569
1371645483.89
0.100653886795
1371645483.99
0.100106954575
1371645484.1
0.104377985001
1371645484.19
0.0967330932617
1371645484.29
0.0989739894867
1371645484.39
0.0994238853455
1371645484.49
0.101166009903
1371645484.59
0.0988600254059
1371645484.69
0.100871086121
1371645484.79
0.102405071259
1371645484.89
0.0997409820557
1371645484.99
0.0997128486633
1371645485.09
0.0986950397491
1371645485.19
0.100062131882
1371645485.29
0.100136995316
1371645485.39
0.10116481781
1371645485.49
0.0997049808502
1371645485.59
0.0998251438141
1371645485.69
0.0995969772339
1371645485.79
0.100112915039
1371645485.89
0.0990591049194
1371645486.0
0.111469984055
1371645486.1
0.0981199741364
1371645486.19
0.0928690433502
1371645486.29
0.097795009613
1371645486.39
0.0993769168854
1371645486.49
0.100779056549
1371645486.59
0.100220918655
1371645486.69
0.0997731685638
1371645486.79
0.100324869156
1371645487.03
0.236359119415
1371645487.04
0.00721478462219
1371645487.09
0.0554962158203
1371645487.19
0.0993568897247
1371645487.29
0.102168083191
1371645487.39
0.100842952728
1371645487.49
0.0991668701172
1371645487.59
0.098512172699
1371645487.69
0.0993008613586
1371645487.79
0.100388050079
1371645487.89
0.101735115051
1371645487.99
0.0990698337555
1371645488.09
0.100857973099
1371645488.19
0.0986881256104
1371645488.29
0.100560903549
1371645488.39
0.0997791290283
1371645488.49
0.100831985474
1371645488.59
0.0994689464569
1371645488.69
0.0994980335236
1371645488.79
0.102164030075
1371645488.91
0.120368003845
1371645489.27
0.351851940155
1371645489.27
0.00703001022339
1371645489.27
1.28746032715e-05
1371645489.29
0.0213232040405
1371645489.39
0.0971419811249
1371645489.49
0.101128816605
1371645489.6
0.102678060532
1371645489.69
0.0972290039062
1371645489.79
0.0982451438904
1371645489.89
0.0997898578644
1371645489.99
0.100849151611
1371645490.1
0.112828969955
1371645490.19
0.086042881012
1371645490.29
0.100712060928
1371645490.39
0.0998039245605
1371645490.49
0.0998890399933
1371645490.59
0.101088047028
1371645490.69
0.0984039306641
1371645490.79
0.0999720096588
1371645490.9
0.111993074417
1371645490.99
0.0926339626312
1371645491.09
0.0991969108582
1371645491.19
0.099799156189
1371645491.29
0.0966148376465
1371645491.39
0.10257101059
1371645491.49
0.0997500419617
1371645491.59
0.10205411911
1371645491.69
0.0973179340363
1371645491.79
0.0984950065613
1371645491.89
0.0999948978424
1371645491.99
0.102349996567
1371645492.09
0.0978021621704
1371645492.19
0.102475881577
1371645492.29
0.101536989212
1371645492.39
0.0961620807648
1371645492.49
0.0999529361725
1371645492.59
0.101150035858
1371645492.69
0.10215306282
1371645492.79
0.0982069969177
1371645492.9
0.102825880051
1371645492.99
0.0975110530853
1371645493.09
0.101049900055
1371645493.19
0.0970861911774
1371645493.39
0.194980859756
1371645493.39
0.00581216812134
1371645493.49
0.100160837173
1371645493.59
0.100250005722
1371645493.69
0.0995881557465
1371645493.79
0.100449800491
1371645493.89
0.100454092026
1371645494.0
0.103985071182
1371645494.09
0.095235824585
1371645494.19
0.101876020432
1371645494.29
0.0986270904541
1371645494.39
0.10040307045
1371645494.49
0.0974659919739
1371645494.59
0.101801872253
1371645494.69
0.10049200058
1371645494.79
0.100579977036
1371645494.89
0.097421169281
1371645494.99
0.101585865021
1371645495.09
0.101386070251
1371645495.19
0.0999639034271
1371645495.29
0.101024150848
1371645495.67
0.374397039413
1371645495.67
0.00308799743652
1371645495.67
1.19209289551e-05
1371645495.84
0.170356988907
1371645495.84
0.000104904174805
1371645495.89
0.0521769523621
1371645495.99
0.0990121364594
1371645496.09
0.0998630523682
1371645496.19
0.100028991699
1371645496.29
0.0997998714447
1371645496.39
0.0969159603119
1371645496.49
0.101999044418
1371645496.59
0.0987191200256
1371645496.69
0.102185964584
1371645496.79
0.097295999527
1371645496.89
0.104243040085
1371645497.0
0.102227926254
1371645497.09
0.0952970981598
1371645497.19
0.101054906845
1371645497.29
0.0979840755463
1371645497.39
0.101918935776
1371645497.49
0.099044084549
1371645497.59
0.0998728275299
1371645497.7
0.1049721241
1371645497.79
0.0928399562836
1371645497.89
0.103432893753
1371645498.0
0.103342056274
1371645498.09
0.0963971614838
1371645498.19
0.0981328487396
1371645498.29
0.100837945938
1371645498.39
0.0994951725006
1371645498.49
0.10237288475
1371645498.59
0.0998561382294
1371645498.69
0.100336790085
1371645498.79
0.0975530147552
1371645498.89
0.100628137589
1371645498.99
0.101428031921
1371645499.09
0.0968890190125
1371645499.19
0.100885868073
1371645499.29
0.102293968201
1371645499.39
0.0976710319519
1371645499.5
0.104094028473
1371645499.59
0.0957090854645
1371645499.78
0.188611030579
1371645499.79
0.0115637779236
1371645499.89
0.0990650653839
1371645499.99
0.101000070572
1371645500.09
0.100164890289
1371645500.19
0.100871086121
1371645500.29
0.0985169410706
1371645500.39
0.100245952606
1371645500.49
0.102848052979
1371645500.59
0.0973780155182
1371645500.69
0.0990331172943
1371645500.79
0.101747989655
1371645500.89
0.0981349945068
1371645500.99
0.101472854614
1371645501.09
0.100260019302
1371645501.19
0.100021123886
1371645501.52
0.32993388176
1371645501.53
0.00321817398071
1371645501.53
1.47819519043e-05
1371645501.69
0.167350053787
1371645501.8
0.102910041809
1371645501.89
0.0972490310669
1371645501.99
0.0999879837036
1371645502.09
0.0972790718079
1371645502.19
0.10381102562
1371645502.29
0.0968518257141
1371645502.39
0.101421117783
1371645502.49
0.100880861282
1371645502.59
0.10050201416
1371645502.69
0.101343154907
1371645502.79
0.0965659618378
1371645502.89
0.100255012512
1371645502.99
0.101793050766
1371645503.09
0.0994048118591
1371645503.19
0.0987479686737
1371645503.3
0.110017061234
1371645503.39
0.0908041000366
1371645503.49
0.0984508991241
1371645503.6
0.11280298233
1371645503.69
0.0876190662384
1371645503.79
0.101464986801
1371645503.89
0.10169005394
1371645503.99
0.0998480319977
1371645504.09
0.0998408794403
1371645504.19
0.0964231491089
1371645504.29
0.102845907211
1371645504.39
0.0991399288177
1371645504.49
0.098258972168
1371645504.59
0.0998129844666
1371645504.69
0.100318193436
1371645504.79
0.09974193573
1371645504.89
0.0997998714447
1371645505.09
0.200861215591
1371645505.2
0.105141878128
1371645505.29
0.0954320430756
1371645505.39
0.100781917572
1371645505.5
0.103019952774
1371645505.73
0.231076002121
1371645505.73
0.00104022026062
1371645505.79
0.0632619857788
1371645505.89
0.100870847702
1371645506.0
0.11096906662
1371645506.09
0.0890719890594
1371645506.19
0.101146936417
1371645506.29
0.100025177002
1371645506.39
0.09983086586
1371645506.49
0.0990829467773
1371645506.59
0.0985000133514
1371645506.69
0.101477146149
1371645506.79
0.101056814194
1371645506.89
0.0986061096191
1371645506.99
0.100482940674
1371645507.09
0.0995280742645
1371645507.19
0.100697040558
1371645507.29
0.0987129211426
1371645507.39
0.101433992386
1371645507.51
0.11368894577
1371645507.86
0.353000164032
1371645507.86
0.0028669834137
1371645507.86
1.59740447998e-05
1371645507.89
0.0287380218506
1371645507.99
0.102622032166
1371645508.09
0.0984098911285
1371645508.19
0.0999999046326
1371645508.29
0.101649999619
1371645508.39
0.0979471206665
1371645508.49
0.101290941238
1371645508.59
0.0974140167236
1371645508.69
0.104340076447
1371645508.79
0.0975480079651
1371645508.89
0.0996508598328
1371645508.99
0.0991451740265
1371645509.09
0.0997757911682
1371645509.19
0.09912109375
1371645509.29
0.100312948227
1371645509.39
0.101431131363
1371645509.49
0.101104974747
1371645509.59
0.0984029769897
1371645509.69
0.101793050766
1371645509.81
0.119423866272
1371645509.89
0.0803000926971
1371645509.99
0.0991940498352
1371645510.09
0.101603984833
1371645510.19
0.100389957428
1371645510.29
0.100142002106
1371645510.39
0.0982699394226
1371645510.49
0.0994560718536
1371645510.59
0.100898981094
1371645510.69
0.097531080246
1371645510.79
0.101413965225
1371645510.89
0.0995528697968
1371645510.99
0.102581977844
1371645511.09
0.0985300540924
1371645511.19
0.0980310440063
1371645511.29
0.101748943329
1371645511.39
0.101930141449
1371645511.49
0.0988838672638
1371645511.59
0.0984799861908
1371645511.7
0.103762149811
1371645511.79
0.0962519645691
1371645511.9
0.113298892975
1371645511.99
0.0876741409302
1371645512.1
0.102809906006
1371645512.19
0.0968730449677
1371645512.29
0.101682901382
1371645512.39
0.0996000766754
1371645512.5
0.102266073227
1371645512.59
0.0966429710388
1371645512.69
0.101726055145
1371645512.79
0.0989608764648
1371645512.89
0.0995850563049
1371645512.99
0.0996379852295
s=237.699996948
i=2370
Avg=0.1003
