1368806321.31
1368806321.34
1368806321.36
1368806321.36
1368806321.41
1368806321.42
1368806321.43
1368806321.44
1368806321.44
1368806321.44
1368806321.44
1368806321.44
1368806321.44
1368806321.44
1368806321.44
1368806321.44
1368806321.45
1368806321.45
1368806321.46
1368806321.47
1368806321.48
1368806321.48
1368806321.48
1368806321.48
1368806321.48
1368806321.48
1368806321.49
1368806321.49
1368806321.54
1368806321.54
1368806321.54
1368806321.54
1368806321.54
1368806321.54
1368806321.54
1368806321.54
1368806321.55
1368806321.55
1368806321.6
1368806321.6
1368806321.6
1368806321.6
1368806321.61
1368806321.61
1368806321.61
1368806321.61
1368806321.61
1368806321.61
1368806321.61
1368806321.61
1368806321.61
1368806321.62
1368806321.63
1368806321.64
1368806321.64
1368806321.64
1368806321.64
1368806321.64
1368806321.64
1368806321.65
1368806321.65
1368806321.65
1368806322.02
1368806322.02
1368806322.02
1368806322.02
1368806322.02
1368806322.02
1368806322.02
1368806322.02
1368806322.02
1368806322.02
1368806322.03
1368806322.03
1368806322.03
1368806322.03
1368806322.03
1368806322.03
1368806322.03
1368806322.03
1368806322.03
1368806322.04
1368806322.04
1368806322.17
1368806322.17
1368806322.18
1368806322.18
1368806322.18
1368806322.18
1368806322.18
1368806322.18
1368806322.18
1368806322.18
1368806322.18
1368806322.18
1368806322.19
1368806322.19
1368806322.19
1368806322.19
1368806322.19
1368806322.19
1368806322.19
1368806322.2
1368806322.2
1368806322.2
1368806322.2
1368806322.21
1368806322.21
1368806322.21
1368806322.21
1368806322.21
1368806322.21
1368806322.21
1368806322.21
1368806322.21
1368806322.21
1368806322.21
1368806322.21
1368806322.21
1368806322.21
1368806322.21
1368806322.21
1368806322.21
1368806322.21
1368806322.22
1368806322.22
1368806322.22
1368806322.22
1368806322.22
1368806322.22
1368806322.22
1368806322.22
1368806322.22
1368806322.22
1368806322.22
1368806322.22
1368806322.22
1368806322.22
1368806322.22
1368806322.22
1368806322.22
1368806322.22
1368806322.22
1368806322.22
1368806322.22
1368806322.22
1368806322.22
1368806322.22
1368806322.23
1368806322.23
1368806322.23
1368806322.23
1368806322.23
1368806322.23
1368806322.23
1368806322.23
1368806322.23
1368806322.23
1368806322.23
1368806322.23
1368806322.23
1368806322.23
1368806322.23
1368806322.23
1368806322.23
1368806322.23
1368806322.23
1368806322.23
1368806322.23
1368806322.23
1368806322.23
1368806322.23
1368806322.23
1368806322.23
1368806322.23
1368806322.23
1368806322.23
1368806322.23
1368806322.23
1368806322.23
1368806322.23
1368806322.23
1368806322.23
1368806322.24
1368806322.24
1368806322.24
1368806322.24
1368806322.24
1368806322.24
1368806322.24
1368806322.24
1368806322.24
1368806322.24
1368806322.25
1368806322.25
1368806322.25
1368806322.25
1368806322.25
1368806322.25
1368806322.28
1368806322.28
1368806322.28
1368806322.28
1368806322.29
1368806322.29
1368806322.3
1368806322.3
1368806322.3
1368806322.3
1368806322.33
1368806322.33
1368806322.33
1368806322.33
1368806322.33
1368806322.34
1368806322.34
1368806322.34
1368806322.34
1368806322.34
1368806322.34
1368806322.34
1368806322.34
1368806322.35
1368806322.35
1368806322.35
1368806322.36
1368806322.36
1368806322.37
1368806322.37
1368806322.37
1368806322.37
1368806322.38
1368806322.38
1368806322.38
1368806322.38
1368806322.38
1368806322.4
1368806322.41
1368806322.41
1368806322.41
1368806322.41
1368806322.41
1368806322.41
1368806322.41
1368806322.43
1368806322.44
1368806322.44
1368806322.44
1368806322.44
1368806322.44
1368806322.44
1368806322.44
1368806322.45
1368806322.45
1368806322.45
1368806322.45
1368806322.46
1368806322.46
1368806322.46
1368806322.46
1368806322.46
1368806322.46
1368806322.46
1368806322.46
1368806322.48
1368806322.48
1368806322.48
1368806322.48
1368806322.49
1368806322.49
1368806322.5
1368806322.5
1368806322.5
1368806322.5
1368806322.5
1368806322.5
1368806322.51
1368806322.53
1368806322.53
1368806322.53
1368806322.54
1368806322.54
1368806322.54
1368806322.54
1368806322.54
1368806322.54
1368806322.54
1368806322.54
1368806322.54
1368806322.55
1368806322.55
1368806322.55
1368806322.55
1368806322.55
1368806322.55
1368806322.56
1368806322.57
1368806322.57
1368806322.57
1368806322.57
1368806322.58
1368806322.59
1368806322.59
1368806322.59
1368806322.59
1368806322.6
1368806322.6
1368806322.6
1368806322.61
1368806322.61
1368806322.61
1368806322.61
1368806322.61
1368806322.63
1368806322.64
1368806322.64
1368806322.64
1368806322.64
1368806322.64
1368806322.64
1368806322.64
1368806322.64
1368806322.64
1368806322.65
1368806322.65
1368806322.65
1368806322.65
1368806322.66
1368806322.66
1368806322.66
1368806322.66
1368806322.66
1368806322.66
1368806322.68
1368806322.68
1368806322.68
1368806322.68
1368806322.69
1368806322.69
1368806322.7
1368806322.7
1368806322.7
1368806322.7
1368806322.71
1368806322.71
1368806322.71
1368806322.73
1368806322.73
1368806322.73
1368806322.74
1368806322.74
1368806322.74
1368806322.74
1368806322.74
1368806322.74
1368806322.74
1368806322.74
1368806322.74
1368806322.75
1368806322.75
1368806322.75
1368806322.75
1368806322.75
1368806322.75
1368806322.82
1368806322.82
1368806322.82
1368806322.82
1368806322.82
