1371645275.9
1371645275.9
0.000545024871826
1371645275.9
1.59740447998e-05
1371645275.9
1.31130218506e-05
1371645275.9
1.4066696167e-05
1371645275.92
0.0195260047913
1371645276.02
0.0985479354858
1371645276.13
0.105912923813
1371645276.23
0.107493162155
1371645276.34
0.104892969131
1371645276.45
0.108413934708
1371645276.55
0.105002880096
1371645276.66
0.107778072357
1371645276.77
0.10591506958
1371645276.87
0.107922077179
1371645276.98
0.105232000351
1371645277.09
0.106679916382
1371645277.2
0.112056016922
1371645277.3
0.103302955627
1371645277.57
0.266563892365
1371645277.57
0.00090217590332
1371645277.62
0.0510399341583
1371645277.73
0.108197927475
1371645277.83
0.105708122253
1371645277.94
0.107148885727
1371645278.05
0.105332136154
1371645278.15
0.107100963593
1371645278.26
0.107318878174
1371645278.37
0.107282161713
1371645278.47
0.105866909027
1371645278.58
0.106570005417
1371645278.69
0.105818986893
1371645278.8
0.110381126404
1371645278.9
0.103680849075
1371645279.01
0.107891082764
1371645279.11
0.105401039124
1371645279.22
0.11066699028
1371645279.33
0.103247880936
1371645279.43
0.107006072998
1371645279.54
0.105661869049
1371645279.65
0.107662200928
1371645279.76
0.108390808105
1371645279.86
0.107122182846
1371645279.97
0.103937864304
1371645280.07
0.107004165649
1371645280.18
0.105875968933
1371645280.29
0.109525918961
1371645280.41
0.11524105072
1371645280.5
0.0971150398254
1371645280.61
0.10515499115
1371645280.71
0.107220888138
1371645280.82
0.107399940491
1371645280.93
0.10666012764
1371645281.04
0.106261014938
1371645281.14
0.106523990631
1371645281.25
0.106234073639
1371645281.36
0.10787987709
1371645281.46
0.106170892715
1371645281.57
0.106703042984
1371645281.78
0.210007190704
1371645281.78
0.00430488586426
1371645281.89
0.106519937515
1371645282.0
0.107213973999
1371645282.1
0.107520103455
1371645282.21
0.104933977127
1371645282.31
0.105456113815
1371645282.42
0.108717918396
1371645282.53
0.105792999268
1371645282.64
0.106904983521
1371645282.74
0.108032941818
1371645282.85
0.105710983276
1371645282.96
0.106873035431
1371645283.06
0.106585025787
1371645283.17
0.105861902237
1371645283.28
0.109558105469
1371645283.38
0.10315489769
1371645283.53
0.144374132156
1371645283.6
0.0700888633728
1371645283.91
0.30978512764
1371645283.92
0.0110468864441
1371645283.92
0.000365972518921
1371645284.02
0.105907201767
1371645284.13
0.10768198967
1371645284.24
0.105312824249
1371645284.34
0.10661315918
1371645284.45
0.108690977097
1371645284.56
0.105591058731
1371645284.66
0.106156826019
1371645284.77
0.106338977814
1371645284.88
0.107141017914
1371645284.98
0.107288122177
1371645285.09
0.110080957413
1371645285.2
0.102504968643
1371645285.3
0.106990098953
1371645285.41
0.106727838516
1371645285.52
0.106515169144
1371645285.62
0.107017040253
1371645285.73
0.108338832855
1371645285.84
0.104400157928
1371645285.94
0.106006860733
1371645286.06
0.113667011261
1371645286.16
0.100970029831
1371645286.26
0.106967926025
1371645286.37
0.10538816452
1371645286.48
0.106772899628
1371645286.58
0.106872081757
1371645286.69
0.108464002609
1371645286.8
0.107172012329
1371645286.9
0.105091810226
1371645287.01
0.106495141983
1371645287.12
0.107749938965
1371645287.22
0.105324029922
1371645287.33
0.10799908638
1371645287.44
0.107347011566
1371645287.55
0.106331825256
1371645287.65
0.105839967728
1371645287.76
0.106904029846
1371645287.98
0.222476005554
1371645287.98
1.59740447998e-05
1371645288.08
0.0967090129852
1371645288.19
0.108211040497
1371645288.29
0.106436014175
1371645288.4
0.106460094452
1371645288.51
0.10935997963
1371645288.61
0.102814912796
1371645288.72
0.107393026352
1371645288.83
0.107465982437
1371645288.93
0.106364011765
1371645289.04
0.106075048447
1371645289.14
0.106364011765
1371645289.28
0.137181043625
1371645289.6
0.318228960037
1371645289.6
0.00457191467285
1371645289.6
1.19209289551e-05
1371645289.68
0.0737361907959
1371645289.79
0.10703587532
1371645289.89
0.107511997223
1371645290.0
0.107856035233
1371645290.1
0.104038000107
1371645290.21
0.106794118881
1371645290.32
0.108189821243
1371645290.43
0.10672211647
1371645290.53
0.106654882431
1371645290.64
0.104846000671
1371645290.75
0.107520103455
1371645290.85
0.107470989227
1371645290.96
0.107011079788
1371645291.07
0.10537481308
1371645291.17
0.107382059097
1371645291.28
0.105719089508
1371645291.39
0.108294010162
1371645291.49
0.105438947678
1371645291.6
0.10738492012
1371645291.71
0.105916023254
1371645291.81
0.109662055969
1371645291.92
0.104104995728
1371645292.03
0.107543945312
1371645292.13
0.105165958405
1371645292.24
0.107043027878
1371645292.35
0.107037067413
1371645292.45
0.107600927353
1371645292.56
0.105697154999
1371645292.67
0.107007026672
1371645292.77
0.105946779251
1371645292.88
0.107422113419
1371645292.99
0.10804104805
1371645293.1
0.108140945435
1371645293.2
0.10421705246
1371645293.31
0.105844020844
1371645293.41
0.106791973114
1371645293.52
0.109907865524
1371645293.78
0.257829189301
1371645293.78
0.00159001350403
1371645293.84
0.0607869625092
1371645293.95
0.104929924011
1371645294.05
0.105263948441
1371645294.16
0.107378959656
1371645294.27
0.105753183365
1371645294.37
0.107548952103
1371645294.48
0.105404853821
1371645294.59
0.108757019043
1371645294.69
0.10576915741
1371645294.8
0.107481956482
1371645294.91
0.10444188118
1371645295.01
0.109115123749
1371645295.12
0.108638048172
1371645295.23
0.104288816452
1371645295.33
0.105606079102
1371645295.44
0.106966972351
1371645295.55
0.109435081482
1371645295.65
0.104924917221
1371645295.92
0.269963979721
1371645295.92
0.00019907951355
1371645295.98
0.0520009994507
1371645296.08
0.10490489006
1371645296.19
0.106152057648
1371645296.3
0.108001947403
1371645296.4
0.104894161224
1371645296.51
0.106721878052
1371645296.61
0.107203006744
1371645296.72
0.107002973557
1371645296.83
0.105489015579
1371645296.93
0.107666015625
1371645297.04
0.104968070984
1371645297.15
0.108600854874
1371645297.26
0.106985092163
1371645297.36
0.106812953949
1371645297.47
0.104933023453
1371645297.57
0.107409954071
1371645297.68
0.107036113739
1371645297.79
0.108287096024
1371645297.9
0.105647802353
1371645298.0
0.106534004211
1371645298.11
0.105664014816
1371645298.21
0.107512950897
1371645298.32
0.106568098068
1371645298.43
0.106487989426
1371645298.53
0.106323003769
1371645298.64
0.107403039932
1371645298.75
0.106894016266
1371645298.86
0.10654592514
1371645298.96
0.106271028519
1371645299.07
0.106487035751
1371645299.17
0.106930017471
1371645299.28
0.107609033585
1371645299.39
0.105846881866
1371645299.5
0.106817960739
1371645299.6
0.10583615303
1371645299.71
0.108320951462
1371645299.82
0.105860948563
1371645300.1
0.285200119019
1371645300.1
0.000167846679688
1371645300.14
0.0348320007324
1371645300.24
0.106553077698
1371645300.35
0.107582092285
1371645300.46
0.105902910233
1371645300.56
0.106868028641
1371645300.67
0.106304883957
1371645300.78
0.107974052429
1371645300.88
0.105852127075
1371645300.99
0.10650396347
1371645301.1
0.11066699028
1371645301.2
0.102991819382
1371645301.31
0.106859207153
1371645301.42
0.106344938278
1371645301.52
0.106184005737
1371645301.63
0.107117891312
1371645301.73
0.105933189392
1371645301.84
0.106838941574
1371645301.95
0.108141899109
1371645302.06
0.106725931168
1371645302.33
0.272099018097
1371645302.33
0.000977039337158
1371645302.38
0.0467290878296
1371645302.48
0.106930971146
1371645302.59
0.105736970901
1371645302.7
0.111692905426
1371645302.8
0.102184057236
1371645302.91
0.106887102127
1371645303.02
0.10703587532
1371645303.13
0.108249187469
1371645303.23
0.104471921921
1371645303.34
0.106688022614
1371645303.44
0.105335950851
1371645303.55
0.108912944794
1371645303.66
0.105745077133
1371645303.76
0.10689496994
1371645303.87
0.105927944183
1371645303.98
0.107082128525
1371645304.08
0.107059001923
1371645304.19
0.106673002243
1371645304.3
0.105645895004
1371645304.41
0.110754013062
1371645304.51
0.103325128555
1371645304.62
0.107773780823
1371645304.72
0.105624198914
1371645304.83
0.107851028442
1371645304.94
0.105761766434
1371645305.04
0.108058214188
1371645305.15
0.105252981186
1371645305.26
0.107044935226
1371645305.36
0.106364011765
1371645305.47
0.106708049774
1371645305.58
0.106595993042
1371645305.68
0.107120990753
1371645305.79
0.106964826584
1371645305.9
0.110456228256
1371645306.0
0.102198839188
1371645306.11
0.108211994171
1371645306.22
0.106637954712
1371645306.33
0.106688022614
1371645306.61
0.280303001404
1371645306.61
1.31130218506e-05
1371645306.64
0.0392060279846
1371645306.75
0.107154846191
1371645306.86
0.105601072311
1371645306.96
0.107568979263
1371645307.07
0.105819940567
1371645307.18
0.106840133667
1371645307.28
0.106427907944
1371645307.39
0.108788013458
1371645307.5
0.10374712944
1371645307.61
0.108636856079
1371645307.71
0.105955123901
1371645307.82
0.108232021332
1371645308.17
0.347792863846
1371645308.18
0.0134999752045
1371645308.18
2.40802764893e-05
1371645308.25
0.0650990009308
1371645308.35
0.104827880859
1371645308.46
0.107617139816
1371645308.56
0.105718851089
1371645308.67
0.108865022659
1371645308.78
0.107822179794
1371645308.89
0.104517936707
1371645308.99
0.107837915421
1371645309.1
0.105194091797
1371645309.2
0.105515003204
1371645309.31
0.108974933624
1371645309.42
0.104784011841
1371645309.53
0.107612133026
1371645309.63
0.107524871826
1371645309.74
0.10759806633
1371645309.85
0.105367898941
1371645309.95
0.10700917244
1371645310.06
0.105530977249
1371645310.16
0.106860876083
1371645310.27
0.106446027756
1371645310.38
0.107985019684
1371645310.49
0.106641054153
1371645310.6
0.111924886703
1371645310.7
0.100106954575
1371645310.81
0.108118057251
1371645310.91
0.106070995331
1371645311.02
0.108319997787
1371645311.13
0.104555130005
1371645311.23
0.106617927551
1371645311.34
0.107640981674
1371645311.45
0.106909036636
1371645311.55
0.106052875519
1371645311.66
0.106654167175
1371645311.77
0.107003927231
1371645311.88
0.109314918518
1371645311.98
0.103826999664
1371645312.09
0.106776952744
1371645312.41
0.320894002914
1371645312.41
1.21593475342e-05
1371645312.41
0.00117707252502
1371645312.51
0.105744838715
1371645312.62
0.106017112732
1371645312.73
0.106571912766
1371645312.83
0.106122016907
1371645312.94
0.107544898987
1371645313.3
0.364467144012
1371645313.3
0.000156879425049
1371645313.3
3.00407409668e-05
1371645313.37
0.0632009506226
1371645313.47
0.105473041534
1371645313.58
0.106855154037
1371645313.69
0.105616807938
1371645313.79
0.107431173325
1371645313.9
0.106135845184
1371645314.01
0.108042955399
1371645314.12
0.110599994659
1371645314.22
0.101890087128
1371645314.33
0.106086969376
1371645314.43
0.107321023941
1371645314.54
0.106652975082
1371645314.65
0.107802152634
1371645314.75
0.105677843094
1371645314.86
0.10678601265
1371645314.97
0.105611085892
1371645315.07
0.108603000641
1371645315.18
0.10611987114
1371645315.29
0.106434106827
1371645315.39
0.105838060379
1371645315.5
0.108891010284
1371645315.61
0.105829000473
1371645315.71
0.107367992401
1371645315.82
0.105439901352
1371645315.93
0.106583118439
1371645316.03
0.106724977493
1371645316.14
0.107232809067
1371645316.25
0.106630086899
1371645316.35
0.107264995575
1371645316.46
0.105484008789
1371645316.57
0.107315063477
1371645316.67
0.106327056885
1371645316.78
0.10814499855
1371645316.89
0.106501817703
1371645317.0
0.107186079025
1371645317.1
0.105978012085
1371645317.41
0.307881116867
1371645317.41
0.00101280212402
1371645317.42
0.0111281871796
1371645317.53
0.106001853943
1371645317.64
0.107339143753
1371645317.74
0.105596780777
1371645317.85
0.107475996017
1371645317.95
0.105707168579
1371645318.06
0.107437849045
1371645318.17
0.10645198822
1371645318.27
0.106877088547
1371645318.38
0.107054948807
1371645318.49
0.106958150864
1371645318.59
0.105000019073
1371645318.7
0.109097957611
1371645318.81
0.105942964554
1371645318.92
0.106420040131
1371645319.02
0.10684800148
1371645319.13
0.106704950333
1371645319.26
0.126983880997
1371645319.55
0.293789148331
1371645319.55
0.000123023986816
1371645319.56
0.0119829177856
1371645319.66
0.0994291305542
1371645319.77
0.107982873917
1371645319.87
0.105906009674
1371645319.98
0.107372999191
1371645320.09
0.105406999588
1371645320.2
0.108202934265
1371645320.3
0.106830120087
1371645320.41
0.106507062912
1371645320.51
0.105708837509
1371645320.62
0.107800960541
1371645320.73
0.106016159058
1371645320.84
0.107720851898
1371645320.94
0.105705976486
1371645321.05
0.106479167938
1371645321.16
0.107054948807
1371645321.26
0.107784986496
1371645321.37
0.10632610321
1371645321.48
0.106766939163
1371645321.58
0.105488061905
1371645321.69
0.108227014542
1371645321.8
0.107221841812
1371645321.9
0.105699062347
1371645322.01
0.106113910675
1371645322.12
0.106544971466
1371645322.22
0.10754108429
1371645322.33
0.110119104385
1371645322.44
0.102339982986
1371645322.54
0.107849836349
1371645322.65
0.107179164886
1371645322.76
0.106245994568
1371645322.86
0.105959892273
1371645322.97
0.107826948166
1371645323.08
0.105334997177
1371645323.18
0.106981039047
1371645323.29
0.10551905632
1371645323.4
0.109462022781
1371645323.5
0.104377031326
1371645323.82
0.315453052521
1371645323.82
7.29560852051e-05
1371645323.82
0.00512003898621
1371645323.93
0.111265897751
1371645324.04
0.101934909821
1371645324.15
0.110817193985
1371645324.25
0.102995872498
1371645324.36
0.106076002121
1371645324.47
0.108779907227
1371645324.57
0.105453014374
1371645324.68
0.106556177139
1371645324.78
0.106328964233
1371645324.89
0.108891010284
1371645325.0
0.104801893234
1371645325.11
0.108066082001
1371645325.21
0.10552406311
1371645325.32
0.107038974762
1371645325.42
0.105499982834
1371645325.53
0.107976913452
1371645325.64
0.106728076935
1371645325.74
0.106740951538
1371645326.03
0.28810095787
1371645326.04
0.0044960975647
1371645326.06
0.0274739265442
1371645326.17
0.106244087219
1371645326.28
0.106731891632
1371645326.38
0.106168031693
1371645326.49
0.107511043549
1371645326.6
0.106173038483
1371645326.7
0.106600046158
1371645326.81
0.107490777969
1371645326.92
0.10582113266
1371645327.02
0.106792926788
1371645327.13
0.107911109924
1371645327.24
0.106169939041
1371645327.34
0.105802059174
1371645327.45
0.106477975845
1371645327.56
0.10645699501
1371645327.67
0.108165979385
1371645327.77
0.105657100677
1371645327.88
0.106910943985
1371645327.98
0.107009887695
1371645328.09
0.106856107712
1371645328.2
0.106381893158
1371645328.31
0.10724902153
1371645328.41
0.106679916382
1371645328.52
0.107063055038
1371645328.63
0.105971097946
1371645328.73
0.10654592514
1371645328.84
0.106004953384
1371645328.95
0.10800909996
1371645329.05
0.105418920517
1371645329.16
0.107648134232
1371645329.26
0.106122016907
1371645329.37
0.107061862946
1371645329.48
0.105901956558
1371645329.59
0.107559204102
1371645329.69
0.105525970459
1371645329.8
0.108397006989
1371645329.9
0.105635881424
1371645330.22
0.317466974258
1371645330.22
0.0017101764679
1371645330.23
0.00212097167969
1371645330.33
0.106037855148
1371645330.44
0.106578111649
1371645330.55
0.106533050537
1371645330.65
0.107230901718
1371645330.76
0.105390071869
1371645330.87
0.108429908752
1371645330.97
0.105376005173
1371645331.08
0.108206033707
1371645331.19
0.105727910995
1371645331.3
0.109505176544
1371645331.4
0.105299949646
1371645331.51
0.105506896973
1371645331.61
0.106930017471
1371645331.72
0.10671710968
1371645331.83
0.105508804321
1371645331.93
0.107609033585
1371645332.04
0.108253955841
1371645332.15
0.105219125748
1371645332.25
0.106339931488
1371645332.51
0.254461050034
1371645332.51
0.00438189506531
1371645332.57
0.061793088913
1371645332.68
0.106262922287
1371645332.79
0.106332063675
1371645332.89
0.107172012329
1371645333.0
0.107031106949
1371645333.11
0.106328964233
1371645333.21
0.107761859894
1371645333.32
0.105653047562
1371645333.43
0.10746216774
1371645333.53
0.105616807938
1371645333.64
0.106920003891
1371645333.75
0.106464147568
1371645333.85
0.108301877975
1371645333.96
0.105172157288
1371645334.07
0.107227802277
1371645334.17
0.106104135513
1371645334.28
0.107362031937
1371645334.39
0.104979991913
1371645334.5
0.110118865967
1371645334.6
0.105069160461
1371645334.71
0.107262849808
1371645334.81
0.105312108994
1371645334.92
0.1075258255
1371645335.03
0.105109214783
1371645335.13
0.107991933823
1371645335.24
0.11079287529
1371645335.35
0.104626178741
1371645335.45
0.103989839554
1371645335.56
0.107901096344
1371645335.67
0.10594701767
1371645335.77
0.107161045074
1371645335.88
0.109407901764
1371645335.99
0.104583978653
1371645336.1
0.108127117157
1371645336.21
0.110637903214
1371645336.31
0.100281953812
1371645336.6
0.290874958038
1371645336.6
0.00311303138733
1371645336.63
0.0270280838013
1371645336.73
0.105854034424
1371645336.84
0.107418060303
1371645336.95
0.10574889183
1371645337.06
0.108428001404
1371645337.16
0.105674028397
1371645337.27
0.107238054276
1371645337.37
0.106015920639
1371645337.48
0.106584072113
1371645337.59
0.105887889862
1371645337.7
0.10888504982
1371645337.8
0.106083869934
1371645337.91
0.107690095901
1371645338.01
0.104262113571
1371645338.12
0.10831284523
1371645338.23
0.105908155441
1371645338.35
0.123701810837
1371645338.67
0.316997051239
1371645338.67
0.00410103797913
1371645338.67
1.09672546387e-05
1371645338.76
0.0898621082306
1371645338.87
0.105669975281
1371645338.98
0.106476068497
1371645339.08
0.106349945068
1371645339.21
0.123832941055
1371645339.31
0.100683927536
1371645339.4
0.0960810184479
1371645339.51
0.110559940338
1371645339.62
0.102781057358
1371645339.72
0.109277963638
1371645339.83
0.10550904274
1371645339.93
0.10456609726
1371645340.04
0.107789993286
1371645340.15
0.105344057083
1371645340.26
0.108431816101
1371645340.36
0.105899095535
1371645340.47
0.107366085052
1371645340.58
0.107075929642
1371645340.68
0.105257034302
1371645340.79
0.111629009247
1371645340.9
0.105620861053
1371645341.0
0.104490995407
1371645341.11
0.105650186539
1371645341.22
0.10626578331
1371645341.32
0.106998205185
1371645341.43
0.107554912567
1371645341.54
0.10639500618
1371645341.64
0.105629920959
1371645341.75
0.107174158096
1371645341.86
0.106163978577
1371645341.96
0.108417987823
1371645342.07
0.105202913284
1371645342.18
0.107060909271
1371645342.28
0.106016159058
1371645342.39
0.108043909073
1371645342.5
0.106176137924
1371645342.61
0.109816789627
1371645342.85
0.245025157928
1371645342.85
1.50203704834e-05
1371645342.92
0.0708990097046
1371645343.03
0.107926845551
1371645343.14
0.106507062912
1371645343.24
0.106260061264
1371645343.35
0.106929063797
1371645343.46
0.107324838638
1371645343.56
0.106105089188
1371645343.67
0.10693192482
1371645343.78
0.106231927872
1371645343.88
0.106793165207
1371645343.99
0.109439849854
1371645344.1
0.10461306572
1371645344.2
0.106572151184
1371645344.31
0.106543779373
1371645344.42
0.105715036392
1371645344.52
0.107752084732
1371645344.63
0.106464862823
1371645344.74
0.106508016586
1371645345.08
0.341111183167
1371645345.08
0.00237703323364
1371645345.08
1.69277191162e-05
1371645345.16
0.0837979316711
1371645345.27
0.106796979904
1371645345.38
0.106228113174
1371645345.48
0.106380939484
1371645345.59
0.109143972397
1371645345.7
0.104754924774
1371645345.8
0.107213020325
1371645345.92
0.113528013229
1371645346.02
0.0989770889282
1371645346.12
0.107136964798
1371645346.23
0.107481956482
1371645346.34
0.105427980423
1371645346.45
0.108078956604
1371645346.55
0.105306148529
1371645346.66
0.107156038284
1371645346.76
0.106786966324
1371645346.87
0.107359886169
1371645346.98
0.105139970779
1371645347.09
0.108275175095
1371645347.19
0.108891963959
1371645347.3
0.103533983231
1371645347.4
0.106452941895
1371645347.51
0.107483148575
1371645347.62
0.105311870575
1371645347.73
0.108501911163
1371645347.83
0.105672121048
1371645347.94
0.107825994492
1371645348.04
0.105557918549
1371645348.15
0.107378005981
1371645348.26
0.106088161469
1371645348.36
0.106703996658
1371645348.47
0.107047796249
1371645348.58
0.106603145599
1371645348.68
0.106781005859
1371645348.79
0.109103918076
1371645348.9
0.103703022003
1371645349.0
0.106956958771
1371645349.31
0.305163145065
1371645349.31
0.000862836837769
1371645349.33
0.0146040916443
1371645349.43
0.10777592659
1371645349.54
0.104583024979
1371645349.65
0.108119010925
1371645349.76
0.109730005264
1371645349.86
0.103924036026
1371645349.96
0.105443000793
1371645350.07
0.10688996315
1371645350.18
0.106298923492
1371645350.29
0.108362197876
1371645350.4
0.109813928604
1371645350.5
0.103228092194
1371645350.61
0.107028961182
1371645350.73
0.12818980217
1371645351.04
0.308766126633
1371645351.04
0.000124931335449
1371645351.04
1.50203704834e-05
1371645351.14
0.09579205513
1371645351.25
0.106402873993
1371645351.36
0.109132051468
1371645351.46
0.109508037567
1371645351.57
0.104998111725
1371645351.67
0.1023478508
1371645351.78
0.107414007187
1371645351.89
0.106373071671
1371645351.99
0.108607053757
1371645352.1
0.104630947113
1371645352.21
0.107120037079
1371645352.31
0.106499910355
1371645352.42
0.108021974564
1371645352.53
0.107352972031
1371645352.64
0.110200166702
1371645352.74
0.100724935532
1371645352.85
0.106976985931
1371645352.95
0.107022047043
1371645353.06
0.106672048569
1371645353.17
0.109447956085
1371645353.27
0.104265928268
1371645353.38
0.106168031693
1371645353.49
0.108741998672
1371645353.59
0.105527877808
1371645353.7
0.106325149536
1371645353.81
0.106107950211
1371645353.91
0.107233047485
1371645354.02
0.107387065887
1371645354.13
0.106826782227
1371645354.23
0.1057472229
1371645354.34
0.106559991837
1371645354.45
0.106403827667
1371645354.56
0.1089220047
1371645354.66
0.106204032898
1371645354.77
0.105471134186
1371645354.88
0.108440876007
1371645354.98
0.104952096939
1371645355.09
0.110898017883
1371645355.3
0.210244894028
1371645355.3
0.00090503692627
1371645355.41
0.105135917664
1371645355.51
0.105509996414
1371645355.62
0.108133077621
1371645355.73
0.107326030731
1371645355.83
0.106044054031
1371645355.94
0.105386018753
1371645356.05
0.10743188858
1371645356.15
0.107282876968
1371645356.27
0.110985040665
1371645356.37
0.101982116699
1371645356.47
0.105982065201
1371645356.58
0.106489896774
1371645356.69
0.109092950821
1371645356.79
0.105395078659
1371645356.9
0.10825586319
1371645357.01
0.10410618782
1371645357.11
0.107966899872
1371645357.22
0.109832048416
1371645357.33
0.103952884674
1371645357.64
0.310465097427
1371645357.64
0.00346302986145
1371645357.65
0.00417590141296
1371645357.76
0.110347986221
1371645357.86
0.106832027435
1371645357.97
0.104066133499
1371645358.07
0.106066942215
1371645358.18
0.107490062714
1371645358.29
0.107429981232
1371645358.4
0.10667681694
1371645358.5
0.108580112457
1371645358.61
0.103321075439
1371645358.71
0.107102870941
1371645358.82
0.107805013657
1371645358.93
0.105896949768
1371645359.03
0.106367111206
1371645359.14
0.106209039688
1371645359.25
0.107269048691
1371645359.36
0.107656002045
1371645359.46
0.105586767197
1371645359.57
0.106970071793
1371645359.68
0.10693192482
1371645359.78
0.106036186218
1371645359.89
0.107987880707
1371645360.0
0.107213020325
1371645360.1
0.105684995651
1371645360.21
0.106554985046
1371645360.32
0.106528997421
1371645360.42
0.106752157211
1371645360.53
0.107400894165
1371645360.64
0.106058120728
1371645360.74
0.106827974319
1371645360.85
0.108061790466
1371645360.96
0.105855226517
1371645361.06
0.106482982635
1371645361.17
0.106202840805
1371645361.27
0.105818033218
1371645361.38
0.107100963593
1371645361.68
0.302438020706
1371645361.68
1.21593475342e-05
1371645361.7
0.0178558826447
1371645361.81
0.106471061707
1371645361.92
0.106392860413
1371645362.02
0.108024120331
1371645362.13
0.105798959732
1371645362.24
0.108027935028
1371645362.34
0.104650020599
1371645362.45
0.108584165573
1371645362.56
0.106283903122
1371645362.66
0.107223987579
1371645362.77
0.105489969254
1371645362.88
0.107017040253
1371645362.98
0.106533050537
1371645363.1
0.112658977509
1371645363.2
0.102246046066
1371645363.3
0.107149839401
1371645363.41
0.104709148407
1371645363.52
0.112944841385
1371645363.62
0.102133989334
1371645363.9
0.278352975845
1371645363.91
0.00290012359619
1371645363.94
0.0377058982849
1371645364.05
0.109027147293
1371645364.16
0.104336023331
1371645364.26
0.106475830078
1371645364.37
0.106857061386
1371645364.48
0.106181144714
1371645364.58
0.10813999176
1371645364.69
0.109055995941
1371645364.8
0.104122877121
1371645364.9
0.105513095856
1371645365.01
0.111384868622
1371645365.12
0.102914094925
1371645365.22
0.106755018234
1371645365.33
0.105911970139
1371645365.44
0.107296943665
1371645365.54
0.105749130249
1371645365.66
0.120456933975
1371645365.76
0.0941460132599
1371645365.86
0.106180906296
1371645365.97
0.106291055679
1371645366.08
0.107126951218
1371645366.18
0.106925010681
1371645366.29
0.107758998871
1371645366.4
0.10795712471
1371645366.5
0.104166984558
1371645366.61
0.105880022049
1371645366.72
0.107970952988
1371645366.82
0.106732845306
1371645366.93
0.106342077255
1371645367.04
0.106086015701
1371645367.14
0.106928110123
1371645367.25
0.106637001038
1371645367.36
0.107391834259
1371645367.47
0.106980085373
1371645367.57
0.106977939606
1371645367.68
0.105078935623
1371645367.78
0.107547998428
1371645368.11
0.322149991989
1371645368.11
1.50203704834e-05
1371645368.11
0.00328803062439
1371645368.21
0.10089302063
1371645368.32
0.107810020447
1371645368.43
0.10631108284
1371645368.53
0.107247829437
1371645368.64
0.105483055115
1371645368.74
0.106877088547
1371645368.85
0.107774972916
1371645368.96
0.1055560112
1371645369.07
0.107017040253
1371645369.17
0.10533285141
1371645369.28
0.111129999161
1371645369.39
0.104856014252
1371645369.49
0.10595703125
1371645369.6
0.106384992599
1371645369.71
0.10809803009
1371645369.81
0.105890989304
1371645369.93
0.112957000732
1371645370.03
0.0995509624481
1371645370.33
0.308932065964
1371645370.33
8.01086425781e-05
1371645370.35
0.011962890625
1371645370.45
0.105611085892
1371645370.56
0.107190847397
1371645370.66
0.105662107468
1371645370.77
0.107395887375
1371645370.88
0.106467962265
1371645370.99
0.10756611824
1371645371.09
0.106364965439
1371645371.2
0.106663942337
1371645371.31
0.107933998108
1371645371.41
0.104902982712
1371645371.52
0.107321023941
1371645371.63
0.107026100159
1371645371.73
0.105532884598
1371645371.84
0.107246160507
1371645371.95
0.107698917389
1371645372.06
0.109628915787
1371645372.16
0.102862119675
1371645372.27
0.107110977173
1371645372.37
0.105881929398
1371645372.48
0.106209039688
1371645372.59
0.107614994049
1371645372.71
0.1208319664
1371645372.8
0.0921120643616
1371645372.91
0.107264041901
1371645373.01
0.106803894043
1371645373.12
0.106674194336
1371645373.23
0.106555938721
1371645373.33
0.106843948364
1371645373.44
0.106793880463
1371645373.55
0.108957052231
1371645373.65
0.104532003403
1371645373.76
0.10678601265
1371645373.87
0.105664968491
1371645373.98
0.109979152679
1371645374.08
0.104411840439
1371645374.19
0.10675907135
1371645374.51
0.318187952042
1371645374.52
0.00989317893982
1371645374.52
0.00066876411438
1371645374.61
0.098396062851
1371645374.72
0.10706615448
1371645374.83
0.106040000916
1371645374.93
0.105301856995
1371645375.04
0.108327150345
1371645375.15
0.105831861496
1371645375.25
0.10711812973
1371645375.36
0.105795860291
1371645375.47
0.108883142471
1371645375.57
0.10386800766
1371645375.68
0.109041929245
1371645375.79
0.105841875076
1371645375.89
0.107031106949
1371645376.0
0.106029033661
1371645376.11
0.107535839081
1371645376.21
0.106787204742
1371645376.32
0.106607913971
1371645376.71
0.388072967529
1371645376.72
0.00959396362305
1371645376.72
1.09672546387e-05
1371645376.75
0.0292711257935
1371645376.85
0.105905056
1371645376.96
0.10654592514
1371645377.07
0.106416940689
1371645377.17
0.107767105103
1371645377.28
0.106222867966
1371645377.39
0.107480049133
1371645377.5
0.10733795166
1371645377.6
0.105003118515
1371645377.71
0.107590913773
1371645377.82
0.108850002289
1371645377.92
0.103519916534
1371645378.03
0.107275009155
1371645378.13
0.106597185135
1371645378.24
0.107257843018
1371645378.35
0.106507062912
1371645378.45
0.106271028519
1371645378.56
0.106878995895
1371645378.67
0.106780052185
1371645378.77
0.105559825897
1371645378.88
0.107935190201
1371645378.99
0.10641002655
1371645379.1
0.107615947723
1371645379.2
0.106318950653
1371645379.31
0.106734991074
1371645379.41
0.105637073517
1371645379.52
0.107609033585
1371645379.63
0.106283903122
1371645379.74
0.107105016708
1371645379.84
0.106555938721
1371645379.95
0.107151031494
1371645380.06
0.105565071106
1371645380.16
0.107184886932
1371645380.27
0.105669021606
1371645380.38
0.109663963318
1371645380.48
0.105008125305
1371645380.59
0.10693693161
1371645380.91
0.322988986969
1371645380.91
0.000179052352905
1371645380.91
1.50203704834e-05
1371645381.02
0.103657007217
1371645381.12
0.106453895569
1371645381.23
0.106678962708
1371645381.34
0.106178998947
1371645381.44
0.107849121094
1371645381.55
0.106319904327
1371645381.66
0.105998039246
1371645381.76
0.106137990952
1371645381.87
0.108154058456
1371645381.98
0.113317012787
1371645382.08
0.100121974945
1371645382.19
0.105115890503
1371645382.31
0.116799116135
1371645382.4
0.0973150730133
1371645382.51
0.106980800629
1371645382.62
0.105866193771
1371645382.73
0.111039876938
1371645382.83
0.105040073395
1371645383.21
0.37913107872
1371645383.21
0.00323796272278
1371645383.21
1.09672546387e-05
1371645383.26
0.0417189598083
1371645383.36
0.10732293129
1371645383.47
0.106600999832
1371645383.58
0.107686042786
1371645383.68
0.106308937073
1371645383.79
0.109004974365
1371645383.9
0.103461027145
1371645384.0
0.107545137405
1371645384.11
0.106036901474
1371645384.22
0.10794210434
1371645384.32
0.106132030487
1371645384.43
0.106721878052
1371645384.54
0.106601953506
1371645384.65
0.107939004898
1371645384.75
0.105338096619
1371645384.86
0.106591939926
1371645384.96
0.105823993683
1371645385.07
0.107031106949
1371645385.18
0.107220888138
1371645385.28
0.107440948486
1371645385.39
0.1075091362
1371645385.5
0.105368852615
1371645385.6
0.105667114258
1371645385.71
0.108510971069
1371645385.82
0.107420921326
1371645385.92
0.105703115463
1371645386.03
0.105813026428
1371645386.14
0.107936859131
1371645386.24
0.106006145477
1371645386.35
0.106632947922
1371645386.46
0.106645107269
1371645386.56
0.106428861618
1371645386.67
0.105464935303
1371645386.78
0.109555006027
1371645386.88
0.104928016663
1371645387.0
0.111366987228
1371645387.29
0.298163175583
1371645387.3
0.00552582740784
1371645387.31
0.0118160247803
1371645387.42
0.107161998749
1371645387.52
0.106131076813
1371645387.63
0.108402013779
1371645387.74
0.105573892593
1371645387.85
0.108221054077
1371645387.95
0.104093074799
1371645388.06
0.107571840286
1371645388.16
0.105480194092
1371645388.27
0.107226848602
1371645388.38
0.107686042786
1371645388.49
0.107346057892
1371645388.59
0.106196880341
1371645388.7
0.106028079987
1371645388.8
0.106579065323
1371645388.91
0.107316017151
1371645389.02
0.108167886734
1371645389.13
0.104947090149
1371645389.23
0.106399059296
1371645389.6
0.369187831879
1371645389.6
0.00292301177979
1371645389.6
1.09672546387e-05
1371645389.66
0.0549130439758
1371645389.76
0.106373071671
1371645389.87
0.108103990555
1371645389.98
0.108253955841
1371645390.09
0.104679107666
1371645390.19
0.105453968048
1371645390.3
0.106981039047
1371645390.41
0.110783815384
1371645390.51
0.103389024734
1371645390.62
0.105927944183
1371645390.72
0.105937004089
1371645390.83
0.108361005783
1371645390.95
0.113985061646
1371645391.05
0.0990619659424
1371645391.15
0.105834007263
1371645391.26
0.10701417923
1371645391.36
0.10611987114
1371645391.47
0.108443021774
1371645391.58
0.105829000473
1371645391.69
0.107033967972
1371645391.8
0.111382961273
1371645391.9
0.10134100914
1371645392.01
0.107305049896
1371645392.11
0.10715007782
1371645392.22
0.105356931686
1371645392.33
0.10816192627
1371645392.43
0.104989051819
1371645392.54
0.10891699791
1371645392.65
0.105612039566
1371645392.75
0.108180999756
1371645392.86
0.104542016983
1371645392.97
0.107991933823
1371645393.08
0.110198020935
1371645393.18
0.103111982346
1371645393.29
0.107236146927
1371645393.39
0.105292797089
1371645393.7
0.302894115448
1371645393.7
0.00489401817322
1371645393.71
0.0128178596497
1371645393.82
0.107629060745
1371645393.93
0.105353116989
1371645394.03
0.106236934662
1371645394.14
0.107623100281
1371645394.25
0.107608795166
1371645394.35
0.104701042175
1371645394.46
0.107710123062
1371645394.57
0.106747865677
1371645394.67
0.107228040695
1371645394.78
0.105911970139
1371645395.1
0.316353082657
1371645395.1
0.00268697738647
1371645395.1
0.00412392616272
1371645395.21
0.104064941406
1371645395.32
0.109102010727
1371645395.42
0.104991197586
1371645395.53
0.106447935104
1371645395.63
0.106467008591
1371645395.74
0.107084989548
1371645395.85
0.10599398613
1371645395.95
0.106514930725
1371645396.06
0.106462001801
1371645396.17
0.107506990433
1371645396.27
0.106266021729
1371645396.38
0.107408046722
1371645396.49
0.10546708107
1371645396.59
0.106326818466
1371645396.7
0.107137203217
1371645396.81
0.108433961868
1371645396.91
0.104775905609
1371645397.02
0.106938123703
1371645397.13
0.106559991837
1371645397.24
0.114187002182
1371645397.34
0.100309848785
1371645397.45
0.106920957565
1371645397.55
0.1053211689
1371645397.66
0.106487035751
1371645397.77
0.106648921967
1371645397.88
0.107981920242
1371645397.98
0.106677055359
1371645398.09
0.10652089119
1371645398.19
0.105601072311
1371645398.3
0.108201980591
1371645398.41
0.106743097305
1371645398.52
0.106711864471
1371645398.62
0.105189085007
1371645398.73
0.107688903809
1371645398.83
0.105974197388
1371645398.94
0.107479810715
1371645399.22
0.275140047073
1371645399.22
0.00417804718018
1371645399.26
0.0397100448608
1371645399.37
0.108711004257
1371645399.47
0.10506606102
1371645399.58
0.107847929001
1371645399.69
0.105417013168
1371645399.8
0.107936859131
1371645399.9
0.106228113174
1371645400.24
0.339153051376
1371645400.24
0.00155997276306
1371645400.24
1.28746032715e-05
1371645400.41
0.168546199799
1371645400.44
0.0271818637848
1371645400.54
0.103101968765
1371645400.65
0.107136964798
1371645400.76
0.1068110466
1371645400.86
0.106362104416
1371645400.97
0.10703587532
1371645401.08
0.107473134995
1371645401.18
0.105161905289
1371645401.29
0.108165025711
1371645401.4
0.105568885803
1371645401.5
0.10679602623
1371645401.61
0.106541156769
1371645401.72
0.108819007874
1371645401.82
0.104954957962
1371645401.93
0.106900930405
1371645402.04
0.106069087982
1371645402.15
0.109457015991
1371645402.25
0.104290008545
1371645402.36
0.106158971786
1371645402.46
0.108089923859
1371645402.57
0.107315063477
1371645402.68
0.112011909485
1371645402.78
0.100475072861
1371645402.89
0.105525970459
1371645403.0
0.108326911926
1371645403.1
0.105782985687
1371645403.21
0.107137203217
1371645403.32
0.107542991638
1371645403.42
0.105245828629
1371645403.53
0.108247995377
1371645403.64
0.106467008591
1371645403.74
0.104999065399
1371645403.85
0.106844902039
1371645403.96
0.106496095657
1371645404.06
0.107074022293
1371645404.17
0.107022047043
1371645404.39
0.222056865692
1371645404.39
7.70092010498e-05
1371645404.49
0.0994300842285
1371645404.6
0.104042053223
1371645404.7
0.108949899673
1371645404.81
0.105665922165
1371645404.92
0.107458114624
1371645405.03
0.109138011932
1371645405.13
0.103231906891
1371645405.24
0.107479095459
1371645405.34
0.106883049011
1371645405.45
0.105974912643
1371645405.56
0.106131076813
1371645405.66
0.10643696785
1371645405.78
0.112673997879
1371645405.88
0.101994991302
1371645405.98
0.106127977371
1371645406.09
0.106190919876
1371645406.2
0.110327005386
1371645406.3
0.103904008865
1371645406.64
0.333599090576
1371645406.65
0.0084331035614
1371645406.65
1.47819519043e-05
1371645406.8
0.157231092453
1371645406.84
0.0347619056702
1371645406.94
0.106273174286
1371645407.05
0.106714010239
1371645407.16
0.105895996094
1371645407.26
0.107220888138
1371645407.37
0.107079982758
1371645407.48
0.106534957886
1371645407.58
0.106347084045
1371645407.69
0.109097003937
1371645407.8
0.103666067123
1371645407.91
0.108351945877
1371645408.01
0.106046915054
1371645408.12
0.106464147568
1371645408.22
0.106066942215
1371645408.33
0.107577085495
1371645408.44
0.1070728302
1371645408.54
0.106022119522
1371645408.65
0.106907844543
1371645408.76
0.106221199036
1371645408.87
0.107507944107
1371645408.97
0.106427907944
1371645409.08
0.106919050217
1371645409.19
0.106687068939
1371645409.29
0.107914924622
1371645409.4
0.104830026627
1371645409.51
0.106944084167
1371645409.61
0.10667681694
1371645409.72
0.106084108353
1371645409.83
0.107481002808
1371645409.93
0.107328891754
1371645410.04
0.106391191483
1371645410.15
0.10662984848
1371645410.25
0.107169151306
1371645410.36
0.105524778366
1371645410.47
0.108396053314
1371645410.57
0.105106115341
1371645410.81
0.236364841461
1371645410.82
0.00941014289856
1371645410.89
0.0766880512238
1371645411.0
0.108785867691
1371645411.11
0.103498935699
1371645411.21
0.105379104614
1371645411.32
0.10714507103
1371645411.42
0.105604887009
1371645411.53
0.107362031937
1371645411.64
0.10669708252
1371645411.75
0.107204914093
1371645411.85
0.106328010559
1371645411.96
0.107088088989
1371645412.07
0.108848810196
1371645412.17
0.104215145111
1371645412.28
0.106809854507
1371645412.39
0.107247114182
1371645412.49
0.10524892807
1371645412.6
0.10840010643
1371645412.71
0.105943918228
1371645413.01
0.302070140839
1371645413.01
0.00654101371765
1371645413.03
0.0127599239349
1371645413.13
0.105820894241
1371645413.24
0.106846094131
1371645413.35
0.105741977692
1371645413.45
0.106863021851
1371645413.57
0.120459079742
1371645413.67
0.0937538146973
1371645413.77
0.105803966522
1371645413.88
0.107693195343
1371645413.99
0.112494945526
1371645414.09
0.101002931595
1371645414.2
0.105937004089
1371645414.31
0.107326984406
1371645414.41
0.105896949768
1371645414.52
0.107530117035
1371645414.63
0.105849981308
1371645414.73
0.107019901276
1371645414.84
0.105901002884
1371645414.95
0.108350038528
1371645415.05
0.106224060059
1371645415.16
0.106605052948
1371645415.27
0.106919050217
1371645415.37
0.10653090477
1371645415.48
0.10658288002
1371645415.59
0.107052087784
1371645415.7
0.108108043671
1371645415.8
0.104919910431
1371645415.91
0.105718135834
1371645416.01
0.107841014862
1371645416.12
0.105747938156
1371645416.23
0.108329057693
1371645416.33
0.106341838837
1371645416.44
0.106705188751
1371645416.55
0.109541893005
1371645416.65
0.103050947189
1371645416.76
0.106685161591
1371645416.87
0.107998847961
1371645417.13
0.260189056396
1371645417.13
0.00416803359985
1371645417.19
0.0533480644226
1371645417.3
0.109423875809
1371645417.4
0.105493068695
1371645417.51
0.107044935226
1371645417.61
0.105521917343
1371645417.72
0.107597112656
1371645417.83
0.106071949005
1371645417.94
0.107727050781
1371645418.04
0.10550904274
1371645418.15
0.107308864594
1371645418.25
0.106273174286
1371645418.36
0.110411882401
1371645418.47
0.104346990585
1371645418.58
0.106207132339
1371645418.68
0.106140851974
1371645418.79
0.110299110413
1371645418.9
0.104871988297
1371645419.01
0.108908891678
1371645419.11
0.103148937225
1371645419.43
0.324344158173
1371645419.43
0.000614881515503
1371645419.43
1.00135803223e-05
1371645419.58
0.146511077881
1371645419.66
0.0754549503326
1371645419.75
0.0924949645996
1371645419.86
0.108927965164
1371645419.96
0.104667186737
1371645420.07
0.106914997101
1371645420.18
0.106678009033
1371645420.28
0.106724977493
1371645420.4
0.11353802681
1371645420.5
0.100482940674
1371645420.6
0.106915950775
1371645420.71
0.105956077576
1371645420.82
0.106148004532
1371645420.93
0.11029791832
1371645421.03
0.1033411026
1371645421.14
0.107308864594
1371645421.24
0.105803966522
1371645421.35
0.107247114182
1371645421.45
0.105671882629
1371645421.56
0.108608007431
1371645421.67
0.10551905632
1371645421.78
0.107365131378
1371645421.88
0.106158971786
1371645421.99
0.107666015625
1371645422.1
0.106845855713
1371645422.2
0.106251001358
1371645422.31
0.108232021332
1371645422.42
0.104427099228
1371645422.53
0.114996910095
1371645422.63
0.0988109111786
1371645422.74
0.106323003769
1371645422.84
0.107245206833
1371645422.95
0.106526851654
1371645423.06
0.106747150421
1371645423.16
0.106555938721
1371645423.27
0.107524871826
1371645423.38
0.105688095093
1371645423.59
0.20947098732
1371645423.59
0.00279998779297
1371645423.7
0.108472108841
1371645423.8
0.106448888779
1371645423.91
0.106456041336
1371645424.02
0.106765031815
1371645424.12
0.106907844543
1371645424.23
0.105781078339
1371645424.34
0.108372926712
1371645424.45
0.110817193985
1371645424.55
0.102276802063
1371645424.66
0.106511116028
1371645424.76
0.106389045715
1371645424.87
0.106006860733
1371645424.98
0.107048034668
1371645425.08
0.106845140457
1371645425.19
0.110363960266
1371645425.31
0.112465858459
1371645425.41
0.107077121735
1371645425.51
0.0964469909668
1371645425.83
0.320502996445
1371645425.84
0.00586986541748
1371645425.84
0.00142598152161
1371645425.94
0.0995230674744
1371645426.04
0.107308149338
1371645426.15
0.105597019196
1371645426.26
0.108293771744
1371645426.36
0.10592007637
1371645426.47
0.108369112015
1371645426.58
0.104182958603
1371645426.68
0.107209920883
1371645426.79
0.110404968262
1371645426.9
0.103010177612
1371645427.01
0.10936999321
1371645427.11
0.103554010391
1371645427.22
0.106230974197
1371645427.32
0.107964992523
1371645427.43
0.105953931808
1371645427.54
0.107786893845
1371645427.64
0.106207132339
1371645427.75
0.107050895691
1371645427.86
0.106131076813
1371645427.97
0.108931064606
1371645428.07
0.104552984238
1371645428.18
0.107045888901
1371645428.28
0.106162071228
1371645428.39
0.109783887863
1371645428.5
0.103728055954
1371645428.61
0.107432126999
1371645428.71
0.105876922607
1371645428.82
0.109024047852
1371645428.92
0.104450941086
1371645429.03
0.107388973236
1371645429.14
0.105731964111
1371645429.24
0.106683969498
1371645429.35
0.106804132462
1371645429.46
0.107779026031
1371645429.57
0.106195926666
1371645429.67
0.107578992844
1371645429.78
0.105751037598
1371645430.01
0.233747959137
1371645430.01
0.00105094909668
1371645430.1
0.0856151580811
1371645430.21
0.106103897095
1371645430.31
0.106743097305
1371645430.42
0.10644698143
1371645430.53
0.107875823975
1371645430.63
0.107204198837
1371645430.74
0.105537891388
1371645430.85
0.106969118118
1371645430.95
0.1058177948
1371645431.06
0.107555150986
1371645431.17
0.106600999832
1371645431.27
0.1064889431
1371645431.38
0.106584072113
1371645431.49
0.105964899063
1371645431.6
0.110311985016
1371645431.7
0.104592084885
1371645431.81
0.114192962646
1371645432.21
0.392086029053
1371645432.22
0.0113389492035
1371645432.22
2.8133392334e-05
1371645432.23
0.0159659385681
1371645432.34
0.105011940002
1371645432.45
0.107877016068
1371645432.55
0.105813026428
1371645432.66
0.108133077621
1371645432.77
0.106098890305
1371645432.87
0.106444120407
1371645432.98
0.105732917786
1371645433.09
0.107902050018
1371645433.19
0.106627941132
1371645433.3
0.108623027802
1371645433.41
0.10529589653
1371645433.51
0.106646060944
1371645433.62
0.107511043549
1371645433.73
0.111238956451
1371645433.83
0.100159883499
1371645433.94
0.107307195663
1371645434.05
0.105857849121
1371645434.15
0.10808300972
1371645434.26
0.106546163559
1371645434.37
0.107356786728
1371645434.47
0.105225086212
1371645434.58
0.106791973114
1371645434.69
0.106152057648
1371645434.8
0.109143972397
1371645434.9
0.104882001877
1371645435.01
0.107235908508
1371645435.11
0.105993032455
1371645435.22
0.107084989548
1371645435.33
0.107120990753
1371645435.44
0.1109790802
1371645435.54
0.10259103775
1371645435.65
0.106558084488
1371645435.75
0.105739831924
1371645435.86
0.108183145523
1371645435.97
0.105559825897
1371645436.07
0.106589078903
1371645436.18
0.109088897705
1371645436.41
0.22661113739
1371645436.41
0.000814914703369
1371645436.5
0.0918040275574
1371645436.61
0.105102062225
1371645436.71
0.107055902481
1371645436.82
0.107128143311
1371645436.93
0.108230829239
1371645437.03
0.104917049408
1371645437.14
0.106472969055
1371645437.25
0.106643199921
1371645437.35
0.106944799423
1371645437.46
0.108911991119
1371645437.57
0.110282182693
1371645437.67
0.100649833679
1371645437.78
0.107364177704
1371645437.89
0.105906009674
1371645438.0
0.10885477066
1371645438.1
0.106107234955
1371645438.21
0.106242895126
1371645438.51
0.29806303978
1371645438.51
0.00140190124512
1371645438.54
0.0331189632416
1371645438.64
0.0942161083221
1371645438.74
0.105552911758
1371645438.85
0.107774972916
1371645438.96
0.108350992203
1371645439.06
0.104427099228
1371645439.17
0.106714010239
1371645439.27
0.106193065643
1371645439.38
0.106632947922
1371645439.49
0.110041856766
1371645439.59
0.103308200836
1371645439.7
0.108101844788
1371645439.81
0.105543136597
1371645439.92
0.107343912125
1371645440.03
0.110436916351
1371645440.13
0.10308098793
1371645440.24
0.106104135513
1371645440.34
0.107558012009
1371645440.45
0.10552406311
1371645440.56
0.107877969742
1371645440.66
0.106533050537
1371645440.77
0.106419801712
1371645440.88
0.106445074081
1371645440.98
0.107119083405
1371645441.09
0.106326818466
1371645441.2
0.108827114105
1371645441.3
0.104032993317
1371645441.41
0.107825040817
1371645441.52
0.105439901352
1371645441.63
0.110058069229
1371645441.73
0.104119062424
1371645441.84
0.106564044952
1371645441.94
0.106247901917
1371645442.05
0.106307983398
1371645442.16
0.108141899109
1371645442.26
0.107506036758
1371645442.37
0.104590177536
1371645442.61
0.24286699295
1371645442.61
0.00210285186768
1371645442.69
0.079617023468
1371645442.8
0.102426052094
1371645442.9
0.108066082001
1371645443.01
0.105893850327
1371645443.12
0.10669708252
1371645443.22
0.105805873871
1371645443.33
0.111952066422
1371645443.44
0.101483106613
1371645443.54
0.107888936996
1371645443.65
0.106071949005
1371645443.76
0.107548952103
1371645443.86
0.107298135757
1371645443.97
0.105610847473
1371645444.08
0.105990171432
1371645444.18
0.108660936356
1371645444.29
0.106242895126
1371645444.66
0.370885133743
1371645444.66
9.3936920166e-05
1371645444.66
1.00135803223e-05
1371645444.72
0.0564041137695
1371645444.83
0.106892824173
1371645444.93
0.105111122131
1371645445.04
0.1065928936
1371645445.14
0.106409072876
1371645445.25
0.108160972595
1371645445.36
0.107609987259
1371645445.46
0.10521697998
1371645445.57
0.105166912079
1371645445.68
0.107614040375
1371645445.78
0.107654094696
1371645445.89
0.108304977417
1371645446.0
0.106029033661
1371645446.11
0.105918884277
1371645446.21
0.105581998825
1371645446.32
0.106647014618
1371645446.42
0.107222080231
1371645446.53
0.106643915176
1371645446.64
0.105879068375
1371645446.74
0.107563972473
1371645446.85
0.105705022812
1371645446.96
0.10888504982
1371645447.06
0.105458974838
1371645447.17
0.105881929398
1371645447.28
0.107069969177
1371645447.38
0.107177972794
1371645447.49
0.107039213181
1371645447.6
0.106570005417
1371645447.7
0.106069803238
1371645447.81
0.106543064117
1371645447.92
0.108106136322
1371645448.03
0.106192827225
1371645448.13
0.105901956558
1371645448.24
0.106324195862
1371645448.34
0.107120990753
1371645448.45
0.108137845993
1371645448.56
0.105178117752
1371645448.8
0.237895965576
1371645448.8
0.000104904174805
1371645448.88
0.0832290649414
1371645448.99
0.106122016907
1371645449.09
0.108973026276
1371645449.2
0.103983879089
1371645449.31
0.106777191162
1371645449.41
0.105933904648
1371645449.52
0.108154058456
1371645449.63
0.106178045273
1371645449.74
0.110988855362
1371645449.84
0.10166311264
1371645449.95
0.107894897461
1371645450.05
0.106928110123
1371645450.16
0.107179880142
1371645450.27
0.105219125748
1371645450.37
0.107489824295
1371645450.48
0.106961011887
1371645450.59
0.107186079025
1371645450.69
0.105842113495
1371645451.02
0.323548793793
1371645451.02
0.000670194625854
1371645451.02
1.09672546387e-05
1371645451.12
0.102259874344
1371645451.23
0.106951951981
1371645451.33
0.105660200119
1371645451.44
0.107213020325
1371645451.55
0.106515884399
1371645451.65
0.107755899429
1371645451.76
0.106193065643
1371645451.87
0.107320070267
1371645451.97
0.104831933975
1371645452.08
0.107234954834
1371645452.19
0.106667995453
1371645452.29
0.107839107513
1371645452.4
0.108782052994
1371645452.51
0.104091882706
1371645452.61
0.106019973755
1371645452.72
0.109518051147
1371645452.83
0.10436296463
1371645452.93
0.107419013977
1371645453.04
0.106182098389
1371645453.15
0.107867002487
1371645453.25
0.106304883957
1371645453.36
0.106593132019
1371645453.47
0.105257987976
1371645453.57
0.107666015625
1371645453.68
0.1056599617
1371645453.79
0.108018875122
1371645453.89
0.106589078903
1371645454.0
0.106245040894
1371645454.11
0.107353925705
1371645454.22
0.107903003693
1371645454.32
0.105673074722
1371645454.43
0.106283903122
1371645454.53
0.106184005737
1371645454.64
0.107120990753
1371645454.75
0.106528043747
1371645454.85
0.107492923737
1371645455.08
0.223879098892
1371645455.08
0.00197291374207
1371645455.18
0.0949151515961
1371645455.28
0.105257034302
1371645455.39
0.106807947159
1371645455.49
0.107683897018
1371645455.6
0.108829021454
1371645455.71
0.103368997574
1371645455.81
0.106276988983
1371645455.92
0.107310056686
1371645456.03
0.10703086853
1371645456.13
0.106924057007
1371645456.24
0.107171058655
1371645456.35
0.105145931244
1371645456.45
0.10678601265
1371645456.56
0.10717010498
1371645456.67
0.107125043869
1371645456.77
0.106755018234
1371645456.88
0.105010986328
1371645456.99
0.10949587822
1371645457.33
0.338500022888
1371645457.33
0.00298810005188
1371645457.33
1.09672546387e-05
1371645457.42
0.0852608680725
1371645457.52
0.105414152145
1371645457.63
0.106717824936
1371645457.73
0.105578184128
1371645457.84
0.107582807541
1371645457.95
0.106199026108
1371645458.06
0.107485055923
1371645458.16
0.106880903244
1371645458.27
0.106884002686
1371645458.37
0.105250120163
1371645458.48
0.108186006546
1371645458.59
0.105547904968
1371645458.7
0.109646081924
1371645458.8
0.104779005051
1371645458.91
0.106508016586
1371645459.02
0.106683015823
1371645459.12
0.106708049774
1371645459.23
0.10561299324
1371645459.34
0.107693910599
1371645459.44
0.105428934097
1371645459.55
0.110157012939
1371645459.66
0.105000019073
1371645459.76
0.106115102768
1371645459.87
0.106431007385
1371645459.97
0.106377840042
1371645460.08
0.107409000397
1371645460.19
0.106359004974
1371645460.3
0.110330104828
1371645460.4
0.103843927383
1371645460.52
0.114105939865
1371645460.62
0.0990650653839
1371645460.72
0.1058781147
1371645460.84
0.116420030594
1371645460.94
0.096629858017
1371645461.04
0.107213020325
1371645461.15
0.107990980148
1371645461.26
0.1068110466
1371645461.48
0.224963903427
1371645461.48
0.00154399871826
1371645461.58
0.0970311164856
1371645461.68
0.103039979935
1371645461.79
0.10590004921
1371645461.9
0.108970880508
1371645462.01
0.107578992844
1371645462.11
0.103873968124
1371645462.22
0.106176137924
1371645462.32
0.107105970383
1371645462.43
0.109178066254
1371645462.54
0.103626012802
1371645462.64
0.106310844421
1371645462.75
0.108216047287
1371645462.86
0.106307983398
1371645462.96
0.106956005096
1371645463.07
0.106045007706
1371645463.18
0.106226921082
1371645463.29
0.110581159592
1371645463.39
0.105814933777
1371645463.5
0.106609106064
1371645463.87
0.375835895538
1371645463.88
0.000836133956909
1371645463.88
1.38282775879e-05
1371645463.92
0.047413110733
1371645464.03
0.106463909149
1371645464.14
0.106775999069
1371645464.24
0.106205940247
1371645464.35
0.107652187347
1371645464.46
0.106468915939
1371645464.56
0.106735944748
1371645464.67
0.106528043747
1371645464.78
0.106481075287
1371645464.89
0.109416007996
1371645464.99
0.106500864029
1371645465.1
0.104416131973
1371645465.2
0.106703996658
1371645465.31
0.107308864594
1371645465.42
0.107416152954
1371645465.53
0.115115880966
1371645465.63
0.0965280532837
1371645465.74
0.107059955597
1371645465.84
0.10604095459
1371645465.95
0.107710123062
1371645466.06
0.105875015259
1371645466.16
0.107295036316
1371645466.27
0.106151819229
1371645466.38
0.106626033783
1371645466.48
0.107862949371
1371645466.59
0.108456134796
1371645466.7
0.105565071106
1371645466.81
0.106647968292
1371645466.92
0.115020990372
1371645467.02
0.0987758636475
1371645467.12
0.104814052582
1371645467.23
0.107836961746
1371645467.34
0.105280160904
1371645467.45
0.108257770538
1371645467.56
0.115395069122
1371645467.66
0.0971319675446
1371645467.76
0.105933189392
1371645468.01
0.245380878448
1371645468.01
1.00135803223e-05
1371645468.08
0.0757730007172
1371645468.19
0.107451915741
1371645468.3
0.10641503334
1371645468.41
0.106621026993
1371645468.51
0.106503009796
1371645468.62
0.106328010559
1371645468.73
0.10729598999
1371645468.83
0.105412006378
1371645468.94
0.107078075409
1371645469.05
0.10746383667
1371645469.15
0.106692075729
1371645469.26
0.106966018677
1371645469.37
0.106395959854
1371645469.47
0.106071949005
1371645469.58
0.107414007187
1371645469.69
0.106150150299
1371645469.8
0.109972953796
1371645469.9
0.103307962418
1371645470.21
0.309775114059
1371645470.21
0.00337791442871
1371645470.22
0.00786805152893
1371645470.33
0.105752944946
1371645470.43
0.107199907303
1371645470.54
0.105679988861
1371645470.65
0.108075141907
1371645470.75
0.107001066208
1371645470.86
0.105842828751
1371645470.97
0.106905937195
1371645471.07
0.106560230255
1371645471.18
0.105409860611
1371645471.29
0.108557939529
1371645471.39
0.105377197266
1371645471.5
0.107518911362
1371645471.61
0.107081890106
1371645471.71
0.107195138931
1371645471.83
0.116060972214
1371645471.93
0.0968539714813
1371645472.04
0.110518932343
1371645472.14
0.102113962173
1371645472.25
0.107059001923
1371645472.35
0.106756210327
1371645472.46
0.106690883636
1371645472.57
0.106251955032
1371645472.67
0.10594701767
1371645472.78
0.108130931854
1371645472.89
0.107324123383
1371645472.99
0.105391025543
1371645473.1
0.106025934219
1371645473.21
0.108941078186
1371645473.31
0.105677843094
1371645473.42
0.107204198837
1371645473.53
0.106249809265
1371645473.63
0.106077194214
1371645473.74
0.106477022171
1371645473.85
0.108397960663
1371645473.95
0.105026960373
1371645474.06
0.108205080032
1371645474.17
0.105669975281
1371645474.4
0.234400987625
1371645474.4
7.9870223999e-05
1371645474.49
0.0866601467133
1371645474.59
0.105575799942
1371645474.7
0.106373071671
1371645474.81
0.106230020523
1371645474.91
0.107053995132
1371645475.02
0.107968091965
1371645475.13
0.106772899628
1371645475.23
0.10546207428
1371645475.34
0.108464002609
1371645475.45
0.105391979218
1371645475.55
0.106961965561
1371645475.66
0.106945991516
1371645475.77
0.107023000717
1371645475.87
0.10630106926
1371645475.98
0.106586933136
1371645476.09
0.108591079712
1371645476.21
0.121066808701
1371645476.49
0.28333902359
1371645476.5
0.00367903709412
1371645476.52
0.0207350254059
1371645476.62
0.103631973267
1371645476.73
0.104855060577
1371645476.83
0.106867074966
1371645476.94
0.107087850571
1371645477.05
0.107280015945
1371645477.15
0.106117963791
1371645477.26
0.106585979462
1371645477.37
0.106508016586
1371645477.48
0.108398199081
1371645477.58
0.105888843536
1371645477.69
0.106455087662
1371645477.79
0.107061862946
1371645477.9
0.109636068344
1371645478.01
0.102998971939
1371645478.12
0.107808113098
1371645478.22
0.105413913727
1371645478.33
0.107149124146
1371645478.44
0.108510017395
1371645478.54
0.105530977249
1371645478.65
0.111398935318
1371645478.76
0.102313995361
1371645478.86
0.105079889297
1371645478.97
0.106975078583
1371645479.08
0.107948064804
1371645479.18
0.107609033585
1371645479.29
0.10484290123
1371645479.4
0.107368946075
1371645479.5
0.106050014496
1371645479.61
0.107707023621
1371645479.72
0.107609987259
1371645479.82
0.105580091476
1371645479.93
0.106178998947
1371645480.04
0.10635304451
1371645480.14
0.107034921646
1371645480.25
0.107506036758
1371645480.53
0.283140897751
1371645480.54
0.00287008285522
1371645480.57
0.0325748920441
1371645480.68
0.107974052429
1371645480.78
0.106629133224
1371645480.89
0.106216907501
1371645481.0
0.106348991394
1371645481.11
0.11452293396
1371645481.21
0.0991649627686
1371645481.32
0.107633113861
1371645481.42
0.106051921844
1371645481.53
0.107197999954
1371645481.64
0.105210065842
1371645481.74
0.109285116196
1371645481.85
0.106073856354
1371645481.96
0.105621099472
1371645482.06
0.105965852737
1371645482.17
0.106989145279
1371645482.28
0.106745958328
1371645482.38
0.10781288147
1371645482.5
0.118103981018
1371645482.85
0.349708080292
1371645482.85
0.00116109848022
1371645482.85
2.19345092773e-05
1371645483.05
0.200637102127
1371645483.05
9.48905944824e-05
1371645483.13
0.0757629871368
1371645483.24
0.107348918915
1371645483.34
0.106826066971
1371645483.45
0.106816053391
1371645483.56
0.109531879425
1371645483.66
0.103546142578
1371645483.77
0.10590004921
1371645483.88
0.107600927353
1371645483.98
0.106812000275
1371645484.1
0.111784934998
1371645484.2
0.108817100525
1371645484.3
0.099014043808
1371645484.41
0.109568834305
1371645484.52
0.104319095612
1371645484.62
0.106888055801
1371645484.74
0.112174987793
1371645484.84
0.100682020187
1371645484.94
0.107365846634
1371645485.05
0.106711149216
1371645485.16
0.108822822571
1371645485.26
0.103618144989
1371645485.37
0.106875896454
1371645485.48
0.107425928116
1371645485.58
0.107048034668
1371645485.69
0.106319189072
1371645485.8
0.106138944626
1371645485.91
0.107991933823
1371645486.01
0.106260061264
1371645486.12
0.105823040009
1371645486.23
0.112979888916
1371645486.33
0.103619098663
1371645486.44
0.10734796524
1371645486.55
0.10410785675
1371645486.65
0.107282161713
1371645486.76
0.104958057404
1371645487.03
0.276212930679
1371645487.04
0.00220894813538
1371645487.08
0.0423629283905
1371645487.19
0.107803106308
1371645487.29
0.105077028275
1371645487.4
0.10680603981
1371645487.5
0.106364965439
1371645487.61
0.107283830643
1371645487.72
0.106741189957
1371645487.82
0.105783939362
1371645487.93
0.107097864151
1371645488.04
0.106320142746
1371645488.15
0.108071088791
1371645488.25
0.105125904083
1371645488.36
0.109664916992
1371645488.46
0.104454994202
1371645488.57
0.10968208313
1371645488.68
0.103385925293
1371645488.79
0.107453107834
1371645488.91
0.128556013107
1371645489.27
0.352639913559
1371645489.27
0.00655698776245
1371645489.27
1.09672546387e-05
1371645489.32
0.0474581718445
1371645489.43
0.105136871338
1371645489.53
0.105432987213
1371645489.64
0.1089220047
1371645489.75
0.108108043671
1371645489.85
0.104146003723
1371645489.96
0.105625867844
1371645490.07
0.107487201691
1371645490.17
0.107465028763
1371645490.28
0.106805801392
1371645490.39
0.105684995651
1371645490.49
0.107979059219
1371645490.6
0.104716062546
1371645490.71
0.108319997787
1371645490.81
0.106359958649
1371645490.92
0.106960058212
1371645491.02
0.105183839798
1371645491.13
0.10780620575
1371645491.24
0.106411933899
1371645491.35
0.107712030411
1371645491.45
0.105759859085
1371645491.56
0.107007026672
1371645491.67
0.105441093445
1371645491.77
0.10987496376
1371645491.88
0.105670928955
1371645491.99
0.105734109879
1371645492.09
0.105880022049
1371645492.2
0.107064962387
1371645492.31
0.10725903511
1371645492.42
0.108830928802
1371645492.52
0.103276014328
1371645492.63
0.107722043991
1371645492.73
0.106235027313
1371645492.84
0.107933998108
1371645492.95
0.106062889099
1371645493.05
0.106716156006
1371645493.16
0.106358766556
1371645493.38
0.225142002106
1371645493.38
1.50203704834e-05
1371645493.48
0.0964350700378
1371645493.59
0.10502409935
1371645493.7
0.108836889267
1371645493.8
0.104911088943
1371645493.91
0.107080936432
1371645494.01
0.106380939484
1371645494.12
0.107988119125
1371645494.23
0.104892015457
1371645494.34
0.110188007355
1371645494.44
0.103703022003
1371645494.55
0.106690883636
1371645494.65
0.105546951294
1371645494.76
0.108253002167
1371645494.87
0.105201005936
1371645494.97
0.107810974121
1371645495.08
0.108641147614
1371645495.19
0.10484290123
1371645495.3
0.108541965485
1371645495.66
0.368949174881
1371645495.67
0.00365495681763
1371645495.67
2.00271606445e-05
1371645495.84
0.173629999161
1371645495.84
0.000770807266235
1371645495.93
0.090409040451
1371645496.04
0.108674049377
1371645496.15
0.106002092361
1371645496.25
0.105937957764
1371645496.36
0.10722899437
1371645496.47
0.107358932495
1371645496.57
0.105407953262
1371645496.68
0.108228206635
1371645496.79
0.104654788971
1371645496.89
0.107755184174
1371645497.0
0.107359886169
1371645497.11
0.105603933334
1371645497.22
0.110248088837
1371645497.32
0.104075908661
1371645497.43
0.105176210403
1371645497.54
0.108781814575
1371645497.64
0.106208086014
1371645497.75
0.106105089188
1371645497.85
0.106104850769
1371645497.96
0.107572078705
1371645498.07
0.105911016464
1371645498.18
0.107863903046
1371645498.28
0.106114149094
1371645498.39
0.107132911682
1371645498.5
0.106508970261
1371645498.6
0.109112024307
1371645498.71
0.103286027908
1371645498.81
0.107290029526
1371645498.92
0.107094049454
1371645499.03
0.106002807617
1371645499.14
0.107225179672
1371645499.24
0.107131004333
1371645499.35
0.106501817703
1371645499.45
0.105751991272
1371645499.56
0.106724023819
1371645499.78
0.218424081802
1371645499.78
0.000338077545166
1371645499.88
0.102633953094
1371645499.99
0.105310916901
1371645500.1
0.107567071915
1371645500.2
0.107934951782
1371645500.31
0.105587005615
1371645500.42
0.107328891754
1371645500.52
0.106205224991
1371645500.63
0.111079931259
1371645500.74
0.102349996567
1371645500.84
0.106546878815
1371645500.95
0.107314109802
1371645501.06
0.105884075165
1371645501.16
0.106664896011
1371645501.53
0.363081932068
1371645501.53
0.000648021697998
1371645501.53
1.50203704834e-05
1371645501.59
0.0658631324768
1371645501.7
0.103096008301
1371645501.8
0.108071804047
1371645501.91
0.10600399971
1371645502.02
0.108168125153
1371645502.12
0.105484008789
1371645502.23
0.105909824371
1371645502.34
0.106934070587
1371645502.44
0.107342004776
1371645502.55
0.106400966644
1371645502.66
0.106772184372
1371645502.76
0.10563492775
1371645502.87
0.108142852783
1371645502.98
0.105955123901
1371645503.08
0.107448101044
1371645503.19
0.105445861816
1371645503.3
0.114395141602
1371645503.4
0.0995318889618
1371645503.51
0.10675406456
1371645503.62
0.106372833252
1371645503.72
0.107379198074
1371645503.83
0.10860991478
1371645503.94
0.106170892715
1371645504.04
0.104817152023
1371645504.15
0.106413841248
1371645504.26
0.106851100922
1371645504.36
0.106957912445
1371645504.47
0.106470108032
1371645504.58
0.107367992401
1371645504.69
0.108355998993
1371645504.79
0.10643196106
1371645504.9
0.104804992676
1371645505.0
0.107276916504
1371645505.11
0.106694221497
1371645505.22
0.108103990555
1371645505.32
0.105400800705
1371645505.43
0.107542037964
1371645505.72
0.286558151245
1371645505.72
0.00401496887207
1371645505.75
0.0275280475616
1371645505.86
0.107122898102
1371645505.96
0.107089042664
1371645506.07
0.107639074326
1371645506.18
0.105801820755
1371645506.28
0.10625910759
1371645506.39
0.108793020248
1371645506.5
0.10560297966
1371645506.6
0.105890989304
1371645506.71
0.107117891312
1371645506.83
0.115238189697
1371645506.92
0.0984199047089
1371645507.03
0.107136011124
1371645507.14
0.107017993927
1371645507.24
0.1060359478
1371645507.35
0.107134103775
1371645507.46
0.104825973511
1371645507.56
0.108048915863
1371645507.86
0.294460058212
1371645507.86
0.00170302391052
1371645507.89
0.0240018367767
1371645507.99
0.106694221497
1371645508.1
0.105996847153
1371645508.21
0.107726097107
1371645508.31
0.105731964111
1371645508.42
0.109310865402
1371645508.52
0.104320049286
1371645508.63
0.109663963318
1371645508.74
0.104439020157
1371645508.85
0.106099128723
1371645508.95
0.105741024017
1371645509.06
0.109762907028
1371645509.16
0.103985071182
1371645509.27
0.107218980789
1371645509.38
0.106673955917
1371645509.49
0.107532024384
1371645509.59
0.106580018997
1371645509.7
0.106468915939
1371645509.81
0.106827020645
1371645509.91
0.106905937195
1371645510.02
0.109117984772
1371645510.13
0.103559017181
1371645510.23
0.108591079712
1371645510.34
0.105756998062
1371645510.44
0.105060100555
1371645510.56
0.119792938232
1371645510.66
0.093563079834
1371645510.77
0.10750079155
1371645510.87
0.106683015823
1371645510.98
0.107357978821
1371645511.08
0.105234146118
1371645511.19
0.108774900436
1371645511.3
0.105137109756
1371645511.41
0.106943845749
1371645511.51
0.105979204178
1371645511.62
0.108064889908
1371645511.72
0.105000972748
1371645511.83
0.108092069626
1371645511.94
0.106633901596
1371645512.05
0.106604099274
1371645512.15
0.105923891068
1371645512.26
0.107781171799
1371645512.37
0.106027841568
1371645512.47
0.107360124588
1371645512.58
0.108899831772
1371645512.69
0.105864048004
1371645512.8
0.107387065887
1371645512.9
0.107002019882
1371645513.01
0.104012966156
s=237.103856087
i=2229
Avg=0.1064
