1371645274.93
1371645275.08
0.149225950241
1371645275.13
0.05046916008
1371645275.23
0.101310968399
1371645275.33
0.098799943924
1371645275.76
0.4311439991
1371645275.76
0.00141096115112
1371645275.76
1.69277191162e-05
1371645275.76
9.05990600586e-06
1371645275.93
0.170727968216
1371645276.03
0.0991611480713
1371645276.13
0.0987379550934
1371645276.23
0.100214004517
1371645276.43
0.199597835541
1371645276.53
0.0998241901398
1371645276.63
0.101052999496
1371645276.73
0.0993988513947
1371645276.83
0.100227117538
1371645276.93
0.100159883499
1371645277.03
0.101633071899
1371645277.13
0.0977289676666
1371645277.25
0.118874073029
1371645277.57
0.32528090477
1371645277.57
8.70227813721e-05
1371645277.57
1.81198120117e-05
1371645277.63
0.0569009780884
1371645277.73
0.0988988876343
1371645277.83
0.100131034851
1371645277.93
0.100713968277
1371645278.03
0.100742101669
1371645278.13
0.100522041321
1371645278.23
0.0997560024261
1371645278.33
0.0992648601532
1371645278.43
0.100541114807
1371645278.53
0.100251913071
1371645278.63
0.0999600887299
1371645278.73
0.0988638401031
1371645278.83
0.100517988205
1371645278.94
0.105952978134
1371645279.03
0.0945541858673
1371645279.13
0.099133014679
1371645279.23
0.100443840027
1371645279.33
0.0998051166534
1371645279.43
0.0994870662689
1371645279.53
0.100004911423
1371645279.63
0.100138902664
1371645279.73
0.101184129715
1371645279.83
0.0997538566589
1371645279.93
0.0991160869598
1371645280.03
0.100220918655
1371645280.13
0.0995590686798
1371645280.23
0.100362062454
1371645280.33
0.0998220443726
1371645280.43
0.100419998169
1371645280.53
0.100479841232
1371645280.63
0.100660085678
1371645280.73
0.0994000434875
1371645280.83
0.100663900375
1371645280.93
0.0993630886078
1371645281.03
0.10011100769
1371645281.13
0.100146055222
1371645281.23
0.10057592392
1371645281.33
0.099426984787
1371645281.43
0.10013794899
1371645281.53
0.0996670722961
1371645281.78
0.249747991562
1371645281.78
4.79221343994e-05
1371645281.83
0.05189204216
1371645281.93
0.100469112396
1371645282.03
0.0986108779907
1371645282.13
0.100987911224
1371645282.23
0.0984082221985
1371645282.33
0.0996878147125
1371645282.43
0.100424051285
1371645282.53
0.0996539592743
1371645282.63
0.100226163864
1371645282.73
0.100020885468
1371645282.83
0.100754976273
1371645282.93
0.103863954544
1371645283.03
0.0981261730194
1371645283.13
0.098653793335
1371645283.23
0.100858211517
1371645283.33
0.0986738204956
1371645283.43
0.101278066635
1371645283.53
0.099534034729
1371645283.63
0.100037097931
1371645283.9
0.269562959671
1371645283.9
0.00169897079468
1371645283.93
0.0287640094757
1371645284.03
0.0998818874359
1371645284.13
0.0993590354919
1371645284.23
0.0995481014252
1371645284.33
0.100472927094
1371645284.43
0.0996050834656
1371645284.53
0.100549936295
1371645284.63
0.099545955658
1371645284.73
0.10040307045
1371645284.83
0.0996129512787
1371645284.93
0.0999670028687
1371645285.03
0.100069046021
1371645285.13
0.0999188423157
1371645285.24
0.107371091843
1371645285.33
0.0940189361572
1371645285.43
0.0993709564209
1371645285.53
0.10045003891
1371645285.63
0.0997161865234
1371645285.73
0.100540876389
1371645285.83
0.0995481014252
1371645285.93
0.100812911987
1371645286.03
0.101558923721
1371645286.13
0.0982441902161
1371645286.23
0.0996608734131
1371645286.33
0.100425958633
1371645286.43
0.0990569591522
1371645286.53
0.100697040558
1371645286.63
0.10267996788
1371645286.73
0.096883058548
1371645286.83
0.100213050842
1371645286.93
0.100872039795
1371645287.03
0.0998718738556
1371645287.13
0.101073980331
1371645287.23
0.0987551212311
1371645287.33
0.0991609096527
1371645287.43
0.100141048431
1371645287.53
0.101243019104
1371645287.63
0.0989489555359
1371645287.73
0.101485967636
1371645287.98
0.246973991394
1371645287.98
1.50203704834e-05
1371645288.03
0.0522429943085
1371645288.13
0.100311994553
1371645288.23
0.100311040878
1371645288.33
0.0993249416351
1371645288.43
0.100569963455
1371645288.53
0.0992691516876
1371645288.63
0.102043867111
1371645288.73
0.0988631248474
1371645288.83
0.0994908809662
1371645288.93
0.100100040436
1371645289.03
0.0995981693268
1371645289.13
0.100888967514
1371645289.24
0.102172851562
1371645289.33
0.0979659557343
1371645289.6
0.266659021378
1371645289.61
0.00894618034363
1371645289.63
0.0238239765167
1371645289.73
0.101078033447
1371645289.84
0.101366996765
1371645289.93
0.0973098278046
1371645290.03
0.100908041
1371645290.13
0.0993950366974
1371645290.23
0.10011100769
1371645290.33
0.0995969772339
1371645290.43
0.101094961166
1371645290.53
0.100094079971
1371645290.64
0.10102391243
1371645290.73
0.0995399951935
1371645290.83
0.0996141433716
1371645290.93
0.0995199680328
1371645291.03
0.100759983063
1371645291.13
0.0993928909302
1371645291.23
0.100430965424
1371645291.33
0.0996780395508
1371645291.43
0.100195169449
1371645291.53
0.0993847846985
1371645291.63
0.100136041641
1371645291.73
0.100391149521
1371645291.83
0.0996589660645
1371645291.95
0.111281871796
1371645292.03
0.088525056839
1371645292.13
0.100353002548
1371645292.23
0.100167989731
1371645292.33
0.0996811389923
1371645292.43
0.0998759269714
1371645292.53
0.10009098053
1371645292.63
0.0997519493103
1371645292.73
0.100230932236
1371645292.83
0.100090026855
1371645292.93
0.100522994995
1371645293.03
0.100675106049
1371645293.14
0.100270986557
1371645293.23
0.0994389057159
1371645293.34
0.100399971008
1371645293.44
0.100545167923
1371645293.53
0.09889793396
1371645293.78
0.245325088501
1371645293.78
0.00314593315125
1371645293.84
0.0599329471588
1371645293.94
0.0922589302063
1371645294.04
0.0999641418457
1371645294.14
0.10050702095
1371645294.24
0.0994298458099
1371645294.33
0.0997190475464
1371645294.44
0.101626157761
1371645294.54
0.0985608100891
1371645294.63
0.099888086319
1371645294.74
0.100924968719
1371645294.84
0.099308013916
1371645294.93
0.0994639396667
1371645295.04
0.100542068481
1371645295.14
0.100399017334
1371645295.24
0.100476980209
1371645295.33
0.098916053772
1371645295.44
0.102015972137
1371645295.54
0.0999240875244
1371645295.64
0.10057592392
1371645295.91
0.275053024292
1371645295.91
0.000303030014038
1371645295.94
0.024936914444
1371645296.04
0.0982069969177
1371645296.14
0.100168943405
1371645296.24
0.0997111797333
1371645296.34
0.100923776627
1371645296.44
0.0998060703278
1371645296.54
0.0994329452515
1371645296.64
0.0998849868774
1371645296.74
0.100089073181
1371645296.84
0.0994350910187
1371645296.94
0.100049972534
1371645297.04
0.101305007935
1371645297.14
0.0990469455719
1371645297.24
0.0998680591583
1371645297.34
0.100640058517
1371645297.44
0.0995209217072
1371645297.54
0.10094499588
1371645297.64
0.100584983826
1371645297.74
0.0986700057983
1371645297.84
0.101212978363
1371645297.94
0.0995380878448
1371645298.04
0.100435972214
1371645298.14
0.0999300479889
1371645298.24
0.099515914917
1371645298.34
0.100569963455
1371645298.44
0.0996570587158
1371645298.54
0.0997250080109
1371645298.64
0.101605892181
1371645298.74
0.0986971855164
1371645298.84
0.100057840347
1371645298.94
0.100382089615
1371645299.04
0.0997068881989
1371645299.14
0.101603984833
1371645299.24
0.098729133606
1371645299.34
0.0998828411102
1371645299.44
0.101693153381
1371645299.54
0.0987188816071
1371645299.64
0.102879047394
1371645299.74
0.096745967865
1371645299.84
0.0996119976044
1371645300.1
0.262418031693
1371645300.1
0.00502514839172
1371645300.14
0.0330169200897
1371645300.24
0.100185871124
1371645300.34
0.099002122879
1371645300.44
0.101039886475
1371645300.54
0.100977182388
1371645300.64
0.0993168354034
1371645300.74
0.100738048553
1371645300.84
0.0994501113892
1371645300.94
0.0997388362885
1371645301.04
0.100386142731
1371645301.14
0.101897954941
1371645301.24
0.0980269908905
1371645301.34
0.0995569229126
1371645301.44
0.101312160492
1371645301.54
0.0987689495087
1371645301.64
0.100009918213
1371645301.74
0.0999200344086
1371645301.84
0.100922107697
1371645301.94
0.101833820343
1371645302.04
0.098610162735
1371645302.32
0.284992933273
1371645302.33
0.00293302536011
1371645302.34
0.0177218914032
1371645302.44
0.0937240123749
1371645302.54
0.0998160839081
1371645302.64
0.101557016373
1371645302.74
0.0977389812469
1371645302.84
0.101294994354
1371645302.94
0.100358009338
1371645303.04
0.100538015366
1371645303.14
0.0988569259644
1371645303.24
0.100927114487
1371645303.34
0.098876953125
1371645303.44
0.10015296936
1371645303.54
0.100327014923
1371645303.64
0.0998299121857
1371645303.74
0.100041151047
1371645303.84
0.0997648239136
1371645303.94
0.100936174393
1371645304.04
0.0990509986877
1371645304.14
0.0999989509583
1371645304.24
0.10062289238
1371645304.34
0.0998630523682
1371645304.44
0.102147102356
1371645304.54
0.0996580123901
1371645304.64
0.0978128910065
1371645304.74
0.100649118423
1371645304.84
0.0998649597168
1371645304.94
0.0996518135071
1371645305.04
0.0997490882874
1371645305.14
0.100534915924
1371645305.24
0.101883172989
1371645305.34
0.0995960235596
1371645305.44
0.10108089447
1371645305.54
0.0984020233154
1371645305.64
0.0995330810547
1371645305.74
0.10023188591
1371645305.84
0.100230932236
1371645305.94
0.100711107254
1371645306.04
0.0996038913727
1371645306.14
0.0995790958405
1371645306.24
0.0997359752655
1371645306.34
0.100134134293
1371645306.6
0.264546871185
1371645306.6
0.000103950500488
1371645306.64
0.035117149353
1371645306.74
0.100498914719
1371645306.84
0.101425886154
1371645306.94
0.0982201099396
1371645307.04
0.100908041
1371645307.14
0.0995109081268
1371645307.24
0.100886106491
1371645307.34
0.0988669395447
1371645307.44
0.0998349189758
1371645307.54
0.100237131119
1371645307.64
0.100430011749
1371645307.74
0.0994288921356
1371645307.86
0.125076055527
1371645308.17
0.3053150177
1371645308.18
0.00940895080566
1371645308.18
1.90734863281e-05
1371645308.24
0.0615060329437
1371645308.34
0.0997979640961
1371645308.44
0.100298881531
1371645308.54
0.0998270511627
1371645308.64
0.0996761322021
1371645308.74
0.100843906403
1371645308.84
0.0993928909302
1371645308.94
0.100238084793
1371645309.04
0.100353002548
1371645309.14
0.0992810726166
1371645309.24
0.100222826004
1371645309.34
0.100089073181
1371645309.44
0.0996670722961
1371645309.54
0.100739002228
1371645309.64
0.0992569923401
1371645309.74
0.100095033646
1371645309.84
0.100375890732
1371645309.94
0.0996429920197
1371645310.04
0.101283073425
1371645310.14
0.0984869003296
1371645310.24
0.0999290943146
1371645310.34
0.101183891296
1371645310.44
0.100099086761
1371645310.54
0.100001096725
1371645310.64
0.0998299121857
1371645310.74
0.101553916931
1371645310.85
0.102400064468
1371645310.94
0.0964560508728
1371645311.04
0.0998520851135
1371645311.14
0.100623846054
1371645311.24
0.100018978119
1371645311.34
0.100077152252
1371645311.44
0.100793838501
1371645311.54
0.0981919765472
1371645311.64
0.0998830795288
1371645311.74
0.100214004517
1371645311.84
0.101876974106
1371645311.94
0.0982639789581
1371645312.04
0.0998859405518
1371645312.14
0.102249145508
1371645312.4
0.26029086113
1371645312.4
1.31130218506e-05
1371645312.44
0.0376329421997
1371645312.54
0.100015163422
1371645312.64
0.0997438430786
1371645312.74
0.101587057114
1371645312.84
0.100440979004
1371645312.94
0.0996630191803
1371645313.04
0.100715875626
1371645313.3
0.25362610817
1371645313.3
1.31130218506e-05
1371645313.34
0.0454709529877
1371645313.44
0.100374937057
1371645313.54
0.0990550518036
1371645313.64
0.1001329422
1371645313.74
0.100074052811
1371645313.84
0.100264072418
1371645313.94
0.0995419025421
1371645314.04
0.100780963898
1371645314.14
0.100605964661
1371645314.24
0.098895072937
1371645314.34
0.0997638702393
1371645314.44
0.0998380184174
1371645314.54
0.10071015358
1371645314.64
0.0997228622437
1371645314.74
0.101440191269
1371645314.84
0.0980157852173
1371645314.94
0.10068821907
1371645315.04
0.100015878677
1371645315.14
0.099221944809
1371645315.24
0.100414037704
1371645315.34
0.101119041443
1371645315.45
0.102524995804
1371645315.54
0.0978889465332
1371645315.64
0.0995891094208
1371645315.74
0.100291013718
1371645315.84
0.10019993782
1371645315.95
0.101790904999
1371645316.14
0.197963953018
1371645316.24
0.100218057632
1371645316.34
0.0991909503937
1371645316.44
0.100454092026
1371645316.54
0.100234985352
1371645316.64
0.099503993988
1371645316.74
0.10035610199
1371645316.84
0.100533008575
1371645316.94
0.0992639064789
1371645317.04
0.100297927856
1371645317.14
0.100110054016
1371645317.41
0.261569023132
1371645317.41
5.50746917725e-05
1371645317.44
0.0379860401154
1371645317.54
0.100035905838
1371645317.64
0.100033998489
1371645317.74
0.10085606575
1371645317.84
0.0997560024261
1371645317.95
0.102151870728
1371645318.04
0.0980789661407
1371645318.15
0.101921081543
1371645318.25
0.100481987
1371645318.35
0.0979480743408
1371645318.45
0.102485895157
1371645318.55
0.0973191261292
1371645318.64
0.0995979309082
1371645318.75
0.100795984268
1371645318.85
0.101362943649
1371645318.95
0.100074052811
1371645319.05
0.0984630584717
1371645319.15
0.0999779701233
1371645319.25
0.108021974564
1371645319.55
0.29668211937
1371645319.55
0.00358080863953
1371645319.55
1.31130218506e-05
1371645319.65
0.0932419300079
1371645319.75
0.0983109474182
1371645319.84
0.0995900630951
1371645319.95
0.100785970688
1371645320.05
0.10037612915
1371645320.15
0.101316928864
1371645320.25
0.101391077042
1371645320.35
0.0965979099274
1371645320.45
0.100919008255
1371645320.55
0.0995221138
1371645320.65
0.100215911865
1371645320.75
0.10061788559
1371645320.85
0.0991702079773
1371645320.95
0.0998568534851
1371645321.05
0.101272106171
1371645321.15
0.0995309352875
1371645321.25
0.0998010635376
1371645321.35
0.100253820419
1371645321.45
0.099650144577
1371645321.55
0.100867033005
1371645321.65
0.0988178253174
1371645321.75
0.100496053696
1371645321.85
0.100635051727
1371645321.95
0.0987520217896
1371645322.05
0.100218057632
1371645322.15
0.100168943405
1371645322.25
0.0999479293823
1371645322.35
0.0996630191803
1371645322.45
0.100167989731
1371645322.55
0.100559949875
1371645322.65
0.0998351573944
1371645322.75
0.100558042526
1371645322.85
0.100385904312
1371645322.95
0.099515914917
1371645323.05
0.101310968399
1371645323.15
0.0988311767578
1371645323.25
0.100746870041
1371645323.35
0.0995571613312
1371645323.45
0.0998458862305
1371645323.55
0.0996909141541
1371645323.82
0.270289182663
1371645323.82
0.00342988967896
1371645323.85
0.0265109539032
1371645323.95
0.100047111511
1371645324.05
0.100108861923
1371645324.15
0.100306987762
1371645324.25
0.10049200058
1371645324.35
0.101033210754
1371645324.45
0.0997779369354
1371645324.55
0.0992479324341
1371645324.65
0.0993831157684
1371645324.75
0.100408792496
1371645324.85
0.0996901988983
1371645324.95
0.100415945053
1371645325.05
0.0989680290222
1371645325.15
0.100844860077
1371645325.25
0.100018024445
1371645325.35
0.100486040115
1371645325.45
0.1001060009
1371645325.55
0.0996189117432
1371645325.65
0.100810050964
1371645325.75
0.100038051605
1371645326.03
0.28468298912
1371645326.03
0.000637054443359
1371645326.05
0.014270067215
1371645326.15
0.101263999939
1371645326.25
0.104965925217
1371645326.35
0.0938370227814
1371645326.45
0.102622032166
1371645326.55
0.0974779129028
1371645326.65
0.0997140407562
1371645326.75
0.0995259284973
1371645326.85
0.0999360084534
1371645326.95
0.101850032806
1371645327.05
0.0987679958344
1371645327.15
0.099426984787
1371645327.25
0.100542068481
1371645327.35
0.0995390415192
1371645327.45
0.0998888015747
1371645327.55
0.100800991058
1371645327.65
0.0994420051575
1371645327.75
0.100728034973
1371645327.85
0.100401163101
1371645327.95
0.0997569561005
1371645328.05
0.0999829769135
1371645328.15
0.100931882858
1371645328.25
0.099231004715
1371645328.35
0.100084066391
1371645328.45
0.0999190807343
1371645328.55
0.100335836411
1371645328.65
0.100301027298
1371645328.75
0.0992679595947
1371645328.85
0.0998811721802
1371645328.95
0.0999648571014
1371645329.05
0.100542068481
1371645329.15
0.100605010986
1371645329.25
0.0991830825806
1371645329.35
0.100418806076
1371645329.45
0.0998542308807
1371645329.55
0.101404905319
1371645329.65
0.0980448722839
1371645329.75
0.100297212601
1371645329.85
0.0998549461365
1371645329.95
0.10017991066
1371645330.22
0.275583982468
1371645330.22
7.20024108887e-05
1371645330.25
0.0277359485626
1371645330.35
0.0972440242767
1371645330.45
0.100286006927
1371645330.55
0.100363016129
1371645330.65
0.100176095963
1371645330.75
0.0999109745026
1371645330.85
0.0997669696808
1371645330.95
0.0998980998993
1371645331.05
0.100003957748
1371645331.15
0.100511074066
1371645331.25
0.0997769832611
1371645331.35
0.0996608734131
1371645331.45
0.100624084473
1371645331.55
0.0992169380188
1371645331.65
0.100095033646
1371645331.75
0.0999810695648
1371645331.85
0.100125789642
1371645331.95
0.0995211601257
1371645332.05
0.10062789917
1371645332.15
0.101408004761
1371645332.25
0.0985641479492
1371645332.51
0.260473966599
1371645332.51
0.000174999237061
1371645332.55
0.0398149490356
1371645332.65
0.100984096527
1371645332.75
0.099711894989
1371645332.85
0.0999269485474
1371645332.95
0.0996811389923
1371645333.05
0.101590871811
1371645333.15
0.0986831188202
1371645333.25
0.099750995636
1371645333.35
0.100785970688
1371645333.45
0.0992538928986
1371645333.55
0.100049972534
1371645333.65
0.101176977158
1371645333.75
0.0992631912231
1371645333.85
0.0996468067169
1371645333.95
0.099906206131
1371645334.05
0.10032582283
1371645334.15
0.0999941825867
1371645334.25
0.0996029376984
1371645334.35
0.1015188694
1371645334.46
0.108016014099
1371645334.55
0.0909380912781
1371645334.65
0.10057091713
1371645334.75
0.099130153656
1371645334.85
0.100104808807
1371645334.95
0.100448131561
1371645335.05
0.0995168685913
1371645335.15
0.100074052811
1371645335.25
0.101083993912
1371645335.35
0.100025177002
1371645335.45
0.0998659133911
1371645335.55
0.0995399951935
1371645335.65
0.101019859314
1371645335.75
0.100139141083
1371645335.85
0.0991139411926
1371645335.95
0.100517988205
1371645336.05
0.0993881225586
1371645336.15
0.100737810135
1371645336.25
0.0996479988098
1371645336.36
0.102696180344
1371645336.6
0.24494099617
1371645336.6
0.00308895111084
1371645336.65
0.049565076828
1371645336.75
0.0992889404297
1371645336.85
0.100113868713
1371645336.95
0.0999081134796
1371645337.05
0.100154876709
1371645337.15
0.0998191833496
1371645337.25
0.10033082962
1371645337.35
0.10050702095
1371645337.45
0.0992879867554
1371645337.55
0.100185155869
1371645337.65
0.102522850037
1371645337.75
0.0988891124725
1371645337.85
0.101258993149
1371645337.95
0.0984029769897
1371645338.05
0.0996980667114
1371645338.15
0.100411891937
1371645338.25
0.099977016449
1371645338.35
0.100562095642
1371645338.68
0.322439908981
1371645338.68
8.39233398438e-05
1371645338.68
1.90734863281e-05
1371645338.75
0.0762910842896
1371645338.85
0.100954055786
1371645338.95
0.0988228321075
1371645339.05
0.0998499393463
1371645339.15
0.101307153702
1371645339.25
0.098916053772
1371645339.35
0.100861787796
1371645339.45
0.0999131202698
1371645339.56
0.102879047394
1371645339.65
0.0963568687439
1371645339.75
0.100495100021
1371645339.85
0.099592924118
1371645339.96
0.102594137192
1371645340.06
0.100814819336
1371645340.15
0.0977041721344
1371645340.25
0.0999979972839
1371645340.35
0.100363016129
1371645340.45
0.0992119312286
1371645340.55
0.100501060486
1371645340.65
0.100973844528
1371645340.75
0.0990509986877
1371645340.85
0.100432157516
1371645340.95
0.0990948677063
1371645341.05
0.101273059845
1371645341.16
0.101988077164
1371645341.25
0.0969979763031
1371645341.35
0.0997438430786
1371645341.45
0.10088300705
1371645341.55
0.0991590023041
1371645341.65
0.100301980972
1371645341.75
0.100167989731
1371645341.85
0.100602149963
1371645341.96
0.105834007263
1371645342.05
0.0932829380035
1371645342.15
0.100197076797
1371645342.25
0.100544929504
1371645342.35
0.0999081134796
1371645342.46
0.100750923157
1371645342.55
0.0987598896027
1371645342.85
0.292428970337
1371645342.85
0.00279808044434
1371645342.86
0.00599408149719
1371645342.95
0.0993919372559
1371645343.05
0.10037612915
1371645343.16
0.101435899734
1371645343.25
0.0984969139099
1371645343.36
0.100231170654
1371645343.46
0.100097894669
1371645343.56
0.100615978241
1371645343.66
0.0992591381073
1371645343.75
0.0998978614807
1371645343.86
0.100650072098
1371645343.95
0.0994079113007
1371645344.05
0.0998520851135
1371645344.16
0.100172996521
1371645344.26
0.100353956223
1371645344.35
0.0994749069214
1371645344.46
0.100397109985
1371645344.55
0.0995419025421
1371645344.65
0.100136995316
1371645344.77
0.113088130951
1371645345.07
0.305593013763
1371645345.08
0.00204491615295
1371645345.08
1.00135803223e-05
1371645345.16
0.0800831317902
1371645345.26
0.100803852081
1371645345.36
0.100685119629
1371645345.46
0.0994939804077
1371645345.56
0.0989689826965
1371645345.66
0.100648880005
1371645345.76
0.10005402565
1371645345.86
0.0993120670319
1371645345.96
0.102341890335
1371645346.06
0.0976991653442
1371645346.16
0.100152015686
1371645346.26
0.1002368927
1371645346.36
0.0993740558624
1371645346.47
0.111701011658
1371645346.56
0.0889818668365
1371645346.66
0.10026216507
1371645346.76
0.09974193573
1371645346.86
0.10039305687
1371645346.96
0.099280834198
1371645347.06
0.101245164871
1371645347.16
0.0988998413086
1371645347.26
0.10095500946
1371645347.36
0.0992751121521
1371645347.46
0.0994908809662
1371645347.56
0.100494146347
1371645347.66
0.100121021271
1371645347.76
0.101228952408
1371645347.86
0.0993649959564
1371645347.96
0.10003900528
1371645348.06
0.100297927856
1371645348.16
0.100359916687
1371645348.26
0.0998680591583
1371645348.36
0.102034091949
1371645348.46
0.0976638793945
1371645348.56
0.101005077362
1371645348.66
0.0986349582672
1371645348.76
0.0999419689178
1371645348.86
0.100474119186
1371645348.96
0.10005402565
1371645349.06
0.100075006485
1371645349.31
0.252302885056
1371645349.32
0.0069739818573
1371645349.36
0.0403251647949
1371645349.46
0.10049700737
1371645349.56
0.0996708869934
1371645349.66
0.101243019104
1371645349.76
0.098641872406
1371645349.86
0.100183010101
1371645349.96
0.0993151664734
1371645350.06
0.0993099212646
1371645350.16
0.101633071899
1371645350.26
0.101803064346
1371645350.36
0.0985858440399
1371645350.46
0.101176023483
1371645350.56
0.0985569953918
1371645350.66
0.102782964706
1371645350.76
0.0978419780731
1371645351.04
0.277522087097
1371645351.04
0.00175905227661
1371645351.06
0.0213470458984
1371645351.16
0.0989999771118
1371645351.26
0.100746870041
1371645351.36
0.0998749732971
1371645351.46
0.0994889736176
1371645351.56
0.100028038025
1371645351.66
0.100559949875
1371645351.76
0.0993430614471
1371645351.86
0.100101947784
1371645351.96
0.0995061397552
1371645352.06
0.0999269485474
1371645352.16
0.101349115372
1371645352.26
0.0991139411926
1371645352.36
0.0999598503113
1371645352.46
0.0999491214752
1371645352.56
0.10062289238
1371645352.66
0.10174703598
1371645352.76
0.0989580154419
1371645352.86
0.10013794899
1371645352.96
0.0994122028351
1371645353.06
0.0996799468994
1371645353.16
0.10072183609
1371645353.26
0.099974155426
1371645353.36
0.0998508930206
1371645353.46
0.100250959396
1371645353.56
0.0996220111847
1371645353.66
0.100056171417
1371645353.76
0.100031852722
1371645353.86
0.0999891757965
1371645353.96
0.101016998291
1371645354.06
0.0991017818451
1371645354.16
0.100717067719
1371645354.26
0.0993950366974
1371645354.36
0.0993709564209
1371645354.46
0.10129404068
1371645354.56
0.100426912308
1371645354.66
0.0989620685577
1371645354.76
0.100426912308
1371645354.86
0.0995922088623
1371645354.96
0.0999279022217
1371645355.06
0.0995919704437
1371645355.3
0.241508960724
1371645355.3
2.09808349609e-05
1371645355.36
0.0606870651245
1371645355.46
0.098573923111
1371645355.56
0.100766181946
1371645355.66
0.0993218421936
1371645355.76
0.100259065628
1371645355.86
0.102306127548
1371645355.96
0.0978238582611
1371645356.06
0.100301980972
1371645356.16
0.100289106369
1371645356.26
0.0994758605957
1371645356.36
0.100448131561
1371645356.46
0.0992000102997
1371645356.56
0.100670814514
1371645356.66
0.100571155548
1371645356.76
0.0993938446045
1371645356.86
0.0999550819397
1371645356.96
0.0994579792023
1371645357.06
0.100923061371
1371645357.16
0.100255966187
1371645357.26
0.0998809337616
1371645357.36
0.100030183792
1371645357.64
0.279728889465
1371645357.64
0.00121903419495
1371645357.66
0.0190930366516
1371645357.76
0.0999119281769
1371645357.87
0.109297990799
1371645357.96
0.0913050174713
1371645358.06
0.100353002548
1371645358.16
0.0989079475403
1371645358.26
0.10178399086
1371645358.36
0.0997881889343
1371645358.46
0.0993728637695
1371645358.56
0.0997760295868
1371645358.66
0.101545095444
1371645358.76
0.0986218452454
1371645358.86
0.0995559692383
1371645358.96
0.100192070007
1371645359.06
0.100534915924
1371645359.16
0.102611064911
1371645359.26
0.0969219207764
1371645359.36
0.101763010025
1371645359.46
0.0973520278931
1371645359.56
0.100592136383
1371645359.66
0.0994458198547
1371645359.76
0.100640058517
1371645359.86
0.100157976151
1371645359.96
0.0993781089783
1371645360.06
0.101366043091
1371645360.16
0.0998530387878
1371645360.26
0.100647926331
1371645360.36
0.0990200042725
1371645360.46
0.102437019348
1371645360.56
0.0978698730469
1371645360.76
0.199813127518
1371645360.86
0.100321054459
1371645360.96
0.100185871124
1371645361.06
0.0999629497528
1371645361.16
0.0994670391083
1371645361.26
0.100326061249
1371645361.36
0.100703954697
1371645361.46
0.0998740196228
1371645361.68
0.218296051025
1371645361.68
0.00212597846985
1371645361.76
0.0802068710327
1371645361.86
0.0989379882812
1371645361.96
0.10004901886
1371645362.06
0.0997309684753
1371645362.16
0.0997800827026
1371645362.26
0.0998210906982
1371645362.36
0.10006403923
1371645362.46
0.100200891495
1371645362.56
0.100842952728
1371645362.66
0.100433111191
1371645362.76
0.0999329090118
1371645362.86
0.0999341011047
1371645362.97
0.102216005325
1371645363.06
0.098424911499
1371645363.16
0.10057592392
1371645363.26
0.099011182785
1371645363.36
0.100091934204
1371645363.46
0.0997788906097
1371645363.57
0.102298021317
1371645363.9
0.337649106979
1371645363.9
0.000804901123047
1371645363.9
1.50203704834e-05
1371645363.96
0.0590550899506
1371645364.06
0.10000705719
1371645364.16
0.0997059345245
1371645364.26
0.100620985031
1371645364.36
0.0997440814972
1371645364.46
0.100608825684
1371645364.56
0.10004401207
1371645364.66
0.0992720127106
1371645364.76
0.100492954254
1371645364.86
0.099846124649
1371645364.96
0.0994968414307
1371645365.06
0.101445198059
1371645365.16
0.100895881653
1371645365.26
0.0997030735016
1371645365.36
0.0990469455719
1371645365.46
0.100524902344
1371645365.56
0.099463224411
1371645365.66
0.100099802017
1371645365.76
0.100242137909
1371645365.86
0.100604057312
1371645365.96
0.0994157791138
1371645366.06
0.100438117981
1371645366.16
0.0997960567474
1371645366.26
0.10033082962
1371645366.36
0.0989830493927
1371645366.46
0.100631952286
1371645366.56
0.0995562076569
1371645366.66
0.100365877151
1371645366.76
0.0998990535736
1371645366.86
0.0999810695648
1371645366.96
0.100412845612
1371645367.06
0.0992131233215
1371645367.16
0.100759983063
1371645367.26
0.0998818874359
1371645367.37
0.106539964676
1371645367.46
0.093111038208
1371645367.56
0.0997459888458
1371645367.66
0.100867986679
1371645367.76
0.100406169891
1371645367.87
0.100299835205
1371645368.11
0.244803190231
1371645368.11
1.19209289551e-05
1371645368.17
0.0551359653473
1371645368.27
0.0997860431671
1371645368.37
0.100808858871
1371645368.46
0.0991129875183
1371645368.56
0.0999932289124
1371645368.67
0.100235939026
1371645368.77
0.100004911423
1371645368.86
0.0996270179749
1371645368.96
0.100027084351
1371645369.06
0.0996608734131
1371645369.16
0.100214958191
1371645369.27
0.109346151352
1371645369.36
0.0908799171448
1371645369.47
0.100448131561
1371645369.57
0.0998659133911
1371645369.67
0.0999760627747
1371645369.76
0.0995898246765
1371645369.86
0.100130081177
1371645369.97
0.100409030914
1371645370.31
0.34380197525
1371645370.31
0.000473976135254
1371645370.31
1.00135803223e-05
1371645370.37
0.0577640533447
1371645370.47
0.0982639789581
1371645370.57
0.100112915039
1371645370.67
0.100001096725
1371645370.77
0.099958896637
1371645370.87
0.100484132767
1371645370.97
0.0998058319092
1371645371.07
0.100271224976
1371645371.17
0.0994069576263
1371645371.27
0.10212802887
1371645371.37
0.0981969833374
1371645371.47
0.100270986557
1371645371.57
0.0999510288239
1371645371.67
0.0999739170074
1371645371.77
0.100383996964
1371645371.87
0.0994210243225
1371645371.97
0.100008964539
1371645372.07
0.0996840000153
1371645372.17
0.100346088409
1371645372.27
0.0999848842621
1371645372.37
0.0995471477509
1371645372.47
0.101203918457
1371645372.57
0.100309848785
1371645372.67
0.0998630523682
1371645372.77
0.100679159164
1371645372.87
0.0997908115387
1371645372.97
0.0996351242065
1371645373.07
0.0995719432831
1371645373.17
0.100223064423
1371645373.27
0.100108861923
1371645373.37
0.0999591350555
1371645373.47
0.100242853165
1371645373.57
0.0999140739441
1371645373.67
0.0997040271759
1371645373.77
0.100693941116
1371645373.87
0.0999989509583
1371645373.97
0.100745201111
1371645374.07
0.0988578796387
1371645374.17
0.0995099544525
1371645374.27
0.100205183029
1371645374.51
0.24162197113
1371645374.51
0.000373840332031
1371645374.57
0.0580589771271
1371645374.67
0.100288152695
1371645374.77
0.0999360084534
1371645374.87
0.101268053055
1371645374.97
0.0986499786377
1371645375.07
0.0996689796448
1371645375.17
0.100910902023
1371645375.37
0.200664997101
1371645375.47
0.100052118301
1371645375.57
0.099592924118
1371645375.67
0.100644111633
1371645375.77
0.0993978977203
1371645375.87
0.0999429225922
1371645375.97
0.0997190475464
1371645376.07
0.100070953369
1371645376.17
0.100310087204
1371645376.27
0.10012793541
1371645376.38
0.11438703537
1371645376.7
0.321841001511
1371645376.71
0.00647592544556
1371645376.71
1.31130218506e-05
1371645376.77
0.0577368736267
1371645376.87
0.099179983139
1371645376.97
0.100195169449
1371645377.07
0.10027384758
1371645377.17
0.100172042847
1371645377.27
0.0997290611267
1371645377.37
0.100078105927
1371645377.47
0.100016832352
1371645377.57
0.100688934326
1371645377.67
0.0999481678009
1371645377.77
0.0998020172119
1371645377.87
0.100215911865
1371645377.97
0.101974964142
1371645378.07
0.0979900360107
1371645378.17
0.101058006287
1371645378.27
0.0998730659485
1371645378.37
0.0994870662689
1371645378.47
0.0995318889618
1371645378.57
0.100327014923
1371645378.67
0.100571870804
1371645378.77
0.0989880561829
1371645378.87
0.101456165314
1371645378.97
0.0990688800812
1371645379.07
0.0997240543365
1371645379.17
0.0999889373779
1371645379.27
0.0999760627747
1371645379.37
0.0999388694763
1371645379.47
0.0997250080109
1371645379.57
0.100286006927
1371645379.67
0.0996639728546
1371645379.77
0.100677013397
1371645379.87
0.0996041297913
1371645379.97
0.101068019867
1371645380.07
0.100162029266
1371645380.17
0.101103782654
1371645380.27
0.0988872051239
1371645380.37
0.100026845932
1371645380.47
0.0995380878448
1371645380.57
0.100406885147
1371645380.67
0.100033044815
1371645380.91
0.240368127823
1371645380.91
0.00068998336792
1371645380.98
0.0655648708344
1371645381.07
0.0943779945374
1371645381.17
0.0985810756683
1371645381.27
0.100286960602
1371645381.37
0.100429058075
1371645381.47
0.099711894989
1371645381.57
0.100041151047
1371645381.67
0.0996549129486
1371645381.87
0.200128078461
1371645381.97
0.0997748374939
1371645382.07
0.100697994232
1371645382.17
0.0997312068939
1371645382.27
0.0998129844666
1371645382.37
0.0999908447266
1371645382.47
0.10036110878
1371645382.57
0.100796937943
1371645382.67
0.100381135941
1371645382.79
0.12230181694
1371645382.87
0.0782780647278
1371645383.21
0.338526964188
1371645383.21
0.00314497947693
1371645383.21
1.09672546387e-05
1371645383.27
0.0570330619812
1371645383.37
0.100214004517
1371645383.47
0.0997290611267
1371645383.57
0.100162029266
1371645383.67
0.100878953934
1371645383.77
0.0991580486298
1371645383.87
0.100381851196
1371645383.97
0.0999400615692
1371645384.08
0.105142116547
1371645384.17
0.094388961792
1371645384.27
0.102391004562
1371645384.37
0.0976648330688
1371645384.47
0.0998141765594
1371645384.57
0.100355863571
1371645384.67
0.100160121918
1371645384.77
0.0998179912567
1371645384.87
0.100117921829
1371645384.98
0.107178926468
1371645385.07
0.094514131546
1371645385.17
0.0988719463348
1371645385.27
0.100443124771
1371645385.37
0.0997538566589
1371645385.47
0.0999109745026
1371645385.57
0.100383043289
1371645385.67
0.0998759269714
1371645385.77
0.099974155426
1371645385.87
0.099858045578
1371645385.97
0.0998690128326
1371645386.07
0.100760936737
1371645386.17
0.0996489524841
1371645386.27
0.0997040271759
1371645386.37
0.100113868713
1371645386.47
0.0999300479889
1371645386.57
0.10005903244
1371645386.67
0.100322008133
1371645386.77
0.0999250411987
1371645386.88
0.112164974213
1371645386.97
0.0876181125641
1371645387.07
0.100001811981
1371645387.29
0.220862150192
1371645387.29
0.00144195556641
1371645387.37
0.0790069103241
1371645387.47
0.100053071976
1371645387.57
0.0993630886078
1371645387.68
0.109620809555
1371645387.77
0.09144115448
1371645387.87
0.0992708206177
1371645387.97
0.0998110771179
1371645388.07
0.100110054016
1371645388.17
0.099790096283
1371645388.27
0.100011825562
1371645388.37
0.10048699379
1371645388.47
0.0997149944305
1371645388.57
0.0998680591583
1371645388.67
0.100605964661
1371645388.77
0.0995559692383
1371645388.87
0.100776195526
1371645388.97
0.0991568565369
1371645389.07
0.100969076157
1371645389.21
0.132390022278
1371645389.27
0.0673849582672
1371645389.6
0.325521945953
1371645389.6
0.0011351108551
1371645389.6
1.09672546387e-05
1371645389.67
0.0727660655975
1371645389.77
0.0999889373779
1371645389.87
0.100579977036
1371645389.97
0.0996370315552
1371645390.07
0.101635932922
1371645390.17
0.0997099876404
1371645390.27
0.0992820262909
1371645390.37
0.10057592392
1371645390.47
0.0995261669159
1371645390.58
0.101327896118
1371645390.67
0.0987040996552
1371645390.77
0.0998198986053
1371645390.87
0.100528001785
1371645390.97
0.100090026855
1371645391.07
0.100457906723
1371645391.18
0.101022005081
1371645391.27
0.0980660915375
1371645391.37
0.100168943405
1371645391.47
0.099601984024
1371645391.58
0.104619026184
1371645391.67
0.0953869819641
1371645391.77
0.100250959396
1371645391.87
0.100634098053
1371645391.97
0.0992660522461
1371645392.07
0.100513935089
1371645392.17
0.0992019176483
1371645392.28
0.103991985321
1371645392.37
0.0963931083679
1371645392.48
0.101269006729
1371645392.57
0.0996980667114
1371645392.67
0.0995600223541
1371645392.78
0.100809812546
1371645392.87
0.0993530750275
1371645392.97
0.100172042847
1371645393.08
0.101631879807
1371645393.18
0.0994160175323
1371645393.27
0.0987920761108
1371645393.38
0.100692033768
1371645393.48
0.100219964981
1371645393.7
0.224166870117
1371645393.7
0.000624179840088
1371645393.78
0.0752878189087
1371645393.87
0.0992901325226
1371645393.98
0.100346088409
1371645394.07
0.0995559692383
1371645394.17
0.100000858307
1371645394.28
0.100234985352
1371645394.38
0.101191997528
1371645394.48
0.0991020202637
1371645394.58
0.100437164307
1371645394.68
0.100167989731
1371645394.78
0.0999569892883
1371645395.09
0.318727970123
1371645395.1
0.0101959705353
1371645395.1
2.28881835938e-05
1371645395.18
0.0713400840759
1371645395.28
0.0993950366974
1371645395.38
0.100230932236
1371645395.48
0.100425958633
1371645395.58
0.100021123886
1371645395.68
0.0996270179749
1371645395.78
0.100877046585
1371645395.88
0.0990738868713
1371645395.98
0.0999879837036
1371645396.08
0.100011110306
1371645396.18
0.100902795792
1371645396.28
0.098913192749
1371645396.38
0.0999739170074
1371645396.48
0.100874900818
1371645396.58
0.100095033646
1371645396.68
0.0994219779968
1371645396.78
0.0998749732971
1371645396.88
0.0999641418457
1371645396.98
0.100368022919
1371645397.08
0.0999100208282
1371645397.18
0.0995349884033
1371645397.28
0.108757019043
1371645397.38
0.0919818878174
1371645397.48
0.100631952286
1371645397.58
0.10027217865
1371645397.68
0.100451946259
1371645397.79
0.109241962433
1371645397.88
0.0902569293976
1371645397.98
0.0995671749115
1371645398.08
0.100375890732
1371645398.18
0.0993258953094
1371645398.28
0.103234052658
1371645398.38
0.0969369411469
1371645398.48
0.100152015686
1371645398.58
0.105121135712
1371645398.68
0.0947420597076
1371645398.78
0.100112915039
1371645398.88
0.0997231006622
1371645398.98
0.100052833557
1371645399.22
0.23936009407
1371645399.22
0.00537896156311
1371645399.28
0.0588550567627
1371645399.38
0.0966918468475
1371645399.48
0.0998301506042
1371645399.58
0.100077867508
1371645399.68
0.100071191788
1371645399.78
0.100696802139
1371645399.88
0.101397037506
1371645400.24
0.365400075912
1371645400.41
0.165032863617
1371645400.41
1.4066696167e-05
1371645400.41
0.00119495391846
1371645400.41
1.31130218506e-05
1371645400.48
0.0681488513947
1371645400.58
0.0988161563873
1371645400.68
0.100146055222
1371645400.78
0.0999608039856
1371645400.88
0.100069046021
1371645400.98
0.0999879837036
1371645401.08
0.0997531414032
1371645401.18
0.100666046143
1371645401.28
0.101195812225
1371645401.38
0.09836602211
1371645401.48
0.100620985031
1371645401.58
0.099671125412
1371645401.68
0.100648880005
1371645401.78
0.0989961624146
1371645401.88
0.101242780685
1371645401.98
0.10044002533
1371645402.08
0.0994310379028
1371645402.18
0.0999231338501
1371645402.28
0.0993208885193
1371645402.38
0.100248098373
1371645402.48
0.10024189949
1371645402.58
0.101227045059
1371645402.68
0.102417945862
1371645402.78
0.0969030857086
1371645402.88
0.0997550487518
1371645402.98
0.101291894913
1371645403.08
0.099170923233
1371645403.18
0.0999250411987
1371645403.28
0.100331068039
1371645403.38
0.0995180606842
1371645403.48
0.0997638702393
1371645403.58
0.100609064102
1371645403.68
0.0996789932251
1371645403.78
0.0997109413147
1371645403.88
0.100568056107
1371645403.98
0.100060939789
1371645404.08
0.100516080856
1371645404.18
0.098993062973
1371645404.39
0.214298009872
1371645404.39
5.10215759277e-05
1371645404.48
0.0854318141937
1371645404.58
0.10046005249
1371645404.68
0.0996990203857
1371645404.78
0.0997450351715
1371645404.88
0.100940942764
1371645404.98
0.100029945374
1371645405.08
0.105175971985
1371645405.18
0.0951170921326
1371645405.28
0.0995559692383
1371645405.38
0.102350950241
1371645405.48
0.0990571975708
1371645405.58
0.0985538959503
1371645405.68
0.100641965866
1371645405.78
0.0996770858765
1371645405.88
0.100119829178
1371645405.98
0.0997440814972
1371645406.08
0.101176023483
1371645406.18
0.099513053894
1371645406.28
0.100084066391
1371645406.64
0.357039928436
1371645406.64
0.00583505630493
1371645406.64
1.19209289551e-05
1371645406.81
0.16249704361
1371645406.81
8.79764556885e-05
1371645406.88
0.0739810466766
1371645406.98
0.100080013275
1371645407.08
0.0995299816132
1371645407.18
0.100668907166
1371645407.28
0.100342035294
1371645407.38
0.100229978561
1371645407.48
0.0998210906982
1371645407.58
0.10057592392
1371645407.68
0.0997440814972
1371645407.78
0.100210905075
1371645407.88
0.100321054459
1371645407.98
0.0995678901672
1371645408.08
0.10041809082
1371645408.18
0.0997700691223
1371645408.28
0.0997087955475
1371645408.38
0.099858045578
1371645408.48
0.101261138916
1371645408.58
0.0991818904877
1371645408.68
0.100426912308
1371645408.78
0.102833032608
1371645408.88
0.0968170166016
1371645408.98
0.0995571613312
1371645409.08
0.100350856781
1371645409.18
0.0994970798492
1371645409.28
0.0999710559845
1371645409.38
0.101010799408
1371645409.48
0.0990681648254
1371645409.58
0.100096940994
1371645409.68
0.100202083588
1371645409.78
0.0995588302612
1371645409.88
0.100228071213
1371645409.98
0.101176977158
1371645410.08
0.0996849536896
1371645410.18
0.103006124496
1371645410.28
0.0973279476166
1371645410.38
0.100232124329
1371645410.48
0.0996129512787
1371645410.58
0.100422859192
1371645410.81
0.226129055023
1371645410.81
0.0022509098053
1371645410.88
0.071179151535
1371645410.98
0.101142883301
1371645411.08
0.0988609790802
1371645411.18
0.0999720096588
1371645411.28
0.0998070240021
1371645411.38
0.100016117096
1371645411.49
0.106868028641
1371645411.58
0.093554019928
1371645411.68
0.100030899048
1371645411.78
0.100333929062
1371645411.88
0.0993201732635
1371645411.98
0.100417852402
1371645412.08
0.100286006927
1371645412.18
0.099869966507
1371645412.28
0.10014295578
1371645412.38
0.10110616684
1371645412.48
0.101335048676
1371645412.58
0.0988719463348
1371645412.68
0.099112033844
1371645413.01
0.324100971222
1371645413.01
0.00605702400208
1371645413.01
1.50203704834e-05
1371645413.08
0.0704329013824
1371645413.18
0.0998039245605
1371645413.28
0.0996091365814
1371645413.38
0.100515842438
1371645413.48
0.0997622013092
1371645413.58
0.100005865097
1371645413.68
0.0998311042786
1371645413.78
0.0997958183289
1371645413.88
0.0997672080994
1371645413.98
0.100463867188
1371645414.08
0.0998809337616
1371645414.18
0.099781036377
1371645414.28
0.100332975388
1371645414.38
0.100447177887
1371645414.48
0.0996959209442
1371645414.58
0.0997560024261
1371645414.68
0.100045919418
1371645414.78
0.100699186325
1371645414.88
0.099280834198
1371645414.98
0.10095500946
1371645415.08
0.100835084915
1371645415.18
0.100128889084
1371645415.29
0.100197076797
1371645415.38
0.0985989570618
1371645415.48
0.100415945053
1371645415.58
0.100576162338
1371645415.7
0.112236022949
1371645415.78
0.0871639251709
1371645415.88
0.0994758605957
1371645415.98
0.100452184677
1371645416.08
0.100980043411
1371645416.18
0.0988337993622
1371645416.28
0.100306987762
1371645416.38
0.0996851921082
1371645416.48
0.0998749732971
1371645416.58
0.100471973419
1371645416.68
0.0997469425201
1371645416.79
0.104025125504
1371645416.88
0.095978975296
1371645417.13
0.244617938995
1371645417.13
0.00273704528809
1371645417.18
0.052759885788
1371645417.28
0.100103139877
1371645417.38
0.100719928741
1371645417.48
0.0997579097748
1371645417.59
0.103569030762
1371645417.69
0.0971939563751
1371645417.78
0.0995621681213
1371645417.89
0.100593805313
1371645417.98
0.0992181301117
1371645418.09
0.100686073303
1371645418.18
0.0994229316711
1371645418.28
0.0997998714447
1371645418.39
0.102553129196
1371645418.48
0.0974810123444
1371645418.59
0.100401878357
1371645418.69
0.10084605217
1371645418.79
0.0998301506042
1371645418.88
0.099191904068
1371645418.99
0.100332975388
1371645419.09
0.0999729633331
1371645419.43
0.346337080002
1371645419.43
0.00107502937317
1371645419.43
1.28746032715e-05
1371645419.58
0.148086071014
1371645419.59
0.00456690788269
1371645419.69
0.0998170375824
1371645419.79
0.101787090302
1371645419.89
0.0988500118256
1371645419.99
0.10024189949
1371645420.09
0.100003957748
1371645420.19
0.100109100342
1371645420.29
0.101069927216
1371645420.4
0.109723091125
1371645420.49
0.0888149738312
1371645420.59
0.100290060043
1371645420.69
0.0997478961945
1371645420.79
0.100248098373
1371645420.89
0.0994849205017
1371645420.99
0.100121021271
1371645421.09
0.099916934967
1371645421.2
0.112049102783
1371645421.29
0.0882730484009
1371645421.39
0.10026884079
1371645421.49
0.100273132324
1371645421.59
0.0992879867554
1371645421.69
0.100409030914
1371645421.79
0.100124835968
1371645421.89
0.0995290279388
1371645421.99
0.1009349823
1371645422.09
0.0987730026245
1371645422.19
0.100170135498
1371645422.29
0.10055398941
1371645422.39
0.0993099212646
1371645422.49
0.101344108582
1371645422.59
0.100704908371
1371645422.69
0.0991148948669
1371645422.79
0.0998260974884
1371645422.89
0.100327968597
1371645422.99
0.0999050140381
1371645423.09
0.101006984711
1371645423.19
0.0991079807281
1371645423.29
0.100540161133
1371645423.39
0.0996758937836
1371645423.58
0.197638988495
1371645423.59
0.00367498397827
1371645423.69
0.0985989570618
1371645423.79
0.0995190143585
1371645423.89
0.101839065552
1371645423.99
0.0988779067993
1371645424.09
0.0998110771179
1371645424.19
0.0998530387878
1371645424.29
0.10095000267
1371645424.39
0.0987448692322
1371645424.49
0.102210044861
1371645424.59
0.0978560447693
1371645424.69
0.100662946701
1371645424.79
0.099277973175
1371645424.89
0.101626157761
1371645424.99
0.0998330116272
1371645425.09
0.099613904953
1371645425.19
0.100472927094
1371645425.29
0.0998120307922
1371645425.39
0.101269006729
1371645425.49
0.0993421077728
1371645425.83
0.339330911636
1371645425.83
0.000534057617188
1371645425.83
1.19209289551e-05
1371645425.89
0.0600199699402
1371645425.99
0.0992181301117
1371645426.09
0.100223064423
1371645426.19
0.100046873093
1371645426.29
0.0996909141541
1371645426.39
0.10088801384
1371645426.49
0.0991261005402
1371645426.59
0.100907087326
1371645426.69
0.099595785141
1371645426.79
0.100524187088
1371645426.89
0.099583864212
1371645426.99
0.099415063858
1371645427.09
0.100085020065
1371645427.19
0.100272893906
1371645427.29
0.101876974106
1371645427.39
0.099534034729
1371645427.49
0.0999519824982
1371645427.59
0.0995011329651
1371645427.69
0.0997729301453
1371645427.79
0.100562095642
1371645427.89
0.0993549823761
1371645428.0
0.109768867493
1371645428.09
0.0905170440674
1371645428.19
0.100367069244
1371645428.29
0.100207090378
1371645428.39
0.0995228290558
1371645428.49
0.0998210906982
1371645428.59
0.101037025452
1371645428.69
0.0996098518372
1371645428.79
0.0995311737061
1371645428.89
0.100404024124
1371645428.99
0.10108590126
1371645429.09
0.101175069809
1371645429.19
0.0981178283691
1371645429.29
0.0992391109467
1371645429.39
0.100084066391
1371645429.49
0.100080966949
1371645429.59
0.0994758605957
1371645429.69
0.1000020504
1371645429.79
0.100520133972
1371645430.01
0.217651844025
1371645430.01
0.00276017189026
1371645430.09
0.0812129974365
1371645430.19
0.0991649627686
1371645430.29
0.100157022476
1371645430.39
0.102322816849
1371645430.49
0.0977389812469
1371645430.59
0.0998170375824
1371645430.69
0.100620031357
1371645430.79
0.102746009827
1371645430.89
0.0973560810089
1371645430.99
0.0998649597168
1371645431.09
0.0992629528046
1371645431.19
0.10142993927
1371645431.29
0.102473974228
1371645431.39
0.0977561473846
1371645431.49
0.098317861557
1371645431.59
0.100486040115
1371645431.7
0.105852127075
1371645431.79
0.0950539112091
1371645431.89
0.102421998978
1371645432.21
0.312044143677
1371645432.22
0.0116369724274
1371645432.22
2.09808349609e-05
1371645432.3
0.0778210163116
1371645432.39
0.0990099906921
1371645432.49
0.0971310138702
1371645432.59
0.0994238853455
1371645432.69
0.104079008102
1371645432.79
0.0973091125488
1371645432.89
0.0997288227081
1371645432.99
0.0995650291443
1371645433.09
0.102120161057
1371645433.19
0.0982007980347
1371645433.29
0.101404190063
1371645433.39
0.100992918015
1371645433.49
0.0976440906525
1371645433.6
0.103912830353
1371645433.69
0.0954439640045
1371645433.79
0.102055072784
1371645433.89
0.0984010696411
1371645433.99
0.102098941803
1371645434.09
0.100287914276
1371645434.19
0.0983321666718
1371645434.29
0.0993030071259
1371645434.39
0.0995688438416
1371645434.49
0.101287126541
1371645434.59
0.101595878601
1371645434.69
0.0991129875183
1371645434.79
0.0996820926666
1371645434.89
0.102026939392
1371645434.99
0.0973200798035
1371645435.09
0.101871967316
1371645435.19
0.0984621047974
1371645435.29
0.100389003754
1371645435.39
0.0991427898407
1371645435.49
0.100791215897
1371645435.59
0.100171804428
1371645435.7
0.103325128555
1371645435.79
0.0955340862274
1371645435.9
0.108167886734
1371645435.99
0.0935208797455
1371645436.09
0.0989751815796
1371645436.4
0.31175494194
1371645436.4
0.000113964080811
1371645436.4
1.59740447998e-05
1371645436.49
0.0882320404053
1371645436.59
0.100021123886
1371645436.69
0.100512981415
1371645436.8
0.102113962173
1371645436.89
0.0966849327087
1371645436.99
0.100119113922
1371645437.09
0.102888822556
1371645437.19
0.0969190597534
1371645437.29
0.100882053375
1371645437.39
0.100250005722
1371645437.49
0.101613998413
1371645437.59
0.0998799800873
1371645437.69
0.100118875504
1371645437.8
0.100503206253
1371645437.89
0.0974788665771
1371645438.0
0.102810144424
1371645438.09
0.0992980003357
1371645438.2
0.101213932037
1371645438.51
0.310416936874
1371645438.51
6.79492950439e-05
1371645438.51
1.09672546387e-05
1371645438.59
0.0881831645966
1371645438.69
0.0986640453339
1371645438.79
0.101183891296
1371645438.89
0.0992119312286
1371645439.0
0.107072114944
1371645439.1
0.0955400466919
1371645439.19
0.096174955368
1371645439.29
0.101722955704
1371645439.39
0.0984530448914
1371645439.5
0.105934858322
1371645439.59
0.0942170619965
1371645439.69
0.101912021637
1371645439.8
0.105677127838
1371645439.9
0.096254825592
1371645440.0
0.098354101181
1371645440.1
0.100535869598
1371645440.19
0.0982320308685
1371645440.3
0.102123022079
1371645440.4
0.105063915253
1371645440.49
0.0937762260437
1371645440.59
0.100101947784
1371645440.69
0.0995588302612
1371645440.8
0.102512121201
1371645440.9
0.100069046021
1371645440.99
0.0972549915314
1371645441.1
0.102041006088
1371645441.19
0.0985078811646
1371645441.3
0.101765155792
1371645441.39
0.0982918739319
1371645441.5
0.102123022079
1371645441.59
0.0971491336823
1371645441.69
0.0997538566589
1371645441.8
0.102423906326
1371645441.89
0.0978951454163
1371645441.99
0.100337028503
1371645442.09
0.100051879883
1371645442.2
0.100749969482
1371645442.3
0.100694179535
1371645442.61
0.314330816269
1371645442.62
0.00686407089233
1371645442.62
1.59740447998e-05
1371645442.69
0.0777521133423
1371645442.8
0.100494861603
1371645442.9
0.099846124649
1371645443.0
0.100419044495
1371645443.1
0.0998799800873
1371645443.2
0.104583024979
1371645443.3
0.0954349040985
1371645443.4
0.0994729995728
1371645443.49
0.0996758937836
1371645443.6
0.101999998093
1371645443.7
0.0988399982452
1371645443.8
0.100186109543
1371645443.9
0.0993978977203
1371645444.0
0.100355148315
1371645444.09
0.0993449687958
1371645444.2
0.101608037949
1371645444.31
0.11162686348
1371645444.66
0.353849172592
1371645444.67
0.00564980506897
1371645444.67
1.21593475342e-05
1371645444.7
0.0328299999237
1371645444.8
0.0958559513092
1371645444.9
0.0999670028687
1371645445.0
0.0997240543365
1371645445.1
0.103329896927
1371645445.2
0.0968470573425
1371645445.3
0.100483894348
1371645445.4
0.0992600917816
1371645445.5
0.101531982422
1371645445.6
0.0995719432831
1371645445.7
0.0986521244049
1371645445.8
0.101816892624
1371645445.9
0.0989410877228
1371645446.0
0.100156068802
1371645446.1
0.100037813187
1371645446.2
0.107975006104
1371645446.3
0.0923230648041
1371645446.4
0.100651979446
1371645446.5
0.09801197052
1371645446.6
0.101963043213
1371645446.71
0.10847401619
1371645446.8
0.0901470184326
1371645446.9
0.108331918716
1371645447.0
0.096657037735
1371645447.1
0.0955290794373
1371645447.2
0.100146055222
1371645447.3
0.100361824036
1371645447.4
0.101093053818
1371645447.5
0.0983800888062
1371645447.6
0.101729869843
1371645447.7
0.0988390445709
1371645447.8
0.0996210575104
1371645447.9
0.103299856186
1371645448.0
0.0970251560211
1371645448.1
0.100610971451
1371645448.2
0.0992019176483
1371645448.3
0.10014796257
1371645448.4
0.102352142334
1371645448.5
0.0979459285736
1371645448.79
0.295220136642
1371645448.8
0.00236177444458
1371645448.8
0.00713014602661
1371645448.9
0.0985269546509
1371645449.0
0.0962300300598
1371645449.1
0.0996730327606
1371645449.2
0.101058006287
1371645449.3
0.0992660522461
1371645449.4
0.102715969086
1371645449.5
0.0989179611206
1371645449.6
0.0994689464569
1371645449.7
0.0996189117432
1371645449.8
0.100061178207
1371645449.9
0.100656986237
1371645450.0
0.0998978614807
1371645450.1
0.0995149612427
1371645450.2
0.100091218948
1371645450.3
0.101186990738
1371645450.4
0.0992867946625
1371645450.5
0.100796222687
1371645450.6
0.0990560054779
1371645450.7
0.0998129844666
1371645451.01
0.31050491333
1371645451.01
0.00195097923279
1371645451.01
1.09672546387e-05
1371645451.1
0.0875091552734
1371645451.2
0.0998158454895
1371645451.3
0.100600004196
1371645451.4
0.0996870994568
1371645451.5
0.0997359752655
1371645451.6
0.100406885147
1371645451.7
0.100093126297
1371645451.8
0.100262880325
1371645451.9
0.0989460945129
1371645452.0
0.100686073303
1371645452.1
0.10623884201
1371645452.2
0.0950021743774
1371645452.3
0.0998368263245
1371645452.41
0.109333992004
1371645452.5
0.089809179306
1371645452.6
0.101291894913
1371645452.7
0.100277900696
1371645452.8
0.0988311767578
1371645452.9
0.101801872253
1371645453.0
0.0992090702057
1371645453.1
0.0989680290222
1371645453.2
0.100952863693
1371645453.3
0.0992600917816
1371645453.4
0.0999538898468
1371645453.5
0.0996789932251
1371645453.6
0.100432157516
1371645453.7
0.0999369621277
1371645453.8
0.100391864777
1371645453.9
0.10039305687
1371645454.0
0.0985701084137
1371645454.1
0.100550889969
1371645454.2
0.0998060703278
1371645454.3
0.100177049637
1371645454.4
0.100559949875
1371645454.5
0.0993709564209
1371645454.6
0.100960016251
1371645454.7
0.100735902786
1371645454.8
0.100416183472
1371645455.08
0.276073932648
1371645455.08
0.00253391265869
1371645455.1
0.0203189849854
1371645455.21
0.105444192886
1371645455.31
0.102192878723
1371645455.4
0.0922250747681
1371645455.5
0.100448846817
1371645455.6
0.099534034729
1371645455.7
0.100515127182
1371645455.8
0.100191831589
1371645455.9
0.0995321273804
1371645456.0
0.100039958954
1371645456.1
0.0998179912567
1371645456.2
0.100888967514
1371645456.3
0.100129127502
1371645456.4
0.0993528366089
1371645456.5
0.100193023682
1371645456.6
0.100617170334
1371645456.7
0.0988550186157
1371645456.8
0.100545883179
1371645456.9
0.100385904312
1371645457.0
0.101463079453
1371645457.33
0.324348926544
1371645457.34
0.00915122032166
1371645457.34
1.19209289551e-05
1371645457.4
0.065190076828
1371645457.5
0.0996887683868
1371645457.6
0.100909233093
1371645457.7
0.0997719764709
1371645457.8
0.0998640060425
1371645457.9
0.103266954422
1371645458.0
0.098109960556
1371645458.1
0.098160982132
1371645458.2
0.101145982742
1371645458.3
0.10228395462
1371645458.4
0.096773147583
1371645458.5
0.100471019745
1371645458.6
0.100386857986
1371645458.7
0.100065946579
1371645458.8
0.0994100570679
1371645458.9
0.100908994675
1371645459.0
0.0995049476624
1371645459.1
0.0993211269379
1371645459.2
0.100069046021
1371645459.3
0.100754976273
1371645459.4
0.0995638370514
1371645459.5
0.0993552207947
1371645459.6
0.101014852524
1371645459.7
0.100150108337
1371645459.8
0.100775003433
1371645459.9
0.09938788414
1371645460.0
0.0994811058044
1371645460.1
0.101532936096
1371645460.2
0.0988659858704
1371645460.31
0.104077100754
1371645460.4
0.0962398052216
1371645460.5
0.10151720047
1371645460.6
0.0999178886414
1371645460.7
0.0984740257263
1371645460.8
0.100899934769
1371645460.9
0.100063085556
1371645461.0
0.0991609096527
1371645461.1
0.100484132767
1371645461.2
0.0991749763489
1371645461.48
0.282410860062
1371645461.48
5.41210174561e-05
1371645461.5
0.0180320739746
1371645461.6
0.100928783417
1371645461.7
0.0989501476288
1371645461.8
0.0999128818512
1371645461.9
0.0997850894928
1371645462.01
0.104095935822
1371645462.1
0.0971479415894
1371645462.2
0.100152015686
1371645462.3
0.0991940498352
1371645462.4
0.100129127502
1371645462.5
0.10094499588
1371645462.6
0.0994329452515
1371645462.71
0.107120037079
1371645462.8
0.0939688682556
1371645462.9
0.0991790294647
1371645463.0
0.0997221469879
1371645463.1
0.10054898262
1371645463.2
0.0997378826141
1371645463.3
0.0997071266174
1371645463.4
0.100863933563
1371645463.51
0.103338003159
1371645463.87
0.363507986069
1371645463.88
0.00466394424438
1371645463.88
1.4066696167e-05
1371645463.9
0.0284008979797
1371645464.0
0.0985791683197
1371645464.11
0.104954957962
1371645464.2
0.0972428321838
1371645464.3
0.098042011261
1371645464.4
0.100931167603
1371645464.5
0.0987989902496
1371645464.6
0.100817918777
1371645464.7
0.100574016571
1371645464.8
0.10049700737
1371645464.9
0.0995631217957
1371645465.0
0.10081076622
1371645465.1
0.0999982357025
1371645465.2
0.0988919734955
1371645465.3
0.10032081604
1371645465.4
0.100703001022
1371645465.5
0.100038051605
1371645465.6
0.0999641418457
1371645465.7
0.10017490387
1371645465.8
0.0990130901337
1371645465.9
0.10009098053
1371645466.0
0.0997948646545
1371645466.1
0.100244045258
1371645466.2
0.100897073746
1371645466.31
0.100204944611
1371645466.4
0.0989270210266
1371645466.51
0.103261947632
1371645466.61
0.0978000164032
1371645466.7
0.0987069606781
1371645466.8
0.101017951965
1371645466.91
0.100244045258
1371645467.0
0.0989880561829
1371645467.1
0.100908994675
1371645467.2
0.0999500751495
1371645467.31
0.100891828537
1371645467.41
0.0995070934296
1371645467.5
0.0994470119476
1371645467.61
0.104182958603
1371645467.71
0.0963170528412
1371645468.0
0.29857301712
1371645468.01
0.00218987464905
1371645468.01
5.00679016113e-05
1371645468.1
0.0989120006561
1371645468.2
0.099760055542
1371645468.3
0.100259065628
1371645468.4
0.0998668670654
1371645468.51
0.100928068161
1371645468.61
0.102695941925
1371645468.71
0.0977299213409
1371645468.81
0.0991930961609
1371645468.91
0.10001707077
1371645469.0
0.099319934845
1371645469.11
0.101547956467
1371645469.21
0.0996241569519
1371645469.3
0.0990228652954
1371645469.41
0.100975990295
1371645469.51
0.0996150970459
1371645469.61
0.0994939804077
1371645469.71
0.101655960083
1371645469.81
0.0998239517212
1371645469.91
0.0995440483093
1371645470.21
0.302938938141
1371645470.21
0.00277304649353
1371645470.21
1.50203704834e-05
1371645470.31
0.0943429470062
1371645470.41
0.0998239517212
1371645470.51
0.0999209880829
1371645470.61
0.100261211395
1371645470.71
0.0996968746185
1371645470.81
0.100037097931
1371645470.91
0.0998430252075
1371645471.01
0.100887775421
1371645471.11
0.0991570949554
1371645471.21
0.100337028503
1371645471.31
0.0997779369354
1371645471.41
0.100515127182
1371645471.51
0.0994839668274
1371645471.61
0.100240945816
1371645471.71
0.0995380878448
1371645471.81
0.0999128818512
1371645471.91
0.100620985031
1371645472.01
0.0995709896088
1371645472.11
0.102040052414
1371645472.21
0.0990750789642
1371645472.31
0.0997228622437
1371645472.41
0.101994991302
1371645472.51
0.0989441871643
1371645472.61
0.0995938777924
1371645472.71
0.0999810695648
1371645472.81
0.0996148586273
1371645472.91
0.102552175522
1371645473.01
0.0975189208984
1371645473.11
0.100924968719
1371645473.21
0.0993089675903
1371645473.31
0.100033998489
1371645473.41
0.102530002594
1371645473.51
0.0983350276947
1371645473.61
0.0997750759125
1371645473.71
0.0997018814087
1371645473.81
0.0999519824982
1371645473.91
0.0993611812592
1371645474.01
0.101468801498
1371645474.11
0.1021900177
1371645474.4
0.288408041
1371645474.4
1.50203704834e-05
1371645474.41
0.0079391002655
1371645474.51
0.102627038956
1371645474.61
0.098347902298
1371645474.71
0.100600004196
1371645474.81
0.100006103516
1371645474.91
0.0995528697968
1371645475.01
0.100280046463
1371645475.11
0.100113868713
1371645475.21
0.0998210906982
1371645475.31
0.10008597374
1371645475.41
0.100979089737
1371645475.51
0.0992858409882
1371645475.61
0.100105047226
1371645475.71
0.103220939636
1371645475.81
0.0965201854706
1371645475.91
0.0996270179749
1371645476.01
0.100390911102
1371645476.11
0.100145101547
1371645476.5
0.389504909515
1371645476.5
0.00228190422058
1371645476.5
1.50203704834e-05
1371645476.52
0.0156171321869
1371645476.61
0.0942389965057
1371645476.71
0.0975499153137
1371645476.81
0.100271940231
1371645476.91
0.101665973663
1371645477.01
0.0990490913391
1371645477.11
0.100333929062
1371645477.21
0.0998702049255
1371645477.31
0.102260828018
1371645477.41
0.0983729362488
1371645477.51
0.0996561050415
1371645477.61
0.0998868942261
1371645477.71
0.100476026535
1371645477.81
0.0996181964874
1371645477.91
0.100434780121
1371645478.01
0.0993812084198
1371645478.11
0.0998888015747
1371645478.21
0.100122213364
1371645478.31
0.0999059677124
1371645478.41
0.100561857224
1371645478.51
0.099888086319
1371645478.61
0.100235939026
1371645478.71
0.0994470119476
1371645478.81
0.099937915802
1371645478.91
0.0998470783234
1371645479.01
0.100628137589
1371645479.11
0.0997920036316
1371645479.21
0.101633787155
1371645479.31
0.0983421802521
1371645479.41
0.100075006485
1371645479.51
0.0993919372559
1371645479.61
0.101191043854
1371645479.71
0.100414991379
1371645479.81
0.100334882736
1371645479.91
0.099701166153
1371645480.01
0.100081920624
1371645480.11
0.099739074707
1371645480.21
0.0998599529266
1371645480.31
0.100086927414
1371645480.54
0.225461006165
1371645480.54
1.31130218506e-05
1371645480.61
0.0759589672089
1371645480.71
0.100733995438
1371645480.81
0.0977230072021
1371645480.91
0.100487947464
1371645481.01
0.101015090942
1371645481.11
0.0989229679108
1371645481.21
0.099289894104
1371645481.31
0.100888967514
1371645481.41
0.100228071213
1371645481.51
0.100073099136
1371645481.61
0.0994808673859
1371645481.71
0.10005402565
1371645481.81
0.0996820926666
1371645481.91
0.099949836731
1371645482.01
0.100697040558
1371645482.11
0.100327014923
1371645482.21
0.100302934647
1371645482.31
0.0994040966034
1371645482.41
0.100131034851
1371645482.51
0.103960037231
1371645482.86
0.342347860336
1371645482.86
0.00159001350403
1371645482.86
9.05990600586e-06
1371645483.04
0.177841901779
1371645483.05
0.0163731575012
1371645483.11
0.058876991272
1371645483.21
0.0996909141541
1371645483.31
0.0999760627747
1371645483.42
0.107923030853
1371645483.51
0.0925288200378
1371645483.61
0.0996260643005
1371645483.71
0.099396944046
1371645483.81
0.0996901988983
1371645483.91
0.0999829769135
1371645484.01
0.100705862045
1371645484.11
0.100077152252
1371645484.21
0.100493907928
1371645484.31
0.0987730026245
1371645484.41
0.100780010223
1371645484.51
0.0991790294647
1371645484.61
0.101305007935
1371645484.71
0.0998859405518
1371645484.81
0.100023984909
1371645484.91
0.0998659133911
1371645485.01
0.10036110878
1371645485.11
0.100060939789
1371645485.21
0.0998430252075
1371645485.31
0.0995020866394
1371645485.41
0.100502967834
1371645485.51
0.100180864334
1371645485.61
0.0996160507202
1371645485.71
0.100492954254
1371645485.81
0.0992181301117
1371645485.91
0.100697040558
1371645486.01
0.100410938263
1371645486.12
0.102660894394
1371645486.21
0.096461057663
1371645486.31
0.100052118301
1371645486.41
0.0999038219452
1371645486.51
0.100052118301
1371645486.61
0.100085020065
1371645486.71
0.101156949997
1371645487.03
0.3141040802
1371645487.04
0.0100610256195
1371645487.04
0.00062084197998
1371645487.11
0.0756239891052
1371645487.21
0.0999610424042
1371645487.31
0.0993299484253
1371645487.42
0.103804111481
1371645487.51
0.0963470935822
1371645487.61
0.0999639034271
1371645487.71
0.0998349189758
1371645487.81
0.100089073181
1371645487.91
0.100157976151
1371645488.01
0.101696014404
1371645488.11
0.0979650020599
1371645488.21
0.0999989509583
1371645488.31
0.100427150726
1371645488.41
0.0999569892883
1371645488.51
0.100547790527
1371645488.61
0.0999391078949
1371645488.71
0.0992789268494
1371645488.81
0.100790977478
1371645488.92
0.10151219368
1371645489.27
0.353176832199
1371645489.27
0.00136709213257
1371645489.27
1.4066696167e-05
1371645489.31
0.0441899299622
1371645489.41
0.100266933441
1371645489.52
0.103985071182
1371645489.61
0.0951130390167
1371645489.71
0.101162910461
1371645489.81
0.0994820594788
1371645489.91
0.100311040878
1371645490.01
0.0999839305878
1371645490.11
0.10044503212
1371645490.21
0.0998439788818
1371645490.31
0.0993371009827
1371645490.41
0.100619792938
1371645490.51
0.0998201370239
1371645490.61
0.0996859073639
1371645490.71
0.100177049637
1371645490.81
0.0999009609222
1371645490.91
0.100612163544
1371645491.01
0.0990579128265
1371645491.11
0.100920915604
1371645491.21
0.0993490219116
1371645491.31
0.100395917892
1371645491.41
0.100731134415
1371645491.51
0.0992529392242
1371645491.61
0.100086927414
1371645491.71
0.0997891426086
1371645491.81
0.0996379852295
1371645491.92
0.101413011551
1371645492.01
0.0988709926605
1371645492.12
0.101039886475
1371645492.22
0.100428104401
1371645492.32
0.0996870994568
1371645492.42
0.0998859405518
1371645492.51
0.0998659133911
1371645492.61
0.0999851226807
1371645492.71
0.0998849868774
1371645492.82
0.100453853607
1371645492.92
0.0999391078949
1371645493.02
0.100205898285
1371645493.12
0.0997850894928
1371645493.38
0.267534017563
1371645493.38
6.19888305664e-05
1371645493.41
0.0319559574127
1371645493.51
0.100066900253
1371645493.61
0.0998070240021
1371645493.71
0.100144147873
1371645493.82
0.100373029709
1371645493.92
0.100484848022
1371645494.02
0.0997409820557
1371645494.12
0.101600170135
1371645494.22
0.0984969139099
1371645494.32
0.0997090339661
1371645494.42
0.101091861725
1371645494.52
0.103332042694
1371645494.62
0.0968689918518
1371645494.73
0.109390974045
1371645494.82
0.0911581516266
1371645494.92
0.103041887283
1371645495.02
0.0966899394989
1371645495.12
0.0992171764374
1371645495.22
0.101546049118
1371645495.32
0.104448795319
1371645495.67
0.348047018051
1371645495.67
0.00208711624146
1371645495.67
1.09672546387e-05
1371645495.85
0.17432308197
1371645495.86
0.0151360034943
1371645495.92
0.0551819801331
1371645496.02
0.0994248390198
1371645496.12
0.101010084152
1371645496.22
0.0988729000092
1371645496.32
0.100160121918
1371645496.42
0.0998930931091
1371645496.52
0.0997638702393
1371645496.62
0.100193023682
1371645496.72
0.100677967072
1371645496.82
0.0994501113892
1371645496.92
0.104740858078
1371645497.02
0.0979771614075
1371645497.12
0.104268789291
1371645497.22
0.0947902202606
1371645497.32
0.0990447998047
1371645497.42
0.100224018097
1371645497.52
0.10121512413
1371645497.62
0.0983779430389
1371645497.72
0.10137796402
1371645497.82
0.100700139999
1371645497.92
0.0992569923401
1371645498.02
0.0993528366089
1371645498.12
0.101534128189
1371645498.22
0.0994079113007
1371645498.32
0.0988190174103
1371645498.42
0.100850105286
1371645498.52
0.103195905685
1371645498.62
0.0955328941345
1371645498.72
0.100135087967
1371645498.82
0.101066112518
1371645498.92
0.0999519824982
1371645499.02
0.0990350246429
1371645499.12
0.100803852081
1371645499.22
0.0989849567413
1371645499.32
0.101818084717
1371645499.42
0.098650932312
1371645499.52
0.100973129272
1371645499.78
0.260330915451
1371645499.78
0.00122213363647
1371645499.82
0.0389699935913
1371645499.92
0.0990238189697
1371645500.02
0.0999331474304
1371645500.12
0.101372003555
1371645500.22
0.098690032959
1371645500.32
0.101069927216
1371645500.42
0.0999050140381
1371645500.52
0.0996220111847
1371645500.62
0.100769042969
1371645500.72
0.0999648571014
1371645500.82
0.0989649295807
1371645500.92
0.100128173828
1371645501.02
0.100172042847
1371645501.12
0.103114843369
1371645501.53
0.406754016876
1371645501.53
0.0062370300293
1371645501.53
1.50203704834e-05
1371645501.62
0.084536075592
1371645501.72
0.0993499755859
1371645501.82
0.0992610454559
1371645501.92
0.101542949677
1371645502.02
0.100200891495
1371645502.12
0.103608131409
1371645502.22
0.097913980484
1371645502.32
0.0981068611145
1371645502.42
0.100337982178
1371645502.52
0.100795030594
1371645502.62
0.0998060703278
1371645502.72
0.0990509986877
1371645502.82
0.0998990535736
1371645502.92
0.101047039032
1371645503.02
0.0987889766693
1371645503.12
0.100494861603
1371645503.22
0.0997309684753
1371645503.32
0.100841999054
1371645503.42
0.0989310741425
1371645503.52
0.100248098373
1371645503.62
0.100271940231
1371645503.72
0.10028886795
1371645503.82
0.0998201370239
1371645503.92
0.0998950004578
1371645504.02
0.0999939441681
1371645504.12
0.0998179912567
1371645504.22
0.100435972214
1371645504.32
0.0995080471039
1371645504.42
0.100048065186
1371645504.52
0.101220846176
1371645504.62
0.0995531082153
1371645504.72
0.101289987564
1371645504.82
0.0985901355743
1371645505.02
0.200915813446
1371645505.12
0.099781036377
1371645505.22
0.103694915771
1371645505.32
0.0964090824127
1371645505.42
0.100114107132
1371645505.52
0.099958896637
1371645505.72
0.202075958252
1371645505.72
0.00157999992371
1371645505.82
0.0960459709167
1371645505.92
0.0999231338501
1371645506.02
0.100081920624
1371645506.12
0.100121021271
1371645506.22
0.0995421409607
1371645506.32
0.10201883316
1371645506.42
0.0985851287842
1371645506.52
0.10098195076
1371645506.62
0.0991489887238
1371645506.72
0.0996069908142
1371645506.82
0.103121995926
1371645506.92
0.0981240272522
1371645507.02
0.0992610454559
1371645507.12
0.10134100914
1371645507.22
0.0990788936615
1371645507.33
0.107204914093
1371645507.42
0.0937561988831
1371645507.52
0.100387811661
1371645507.86
0.335173130035
1371645507.86
0.00375008583069
1371645507.86
1.47819519043e-05
1371645507.92
0.05943608284
1371645508.02
0.100645065308
1371645508.12
0.0993340015411
1371645508.22
0.100013971329
1371645508.32
0.100379943848
1371645508.42
0.099848985672
1371645508.52
0.100764989853
1371645508.62
0.0997591018677
1371645508.72
0.100093841553
1371645508.82
0.0992980003357
1371645508.92
0.102025032043
1371645509.02
0.0980031490326
1371645509.12
0.0996479988098
1371645509.22
0.101068019867
1371645509.32
0.100131988525
1371645509.42
0.100190877914
1371645509.52
0.100278139114
1371645509.62
0.0993978977203
1371645509.72
0.100254058838
1371645509.82
0.100223064423
1371645509.92
0.0997707843781
1371645510.02
0.101878166199
1371645510.12
0.0986778736115
1371645510.22
0.099044084549
1371645510.32
0.100352048874
1371645510.42
0.0995969772339
1371645510.52
0.100882053375
1371645510.62
0.100094795227
1371645510.72
0.100100040436
1371645510.82
0.0992841720581
1371645510.92
0.0997178554535
1371645511.02
0.100889921188
1371645511.12
0.0995900630951
1371645511.22
0.100217103958
1371645511.32
0.0995688438416
1371645511.42
0.10113120079
1371645511.52
0.0996069908142
1371645511.62
0.0992138385773
1371645511.72
0.100318193436
1371645511.82
0.0998358726501
1371645511.92
0.100080013275
1371645512.02
0.1005859375
1371645512.12
0.100348949432
1371645512.22
0.100123167038
1371645512.32
0.0998289585114
1371645512.43
0.102181911469
1371645512.52
0.0980479717255
1371645512.62
0.0999341011047
1371645512.72
0.100514888763
1371645512.82
0.0994210243225
1371645512.92
0.099328994751
1371645513.02
0.100788116455
s=238.096297026
i=2374
Avg=0.1003
