1371645275.3
1371645275.77
0.46825003624
1371645275.9
0.13854598999
1371645275.9
1.4066696167e-05
1371645275.9
1.28746032715e-05
1371645275.9
4.79221343994e-05
1371645275.99
0.0891120433807
1371645276.09
0.0987689495087
1371645276.19
0.102301120758
1371645276.31
0.112459897995
1371645276.49
0.184552192688
1371645276.59
0.101525783539
1371645276.7
0.103965997696
1371645276.79
0.096342086792
1371645276.89
0.100111961365
1371645276.99
0.0995349884033
1371645277.09
0.0992670059204
1371645277.19
0.101500988007
1371645277.29
0.0989229679108
1371645277.57
0.278333187103
1371645277.57
4.79221343994e-05
1371645277.6
0.0251801013947
1371645277.69
0.0979869365692
1371645277.79
0.0991280078888
1371645277.89
0.0992698669434
1371645277.99
0.101234197617
1371645278.09
0.0981628894806
1371645278.19
0.100457906723
1371645278.29
0.101895093918
1371645278.4
0.101254940033
1371645278.49
0.0967471599579
1371645278.59
0.0992889404297
1371645278.69
0.101353883743
1371645278.79
0.101258993149
1371645278.9
0.101704120636
1371645279.0
0.100269079208
1371645279.1
0.101363897324
1371645279.19
0.0952999591827
1371645279.3
0.103327989578
1371645279.39
0.0973041057587
1371645279.49
0.0990979671478
1371645279.6
0.103743076324
1371645279.69
0.0963418483734
1371645279.79
0.10045003891
1371645279.89
0.100027084351
1371645279.99
0.0985169410706
1371645280.09
0.100003004074
1371645280.2
0.103559970856
1371645280.29
0.0967619419098
1371645280.39
0.101545095444
1371645280.49
0.0988340377808
1371645280.59
0.0997369289398
1371645280.69
0.100980997086
1371645280.8
0.104589939117
1371645280.89
0.0946869850159
1371645280.99
0.0996241569519
1371645281.09
0.101928949356
1371645281.2
0.101271867752
1371645281.3
0.100521087646
1371645281.39
0.0967149734497
1371645281.49
0.0995211601257
1371645281.78
0.28741979599
1371645281.78
0.00087308883667
1371645281.79
0.0120489597321
1371645281.89
0.10164809227
1371645281.99
0.0984508991241
1371645282.09
0.10085606575
1371645282.2
0.102168083191
1371645282.29
0.0971708297729
1371645282.39
0.101473093033
1371645282.49
0.0978379249573
1371645282.59
0.103214979172
1371645282.7
0.100798130035
1371645282.79
0.0959498882294
1371645282.89
0.101567983627
1371645282.99
0.100172996521
1371645283.09
0.0992121696472
1371645283.19
0.100097894669
1371645283.29
0.0993700027466
1371645283.39
0.098541021347
1371645283.53
0.135919094086
1371645283.59
0.0657939910889
1371645283.9
0.311913967133
1371645283.92
0.0125060081482
1371645283.92
1.28746032715e-05
1371645283.99
0.0757999420166
1371645284.09
0.098984003067
1371645284.19
0.10236620903
1371645284.29
0.0982348918915
1371645284.39
0.0996210575104
1371645284.49
0.100175857544
1371645284.59
0.100551128387
1371645284.69
0.101204872131
1371645284.79
0.0974090099335
1371645284.89
0.100499153137
1371645284.99
0.101719856262
1371645285.09
0.0995011329651
1371645285.19
0.100080966949
1371645285.29
0.100766897202
1371645285.39
0.100075960159
1371645285.49
0.0983860492706
1371645285.59
0.0999000072479
1371645285.69
0.100402116776
1371645285.79
0.101063966751
1371645285.89
0.0988550186157
1371645285.99
0.102454900742
1371645286.09
0.0961890220642
1371645286.19
0.0999491214752
1371645286.29
0.102564811707
1371645286.39
0.0982811450958
1371645286.49
0.0987060070038
1371645286.6
0.108329057693
1371645286.69
0.0922718048096
1371645286.79
0.100793123245
1371645286.89
0.100329875946
1371645286.99
0.0992710590363
1371645287.09
0.100841999054
1371645287.19
0.09921002388
1371645287.29
0.101289987564
1371645287.4
0.102976083755
1371645287.49
0.0957069396973
1371645287.59
0.101238012314
1371645287.69
0.0981669425964
1371645287.98
0.286690950394
1371645287.98
0.00406408309937
1371645287.99
0.0104260444641
1371645288.09
0.102431058884
1371645288.2
0.102150917053
1371645288.29
0.0945909023285
1371645288.39
0.0996911525726
1371645288.49
0.102818012238
1371645288.59
0.0981919765472
1371645288.69
0.101585865021
1371645288.79
0.0982880592346
1371645288.89
0.100352048874
1371645288.99
0.100494861603
1371645289.09
0.0991230010986
1371645289.19
0.100933074951
1371645289.29
0.0989201068878
1371645289.6
0.308935880661
1371645289.6
0.00149297714233
1371645289.6
1.59740447998e-05
1371645289.69
0.0925390720367
1371645289.79
0.0975301265717
1371645289.89
0.0994307994843
1371645289.99
0.100474119186
1371645290.09
0.0996060371399
1371645290.19
0.10252404213
1371645290.29
0.0969548225403
1371645290.39
0.102332115173
1371645290.5
0.102918863297
1371645290.59
0.0966241359711
1371645290.69
0.0997469425201
1371645290.79
0.0996289253235
1371645290.89
0.0990090370178
1371645290.99
0.102260112762
1371645291.09
0.099357843399
1371645291.2
0.102115154266
1371645291.29
0.0984170436859
1371645291.39
0.099231004715
1371645291.49
0.0973949432373
1371645291.59
0.102781057358
1371645291.69
0.0993819236755
1371645291.79
0.101674079895
1371645291.89
0.0977749824524
1371645291.99
0.101885795593
1371645292.09
0.0975570678711
1371645292.19
0.102730989456
1371645292.3
0.104120016098
1371645292.39
0.0967020988464
1371645292.49
0.0981140136719
1371645292.59
0.0995500087738
1371645292.69
0.0994420051575
1371645292.79
0.101516962051
1371645292.89
0.0973110198975
1371645292.99
0.101027965546
1371645293.09
0.102097988129
1371645293.19
0.0983879566193
1371645293.29
0.100847005844
1371645293.39
0.0995490550995
1371645293.49
0.0991640090942
1371645293.59
0.0996308326721
1371645293.78
0.189330101013
1371645293.79
0.0120830535889
1371645293.89
0.0991649627686
1371645293.99
0.0998780727386
1371645294.09
0.100419998169
1371645294.19
0.102588891983
1371645294.29
0.0961091518402
1371645294.4
0.107336997986
1371645294.49
0.0930638313293
1371645294.59
0.100902080536
1371645294.69
0.0997579097748
1371645294.79
0.101453065872
1371645294.89
0.0984969139099
1371645294.99
0.100195169449
1371645295.09
0.0995898246765
1371645295.19
0.100913047791
1371645295.29
0.0997979640961
1371645295.39
0.101983070374
1371645295.49
0.0972180366516
1371645295.6
0.112691879272
1371645295.92
0.318565130234
1371645295.93
0.00745892524719
1371645295.93
2.31266021729e-05
1371645295.99
0.0626928806305
1371645296.09
0.0989229679108
1371645296.19
0.100985050201
1371645296.3
0.102771997452
1371645296.39
0.0984139442444
1371645296.49
0.0992450714111
1371645296.59
0.0993230342865
1371645296.69
0.101332902908
1371645296.79
0.0971341133118
1371645296.89
0.100694894791
1371645296.99
0.101258039474
1371645297.09
0.0980319976807
1371645297.19
0.100965976715
1371645297.29
0.100136041641
1371645297.39
0.10176897049
1371645297.5
0.102113008499
1371645297.59
0.0977880954742
1371645297.69
0.0984399318695
1371645297.8
0.103296995163
1371645297.89
0.0972609519958
1371645297.99
0.0983641147614
1371645298.1
0.10532283783
1371645298.19
0.0976300239563
1371645298.29
0.0976719856262
1371645298.39
0.100417137146
1371645298.49
0.100028038025
1371645298.59
0.100813865662
1371645298.69
0.0993781089783
1371645298.79
0.100710868835
1371645298.89
0.100136995316
1371645299.0
0.101883172989
1371645299.09
0.0970199108124
1371645299.19
0.0989279747009
1371645299.29
0.101493120193
1371645299.4
0.102359771729
1371645299.49
0.0988121032715
1371645299.59
0.0999739170074
1371645299.69
0.098179101944
1371645299.79
0.09894490242
1371645299.89
0.101211071014
1371645300.1
0.209079027176
1371645300.1
1.50203704834e-05
1371645300.19
0.0889048576355
1371645300.29
0.104420185089
1371645300.39
0.0989120006561
1371645300.49
0.0985288619995
1371645300.59
0.102692127228
1371645300.69
0.0992369651794
1371645300.79
0.0989050865173
1371645300.89
0.0990679264069
1371645301.0
0.103396892548
1371645301.1
0.102985143661
1371645301.19
0.0938439369202
1371645301.29
0.100959062576
1371645301.39
0.0988359451294
1371645301.49
0.0995209217072
1371645301.59
0.100681066513
1371645301.69
0.101006031036
1371645301.79
0.0986700057983
1371645301.89
0.101323843002
1371645302.0
0.104741096497
1371645302.32
0.323049068451
1371645302.32
0.00134205818176
1371645302.32
1.19209289551e-05
1371645302.39
0.068922996521
1371645302.49
0.103416919708
1371645302.59
0.09672498703
1371645302.69
0.101628065109
1371645302.79
0.0983490943909
1371645302.89
0.100894927979
1371645302.99
0.0999989509583
1371645303.09
0.101619958878
1371645303.19
0.0991830825806
1371645303.29
0.101222991943
1371645303.39
0.097795009613
1371645303.5
0.103048086166
1371645303.6
0.100572824478
1371645303.69
0.0962951183319
1371645303.79
0.101191997528
1371645303.89
0.0967569351196
1371645303.99
0.102195978165
1371645304.09
0.100248098373
1371645304.19
0.0995509624481
1371645304.29
0.0992460250854
1371645304.39
0.100903987885
1371645304.5
0.103204965591
1371645304.59
0.0960080623627
1371645304.69
0.101433038712
1371645304.79
0.0990200042725
1371645304.89
0.100514888763
1371645304.99
0.0990390777588
1371645305.1
0.107347011566
1371645305.19
0.0957069396973
1371645305.29
0.0981431007385
1371645305.39
0.100517988205
1371645305.5
0.103111982346
1371645305.59
0.0971879959106
1371645305.69
0.0976138114929
1371645305.79
0.100115060806
1371645305.9
0.110852003098
1371645305.99
0.0896410942078
1371645306.09
0.101783037186
1371645306.19
0.0993418693542
1371645306.29
0.101427078247
1371645306.61
0.310760974884
1371645306.61
1.4066696167e-05
1371645306.61
1.09672546387e-05
1371645306.7
0.0902519226074
1371645306.79
0.0958690643311
1371645306.89
0.100733995438
1371645306.99
0.100558042526
1371645307.09
0.100730895996
1371645307.19
0.0993580818176
1371645307.29
0.100532054901
1371645307.39
0.0997970104218
1371645307.49
0.0995788574219
1371645307.59
0.0997450351715
1371645307.71
0.114573955536
1371645307.79
0.0876049995422
1371645307.89
0.0988490581512
1371645308.17
0.274144887924
1371645308.18
0.0141351222992
1371645308.2
0.0156419277191
1371645308.3
0.0978300571442
1371645308.39
0.0970449447632
1371645308.49
0.102079153061
1371645308.6
0.102116823196
1371645308.7
0.0995819568634
1371645308.79
0.0971360206604
1371645308.89
0.101281166077
1371645308.99
0.0988368988037
1371645309.09
0.100114107132
1371645309.19
0.0994379520416
1371645309.29
0.0990250110626
1371645309.39
0.100573062897
1371645309.49
0.0991959571838
1371645309.59
0.102039813995
1371645309.69
0.0988581180573
1371645309.79
0.0990450382233
1371645309.89
0.102066040039
1371645309.99
0.0999729633331
1371645310.09
0.0992028713226
1371645310.19
0.099837064743
1371645310.29
0.100630044937
1371645310.39
0.0992150306702
1371645310.49
0.101878881454
1371645310.6
0.101392030716
1371645310.69
0.0963749885559
1371645310.79
0.102790117264
1371645310.9
0.103715896606
1371645311.0
0.0970499515533
1371645311.1
0.104681968689
1371645311.19
0.0929741859436
1371645311.29
0.101047992706
1371645311.39
0.0979878902435
1371645311.49
0.102046966553
1371645311.59
0.0973851680756
1371645311.69
0.101189851761
1371645311.8
0.103065013885
1371645311.9
0.108298063278
1371645311.99
0.0877220630646
1371645312.09
0.100157976151
1371645312.4
0.307945966721
1371645312.41
0.00807785987854
1371645312.41
1.62124633789e-05
1371645312.49
0.0844368934631
1371645312.59
0.101360082626
1371645312.7
0.103797912598
1371645312.79
0.0961449146271
1371645312.9
0.110269069672
1371645312.99
0.0869700908661
1371645313.3
0.305038928986
1371645313.3
0.00402808189392
1371645313.3
1.28746032715e-05
1371645313.39
0.0920381546021
1371645313.49
0.100304841995
1371645313.59
0.101597070694
1371645313.69
0.0983109474182
1371645313.79
0.0999131202698
1371645313.9
0.10310292244
1371645313.99
0.0972700119019
1371645314.09
0.101046085358
1371645314.19
0.0979218482971
1371645314.3
0.105833053589
1371645314.39
0.0961689949036
1371645314.49
0.0981469154358
1371645314.59
0.10135102272
1371645314.69
0.0996921062469
1371645314.79
0.0983688831329
1371645314.89
0.100416183472
1371645315.0
0.103744983673
1371645315.09
0.0968379974365
1371645315.19
0.101907014847
1371645315.3
0.100866794586
1371645315.39
0.0957419872284
1371645315.49
0.102165222168
1371645315.59
0.0999798774719
1371645315.69
0.100215911865
1371645315.79
0.100525140762
1371645315.89
0.0995209217072
1371645315.99
0.0997250080109
1371645316.19
0.19917011261
1371645316.29
0.102584838867
1371645316.39
0.0981709957123
1371645316.49
0.0997750759125
1371645316.59
0.0981290340424
1371645316.69
0.102639913559
1371645316.79
0.0999021530151
1371645316.89
0.100286960602
1371645316.99
0.100159883499
1371645317.09
0.0983209609985
1371645317.4
0.311719179153
1371645317.41
0.00416994094849
1371645317.41
1.19209289551e-05
1371645317.49
0.0848951339722
1371645317.59
0.100421905518
1371645317.69
0.100057125092
1371645317.79
0.0979797840118
1371645317.89
0.0994420051575
1371645317.99
0.101222038269
1371645318.1
0.108325004578
1371645318.19
0.0922501087189
1371645318.29
0.099515914917
1371645318.39
0.100788116455
1371645318.49
0.09894490242
1371645318.59
0.0996150970459
1371645318.69
0.100386857986
1371645318.79
0.101137161255
1371645318.89
0.0994048118591
1371645318.99
0.100612163544
1371645319.09
0.0990710258484
1371645319.21
0.113827943802
1371645319.56
0.35219502449
1371645319.56
4.6968460083e-05
1371645319.56
1.00135803223e-05
1371645319.59
0.0354130268097
1371645319.69
0.101465940475
1371645319.79
0.0968730449677
1371645319.89
0.101198911667
1371645319.99
0.100353002548
1371645320.09
0.0989439487457
1371645320.19
0.100172996521
1371645320.3
0.102837085724
1371645320.39
0.0973100662231
1371645320.49
0.102264881134
1371645320.6
0.107823133469
1371645320.69
0.0885999202728
1371645320.79
0.102062940598
1371645320.89
0.0984210968018
1371645320.99
0.099879026413
1371645321.09
0.101178884506
1371645321.19
0.0990331172943
1371645321.3
0.103724956512
1371645321.39
0.0960469245911
1371645321.49
0.101432085037
1371645321.6
0.104434967041
1371645321.69
0.094614982605
1371645321.79
0.0997400283813
1371645321.89
0.100979089737
1371645321.99
0.0989718437195
1371645322.09
0.100260972977
1371645322.19
0.0995869636536
1371645322.3
0.104556083679
1371645322.39
0.0955181121826
1371645322.49
0.101135969162
1371645322.59
0.101769924164
1371645322.69
0.0976960659027
1371645322.79
0.102154016495
1371645322.89
0.0980248451233
1371645323.0
0.104308128357
1371645323.1
0.0981450080872
1371645323.19
0.0978829860687
1371645323.29
0.0985679626465
1371645323.4
0.10418510437
1371645323.49
0.0969069004059
1371645323.59
0.0999300479889
1371645323.82
0.222847938538
1371645323.82
0.0046169757843
1371645323.89
0.0750069618225
1371645323.99
0.0967071056366
1371645324.09
0.102463960648
1371645324.19
0.0975611209869
1371645324.29
0.101671934128
1371645324.41
0.111809015274
1371645324.5
0.0901598930359
1371645324.61
0.109948158264
1371645324.69
0.0858409404755
1371645324.79
0.0999200344086
1371645324.89
0.102164983749
1371645324.99
0.0992019176483
1371645325.09
0.0993049144745
1371645325.19
0.101024150848
1371645325.29
0.0989940166473
1371645325.39
0.101322889328
1371645325.5
0.107084989548
1371645325.59
0.0919489860535
1371645325.71
0.117613077164
1371645326.03
0.324186086655
1371645326.03
4.29153442383e-05
1371645326.03
9.05990600586e-06
1371645326.1
0.0625908374786
1371645326.19
0.09605717659
1371645326.29
0.0989089012146
1371645326.39
0.102122068405
1371645326.49
0.0982048511505
1371645326.59
0.0998980998993
1371645326.7
0.108860015869
1371645326.79
0.0910489559174
1371645326.89
0.0999889373779
1371645326.99
0.10209608078
1371645327.1
0.104425907135
1371645327.19
0.0943059921265
1371645327.29
0.0995361804962
1371645327.39
0.100404024124
1371645327.49
0.101200819016
1371645327.59
0.0986251831055
1371645327.69
0.101096868515
1371645327.79
0.0993671417236
1371645327.9
0.10311794281
1371645327.99
0.0989029407501
1371645328.09
0.0971651077271
1371645328.19
0.102405786514
1371645328.29
0.0973410606384
1371645328.39
0.103067159653
1371645328.49
0.0956897735596
1371645328.6
0.106097221375
1371645328.69
0.0978558063507
1371645328.8
0.101623058319
1371645328.89
0.0954999923706
1371645328.99
0.100554943085
1371645329.09
0.100457191467
1371645329.19
0.0994558334351
1371645329.29
0.100254058838
1371645329.39
0.0989170074463
1371645329.49
0.100872993469
1371645329.59
0.10019493103
1371645329.69
0.102161169052
1371645329.79
0.0991888046265
1371645329.89
0.0973100662231
1371645329.99
0.101944923401
1371645330.23
0.232460021973
1371645330.23
0.00237011909485
1371645330.29
0.0649008750916
1371645330.39
0.100107192993
1371645330.49
0.0991230010986
1371645330.6
0.104192972183
1371645330.69
0.097470998764
1371645330.79
0.100571870804
1371645330.9
0.105340003967
1371645330.99
0.092945098877
1371645331.09
0.100260019302
1371645331.19
0.0983519554138
1371645331.29
0.10146188736
1371645331.39
0.10036611557
1371645331.49
0.0992228984833
1371645331.59
0.100852012634
1371645331.69
0.0997090339661
1371645331.79
0.10138297081
1371645331.89
0.0988080501556
1371645331.99
0.0995509624481
1371645332.12
0.130970954895
1371645332.2
0.0734250545502
1371645332.51
0.310824155807
1371645332.51
0.00345492362976
1371645332.51
1.09672546387e-05
1371645332.59
0.0829861164093
1371645332.69
0.100458860397
1371645332.79
0.0995810031891
1371645332.89
0.100369930267
1371645332.99
0.0991671085358
1371645333.1
0.102672100067
1371645333.19
0.0973198413849
1371645333.29
0.100862979889
1371645333.39
0.0979449748993
1371645333.49
0.0993010997772
1371645333.59
0.103333950043
1371645333.69
0.0980310440063
1371645333.79
0.100071907043
1371645333.89
0.0996470451355
1371645333.99
0.0995850563049
1371645334.09
0.101521015167
1371645334.19
0.0980610847473
1371645334.29
0.100061893463
1371645334.39
0.100248098373
1371645334.49
0.102762937546
1371645334.59
0.0970499515533
1371645334.7
0.108369112015
1371645334.79
0.0916159152985
1371645334.89
0.0997109413147
1371645334.99
0.101154088974
1371645335.09
0.101712942123
1371645335.19
0.097580909729
1371645335.29
0.100496053696
1371645335.39
0.101048946381
1371645335.49
0.100069999695
1371645335.59
0.0988512039185
1371645335.69
0.100014925003
1371645335.79
0.0995478630066
1371645335.89
0.102835178375
1371645335.99
0.0965619087219
1371645336.1
0.103929042816
1371645336.19
0.0990099906921
1371645336.29
0.0971429347992
1371645336.4
0.104247093201
1371645336.6
0.205656051636
1371645336.6
0.000911951065063
1371645336.69
0.0893330574036
1371645336.79
0.10285282135
1371645336.89
0.100190162659
1371645336.99
0.0984809398651
1371645337.09
0.100405931473
1371645337.2
0.101444959641
1371645337.29
0.0988390445709
1371645337.39
0.0981869697571
1371645337.5
0.10388302803
1371645337.59
0.0957961082458
1371645337.69
0.100365877151
1371645337.79
0.101369142532
1371645337.9
0.104772806168
1371645337.99
0.0933601856232
1371645338.1
0.105777025223
1371645338.19
0.0947079658508
1371645338.29
0.101179838181
1371645338.39
0.100718021393
1371645338.67
0.277168989182
1371645338.68
0.00418496131897
1371645338.69
0.0163671970367
1371645338.79
0.101765871048
1371645338.9
0.104264974594
1371645338.99
0.0958321094513
1371645339.09
0.0986649990082
1371645339.2
0.105129957199
1371645339.31
0.108272075653
1371645339.39
0.0868048667908
1371645339.5
0.105116128922
1371645339.59
0.0953469276428
1371645339.69
0.0983819961548
1371645339.79
0.100883960724
1371645339.9
0.102777957916
1371645339.99
0.0970771312714
1371645340.09
0.100508928299
1371645340.19
0.098571062088
1371645340.29
0.101233959198
1371645340.39
0.0995681285858
1371645340.49
0.102423906326
1371645340.6
0.101131916046
1371645340.69
0.0968570709229
1371645340.79
0.102546930313
1371645340.9
0.1009349823
1371645340.99
0.098160982132
1371645341.09
0.0972900390625
1371645341.19
0.103342056274
1371645341.29
0.0969939231873
1371645341.39
0.102071046829
1371645341.49
0.100359916687
1371645341.59
0.0995051860809
1371645341.69
0.0990369319916
1371645341.79
0.0990378856659
1371645341.89
0.0998661518097
1371645341.99
0.101775884628
1371645342.1
0.104691028595
1371645342.19
0.0964469909668
1371645342.29
0.0987241268158
1371645342.39
0.101693868637
1371645342.49
0.0979211330414
1371645342.6
0.104383945465
1371645342.85
0.252013921738
1371645342.85
0.000591993331909
1371645342.89
0.0424711704254
1371645342.99
0.0990118980408
1371645343.09
0.101171970367
1371645343.19
0.0988590717316
1371645343.29
0.101793050766
1371645343.39
0.0982468128204
1371645343.49
0.10027217865
1371645343.59
0.101641893387
1371645343.69
0.100747108459
1371645343.79
0.0998179912567
1371645343.89
0.0989739894867
1371645343.99
0.0988240242004
1371645344.1
0.103519916534
1371645344.19
0.0965270996094
1371645344.29
0.10302400589
1371645344.4
0.100789785385
1371645344.49
0.0985541343689
1371645344.6
0.104778051376
1371645344.69
0.0961968898773
1371645344.79
0.0973150730133
1371645345.08
0.285776853561
1371645345.08
0.00193500518799
1371645345.09
0.0124280452728
1371645345.19
0.10008597374
1371645345.3
0.103914022446
1371645345.39
0.0966250896454
1371645345.5
0.104490995407
1371645345.59
0.0950870513916
1371645345.69
0.100370883942
1371645345.79
0.100222110748
1371645345.89
0.0982818603516
1371645345.99
0.100999116898
1371645346.09
0.0998878479004
1371645346.19
0.100308179855
1371645346.29
0.0997428894043
1371645346.39
0.0996670722961
1371645346.49
0.100551843643
1371645346.59
0.0994172096252
1371645346.69
0.102854967117
1371645346.79
0.0964448451996
1371645346.89
0.0998420715332
1371645347.0
0.103786945343
1371645347.09
0.0983381271362
1371645347.19
0.101142883301
1371645347.29
0.0978779792786
1371645347.39
0.099219083786
1371645347.49
0.0997309684753
1371645347.59
0.100182056427
1371645347.7
0.106220006943
1371645347.79
0.0966770648956
1371645347.89
0.0971558094025
1371645347.99
0.0997350215912
1371645348.09
0.100569009781
1371645348.2
0.104521989822
1371645348.29
0.0960230827332
1371645348.39
0.0988419055939
1371645348.5
0.106134176254
1371645348.59
0.0947589874268
1371645348.69
0.102548837662
1371645348.8
0.100919008255
1371645348.89
0.0970499515533
1371645348.99
0.0990371704102
1371645349.31
0.318447828293
1371645349.31
0.00204801559448
1371645349.31
0.00272917747498
1371645349.39
0.0787599086761
1371645349.49
0.101032972336
1371645349.59
0.0990829467773
1371645349.7
0.104008197784
1371645349.8
0.0980010032654
1371645349.89
0.0972108840942
1371645349.99
0.100332021713
1371645350.09
0.099212884903
1371645350.19
0.0993220806122
1371645350.29
0.102072954178
1371645350.39
0.0984511375427
1371645350.49
0.10073184967
1371645350.59
0.0990061759949
1371645350.71
0.11491894722
1371645351.03
0.325392961502
1371645351.03
0.0023500919342
1371645351.03
1.00135803223e-05
1371645351.1
0.0693728923798
1371645351.19
0.0873100757599
1371645351.29
0.101256847382
1371645351.39
0.100538015366
1371645351.49
0.100031137466
1371645351.59
0.0992238521576
1371645351.69
0.101224184036
1371645351.8
0.102860927582
1371645351.89
0.094260931015
1371645351.99
0.101660966873
1371645352.09
0.0993921756744
1371645352.19
0.100122928619
1371645352.29
0.102844953537
1371645352.4
0.102699041367
1371645352.5
0.0995728969574
1371645352.59
0.0957291126251
1371645352.69
0.101386070251
1371645352.79
0.0994808673859
1371645352.89
0.100500106812
1371645352.99
0.0979588031769
1371645353.09
0.0997459888458
1371645353.19
0.102818012238
1371645353.3
0.103339195251
1371645353.39
0.0950539112091
1371645353.49
0.100399971008
1371645353.6
0.101442098618
1371645353.69
0.0989978313446
1371645353.79
0.0999519824982
1371645353.9
0.102363109589
1371645353.99
0.098042011261
1371645354.09
0.0988600254059
1371645354.19
0.0978059768677
1371645354.29
0.101727962494
1371645354.39
0.0994989871979
1371645354.49
0.101217985153
1371645354.59
0.0988731384277
1371645354.7
0.10430598259
1371645354.79
0.094516992569
1371645354.89
0.102376937866
1371645354.99
0.0998270511627
1371645355.3
0.309504985809
1371645355.3
1.50203704834e-05
1371645355.3
1.28746032715e-05
1371645355.4
0.0958261489868
1371645355.49
0.0934879779816
1371645355.59
0.102280855179
1371645355.69
0.0979931354523
1371645355.79
0.101987838745
1371645355.89
0.0977430343628
1371645355.99
0.0993449687958
1371645356.09
0.102838039398
1371645356.19
0.0983030796051
1371645356.3
0.103662014008
1371645356.39
0.0966119766235
1371645356.49
0.10018992424
1371645356.59
0.0984761714935
1371645356.69
0.101342916489
1371645356.79
0.10001707077
1371645356.89
0.0992658138275
1371645356.99
0.100066184998
1371645357.09
0.10061788559
1371645357.19
0.0981950759888
1371645357.29
0.101940870285
1371645357.64
0.343975067139
1371645357.64
0.00248908996582
1371645357.64
1.09672546387e-05
1371645357.69
0.0528979301453
1371645357.8
0.103935003281
1371645357.89
0.0965020656586
1371645357.99
0.101655006409
1371645358.1
0.101197004318
1371645358.19
0.0987160205841
1371645358.29
0.0983219146729
1371645358.39
0.101197004318
1371645358.49
0.0989711284637
1371645358.59
0.0986289978027
1371645358.69
0.100276947021
1371645358.79
0.100308895111
1371645358.89
0.0994639396667
1371645359.0
0.104340076447
1371645359.09
0.0974531173706
1371645359.19
0.0990040302277
1371645359.29
0.100621938705
1371645359.39
0.0983488559723
1371645359.49
0.101979017258
1371645359.59
0.0995450019836
1371645359.69
0.098541021347
1371645359.79
0.100079059601
1371645359.9
0.103628873825
1371645360.0
0.101135015488
1371645360.09
0.0950040817261
1371645360.2
0.104624032974
1371645360.29
0.095694065094
1371645360.39
0.101006031036
1371645360.49
0.101480007172
1371645360.59
0.0969989299774
1371645360.79
0.201262950897
1371645360.9
0.103157043457
1371645360.99
0.0973498821259
1371645361.09
0.101150035858
1371645361.19
0.100738048553
1371645361.29
0.0987980365753
1371645361.39
0.100988864899
1371645361.68
0.287034988403
1371645361.68
1.71661376953e-05
1371645361.69
0.0100300312042
1371645361.79
0.0997908115387
1371645361.89
0.102509021759
1371645361.99
0.0994601249695
1371645362.09
0.0986869335175
1371645362.19
0.101433992386
1371645362.29
0.0998339653015
1371645362.39
0.100816011429
1371645362.49
0.0982210636139
1371645362.59
0.0989859104156
1371645362.69
0.102030038834
1371645362.79
0.0995240211487
1371645362.89
0.0980989933014
1371645362.99
0.10312795639
1371645363.1
0.100873947144
1371645363.2
0.102931022644
1371645363.29
0.0951411724091
1371645363.41
0.113101959229
1371645363.49
0.0856869220734
1371645363.6
0.110435009003
1371645363.91
0.306781053543
1371645363.91
0.000773906707764
1371645363.91
1.90734863281e-05
1371645363.99
0.0844779014587
1371645364.1
0.100881099701
1371645364.19
0.0960049629211
1371645364.3
0.106106042862
1371645364.39
0.0947060585022
1371645364.5
0.104563951492
1371645364.6
0.0984139442444
1371645364.7
0.101958990097
1371645364.79
0.0965800285339
1371645364.89
0.0990118980408
1371645364.99
0.098592042923
1371645365.09
0.101096153259
1371645365.19
0.1021900177
1371645365.3
0.101921796799
1371645365.39
0.0954151153564
1371645365.49
0.101170063019
1371645365.59
0.0998568534851
1371645365.69
0.0992829799652
1371645365.79
0.101447105408
1371645365.89
0.100024938583
1371645366.0
0.101902008057
1371645366.09
0.0975511074066
1371645366.19
0.0979988574982
1371645366.29
0.100948095322
1371645366.4
0.103444099426
1371645366.49
0.0964589118958
1371645366.59
0.0990478992462
1371645366.69
0.103280067444
1371645366.79
0.0999391078949
1371645366.89
0.0999429225922
1371645366.99
0.0978009700775
1371645367.09
0.100913047791
1371645367.2
0.103795051575
1371645367.29
0.0965709686279
1371645367.39
0.100337982178
1371645367.5
0.102980852127
1371645367.59
0.0968410968781
1371645367.69
0.098051071167
1371645367.79
0.102946043015
1371645368.1
0.308040857315
1371645368.11
0.00368213653564
1371645368.11
1.47819519043e-05
1371645368.19
0.0865740776062
1371645368.31
0.114784002304
1371645368.39
0.087345123291
1371645368.49
0.0966639518738
1371645368.6
0.104460000992
1371645368.7
0.0991129875183
1371645368.79
0.0986859798431
1371645368.89
0.0988368988037
1371645368.99
0.101625204086
1371645369.09
0.0998778343201
1371645369.19
0.0972530841827
1371645369.29
0.102463006973
1371645369.39
0.0997819900513
1371645369.49
0.0977299213409
1371645369.59
0.101832151413
1371645369.69
0.100259780884
1371645369.8
0.104027032852
1371645369.89
0.0947320461273
1371645370.01
0.118505954742
1371645370.31
0.29877614975
1371645370.33
0.0166459083557
1371645370.33
1.50203704834e-05
1371645370.39
0.0683379173279
1371645370.49
0.0964770317078
1371645370.59
0.100936174393
1371645370.69
0.0993049144745
1371645370.79
0.101101875305
1371645370.89
0.0999100208282
1371645370.99
0.101443052292
1371645371.09
0.099396944046
1371645371.19
0.0985891819
1371645371.3
0.110447883606
1371645371.39
0.0904381275177
1371645371.49
0.0992038249969
1371645371.59
0.102834939957
1371645371.69
0.0969791412354
1371645371.79
0.103398084641
1371645371.89
0.0990118980408
1371645371.99
0.09929895401
1371645372.09
0.0989310741425
1371645372.2
0.111093997955
1371645372.3
0.0933470726013
1371645372.39
0.0947368144989
1371645372.49
0.101207017899
1371645372.6
0.104155063629
1371645372.71
0.108695030212
1371645372.8
0.0906548500061
1371645372.89
0.0968551635742
1371645372.99
0.100555896759
1371645373.1
0.101858139038
1371645373.2
0.100314855576
1371645373.29
0.096125125885
1371645373.39
0.100419044495
1371645373.49
0.0996618270874
1371645373.59
0.100043058395
1371645373.69
0.100183963776
1371645373.79
0.102319955826
1371645373.89
0.0986421108246
1371645374.0
0.103877067566
1371645374.09
0.0964329242706
1371645374.19
0.0994000434875
1371645374.51
0.312638044357
1371645374.51
0.00885200500488
1371645374.51
1.09672546387e-05
1371645374.59
0.0789940357208
1371645374.69
0.100926876068
1371645374.79
0.0997169017792
1371645374.9
0.101402044296
1371645374.99
0.0960111618042
1371645375.09
0.100260972977
1371645375.19
0.100366830826
1371645375.41
0.213245153427
1371645375.49
0.0861530303955
1371645375.59
0.101679801941
1371645375.69
0.101296186447
1371645375.79
0.0969059467316
1371645375.89
0.101636886597
1371645376.0
0.103735208511
1371645376.1
0.0997967720032
1371645376.19
0.0970921516418
1371645376.3
0.104022026062
1371645376.4
0.0986449718475
1371645376.7
0.308640956879
1371645376.71
0.00909805297852
1371645376.71
1.28746032715e-05
1371645376.79
0.0783641338348
1371645376.89
0.0997068881989
1371645377.0
0.104254961014
1371645377.09
0.0963351726532
1371645377.2
0.104820013046
1371645377.29
0.0972700119019
1371645377.4
0.102766990662
1371645377.5
0.0989499092102
1371645377.59
0.0985720157623
1371645377.7
0.103317975998
1371645377.8
0.0983200073242
1371645377.89
0.0979380607605
1371645378.0
0.101074934006
1371645378.1
0.0996010303497
1371645378.19
0.0976619720459
1371645378.3
0.102648973465
1371645378.39
0.0965440273285
1371645378.49
0.101649999619
1371645378.59
0.0990800857544
1371645378.69
0.100437879562
1371645378.79
0.0978989601135
1371645378.89
0.101873159409
1371645378.99
0.0992569923401
1371645379.09
0.100021839142
1371645379.19
0.100481033325
1371645379.3
0.105767965317
1371645379.39
0.0963101387024
1371645379.5
0.10017490387
1371645379.6
0.100258111954
1371645379.69
0.0988359451294
1371645379.79
0.09716796875
1371645379.89
0.100765943527
1371645379.99
0.101541996002
1371645380.1
0.10176897049
1371645380.21
0.112343072891
1371645380.29
0.0872330665588
1371645380.39
0.0979988574982
1371645380.49
0.0994501113892
1371645380.6
0.105438947678
1371645380.91
0.312474966049
1371645380.91
1.21593475342e-05
1371645380.91
8.82148742676e-06
1371645381.0
0.0859770774841
1371645381.09
0.0959830284119
1371645381.19
0.101269960403
1371645381.3
0.101778030396
1371645381.39
0.0991549491882
1371645381.5
0.100698947906
1371645381.59
0.0963611602783
1371645381.69
0.100604057312
1371645381.89
0.200949907303
1371645382.0
0.111115932465
1371645382.09
0.0900440216064
1371645382.19
0.100235939026
1371645382.29
0.097424030304
1371645382.4
0.104540109634
1371645382.49
0.0973038673401
1371645382.59
0.0987620353699
1371645382.7
0.103990077972
1371645382.79
0.0983500480652
1371645382.9
0.100556850433
1371645383.21
0.315304994583
1371645383.21
0.000776052474976
1371645383.21
1.19209289551e-05
1371645383.29
0.0829470157623
1371645383.4
0.106052160263
1371645383.49
0.091817855835
1371645383.6
0.102815151215
1371645383.69
0.0985958576202
1371645383.79
0.0990409851074
1371645383.89
0.0996451377869
1371645384.0
0.104249000549
1371645384.09
0.0960419178009
1371645384.2
0.102828979492
1371645384.29
0.0977511405945
1371645384.39
0.100214958191
1371645384.49
0.101168870926
1371645384.59
0.0986680984497
1371645384.69
0.0997490882874
1371645384.79
0.100416898727
1371645384.89
0.100934028625
1371645384.99
0.100153923035
1371645385.09
0.0996940135956
1371645385.19
0.100317955017
1371645385.29
0.0988099575043
1371645385.39
0.0984601974487
1371645385.49
0.101470947266
1371645385.59
0.0987150669098
1371645385.7
0.103724956512
1371645385.79
0.0954120159149
1371645385.89
0.102779865265
1371645385.99
0.0989961624146
1371645386.1
0.107476949692
1371645386.19
0.0925438404083
1371645386.29
0.0997550487518
1371645386.39
0.101035118103
1371645386.49
0.0987439155579
1371645386.59
0.100148916245
1371645386.69
0.100040197372
1371645386.8
0.102955818176
1371645386.9
0.0993411540985
1371645386.99
0.0997149944305
1371645387.29
0.299321889877
1371645387.29
4.81605529785e-05
1371645387.3
0.00141286849976
1371645387.39
0.0988440513611
1371645387.5
0.100703954697
1371645387.59
0.0993609428406
1371645387.69
0.0981950759888
1371645387.79
0.102000951767
1371645387.89
0.0995669364929
1371645387.99
0.0981311798096
1371645388.09
0.100865840912
1371645388.19
0.0985682010651
1371645388.29
0.100389957428
1371645388.39
0.101258039474
1371645388.49
0.100123882294
1371645388.59
0.0987050533295
1371645388.69
0.0999629497528
1371645388.79
0.101501941681
1371645388.89
0.0984461307526
1371645388.99
0.101593017578
1371645389.09
0.09801197052
1371645389.21
0.118258953094
1371645389.29
0.0836610794067
1371645389.6
0.304623842239
1371645389.6
0.00392699241638
1371645389.6
1.31130218506e-05
1371645389.69
0.0922439098358
1371645389.8
0.101603031158
1371645389.89
0.0951600074768
1371645389.99
0.101068973541
1371645390.09
0.100660085678
1371645390.19
0.0997989177704
1371645390.29
0.0980279445648
1371645390.39
0.101940155029
1371645390.49
0.100494861603
1371645390.59
0.10169506073
1371645390.69
0.0969851016998
1371645390.79
0.100639820099
1371645390.89
0.101052999496
1371645390.99
0.0988740921021
1371645391.09
0.101402044296
1371645391.19
0.099396944046
1371645391.29
0.0981619358063
1371645391.39
0.100435018539
1371645391.49
0.100618124008
1371645391.59
0.0999019145966
1371645391.69
0.102436065674
1371645391.79
0.0972280502319
1371645391.89
0.102280855179
1371645391.99
0.0996830463409
1371645392.09
0.0977039337158
1371645392.19
0.0997281074524
1371645392.3
0.103955030441
1371645392.4
0.099760055542
1371645392.49
0.0997228622437
1371645392.59
0.0970089435577
1371645392.69
0.100628137589
1371645392.79
0.09921002388
1371645392.89
0.101648807526
1371645393.0
0.101972103119
1371645393.1
0.0999031066895
1371645393.19
0.0963439941406
1371645393.29
0.100502967834
1371645393.39
0.0994889736176
1371645393.7
0.304290056229
1371645393.7
0.000480890274048
1371645393.7
0.00226402282715
1371645393.8
0.0992999076843
1371645393.89
0.094731092453
1371645393.99
0.100383996964
1371645394.09
0.0989260673523
1371645394.19
0.101629972458
1371645394.3
0.101644992828
1371645394.4
0.104312896729
1371645394.49
0.0942840576172
1371645394.59
0.0979719161987
1371645394.72
0.131725072861
1371645394.79
0.0691111087799
1371645395.1
0.304427862167
1371645395.1
0.0020489692688
1371645395.1
1.4066696167e-05
1371645395.19
0.0931520462036
1371645395.29
0.0995850563049
1371645395.39
0.100613832474
1371645395.49
0.10199713707
1371645395.59
0.0973670482635
1371645395.69
0.102459907532
1371645395.79
0.0977389812469
1371645395.89
0.100521087646
1371645395.99
0.0992958545685
1371645396.09
0.102509021759
1371645396.2
0.103232145309
1371645396.29
0.0943298339844
1371645396.39
0.100301027298
1371645396.49
0.0994551181793
1371645396.59
0.101524829865
1371645396.69
0.101238012314
1371645396.79
0.0977900028229
1371645396.9
0.102835178375
1371645397.01
0.118461847305
1371645397.09
0.0798959732056
1371645397.2
0.102843999863
1371645397.29
0.0975050926208
1371645397.39
0.101129055023
1371645397.5
0.100080013275
1371645397.6
0.100437879562
1371645397.7
0.10001206398
1371645397.79
0.0989129543304
1371645397.89
0.0987739562988
1371645397.99
0.101180076599
1371645398.1
0.100810050964
1371645398.2
0.10134601593
1371645398.3
0.0999920368195
1371645398.39
0.0966989994049
1371645398.49
0.0982758998871
1371645398.61
0.114192962646
1371645398.69
0.08731508255
1371645398.79
0.101888895035
1371645398.89
0.096832036972
1371645399.22
0.326174974442
1371645399.22
0.0055251121521
1371645399.22
1.28746032715e-05
1371645399.3
0.0749270915985
1371645399.39
0.0954630374908
1371645399.49
0.0992479324341
1371645399.59
0.101342916489
1371645399.69
0.0982530117035
1371645399.79
0.100482940674
1371645399.9
0.103118181229
1371645400.24
0.346894025803
1371645400.24
0.0012149810791
1371645400.24
1.28746032715e-05
1371645400.41
0.163087129593
1371645400.41
0.00268292427063
1371645400.49
0.0848820209503
1371645400.59
0.0968298912048
1371645400.69
0.0996541976929
1371645400.79
0.101454973221
1371645400.89
0.100732803345
1371645400.99
0.0990881919861
1371645401.09
0.100566864014
1371645401.19
0.0996510982513
1371645401.29
0.0988390445709
1371645401.39
0.10032582283
1371645401.49
0.100589036942
1371645401.59
0.0999791622162
1371645401.69
0.100361824036
1371645401.79
0.0999841690063
1371645401.89
0.101506948471
1371645401.99
0.0971930027008
1371645402.09
0.101933002472
1371645402.19
0.0999729633331
1371645402.29
0.10045003891
1371645402.4
0.101222038269
1371645402.49
0.0956540107727
1371645402.6
0.104343891144
1371645402.69
0.0979158878326
1371645402.79
0.100592136383
1371645402.89
0.100065946579
1371645403.0
0.104599952698
1371645403.09
0.0943500995636
1371645403.19
0.0993819236755
1371645403.29
0.102095127106
1371645403.39
0.0980718135834
1371645403.49
0.102074146271
1371645403.59
0.0975470542908
1371645403.7
0.104715824127
1371645403.79
0.0975520610809
1371645403.89
0.0989830493927
1371645404.0
0.103874921799
1371645404.09
0.0968861579895
1371645404.39
0.298754930496
1371645404.4
0.00322198867798
1371645404.4
1.19209289551e-05
1371645404.49
0.0964090824127
1371645404.59
0.101440906525
1371645404.69
0.0996379852295
1371645404.79
0.0980072021484
1371645404.9
0.107085943222
1371645404.99
0.0950419902802
1371645405.1
0.103857040405
1371645405.19
0.0966589450836
1371645405.29
0.0969700813293
1371645405.39
0.102180957794
1371645405.49
0.0984318256378
1371645405.59
0.101863145828
1371645405.69
0.0997319221497
1371645405.79
0.0976541042328
1371645405.89
0.101905822754
1371645405.99
0.0994231700897
1371645406.1
0.110154867172
1371645406.2
0.0934720039368
1371645406.29
0.0987689495087
1371645406.64
0.342323064804
1371645406.64
0.00587010383606
1371645406.64
1.00135803223e-05
1371645406.8
0.161604881287
1371645406.81
0.000503063201904
1371645406.89
0.0878410339355
1371645407.0
0.102504968643
1371645407.09
0.0964360237122
1371645407.19
0.102092981339
1371645407.29
0.0994119644165
1371645407.39
0.100333929062
1371645407.49
0.0990180969238
1371645407.59
0.101615905762
1371645407.69
0.100381135941
1371645407.79
0.0977070331573
1371645407.89
0.099515914917
1371645407.99
0.102242946625
1371645408.09
0.0969021320343
1371645408.19
0.103067874908
1371645408.29
0.0974631309509
1371645408.4
0.10730099678
1371645408.49
0.0939688682556
1371645408.59
0.0999920368195
1371645408.69
0.101100921631
1371645408.79
0.0994801521301
1371645408.89
0.100908994675
1371645408.99
0.100119829178
1371645409.09
0.100013017654
1371645409.19
0.0982639789581
1371645409.29
0.0986211299896
1371645409.4
0.105515956879
1371645409.49
0.0963470935822
1371645409.6
0.101892948151
1371645409.7
0.100707054138
1371645409.79
0.096186876297
1371645409.89
0.101933002472
1371645409.99
0.0990331172943
1371645410.09
0.0998408794403
1371645410.2
0.102520942688
1371645410.29
0.0995111465454
1371645410.39
0.0969300270081
1371645410.49
0.101611852646
1371645410.81
0.315251111984
1371645410.81
0.00230097770691
1371645410.81
0.00373792648315
1371645410.89
0.0787000656128
1371645411.0
0.102411031723
1371645411.1
0.101799964905
1371645411.19
0.0944950580597
1371645411.29
0.100662946701
1371645411.39
0.0988969802856
1371645411.5
0.108642101288
1371645411.59
0.0936198234558
1371645411.69
0.0992441177368
1371645411.79
0.101310014725
1371645411.89
0.0992360115051
1371645412.0
0.103370904922
1371645412.09
0.096107006073
1371645412.19
0.100111961365
1371645412.29
0.0994520187378
1371645412.39
0.101171016693
1371645412.5
0.103068113327
1371645412.6
0.0992150306702
1371645412.69
0.0961358547211
1371645413.01
0.318583965302
1371645413.01
6.8187713623e-05
1371645413.01
1.47819519043e-05
1371645413.09
0.0837202072144
1371645413.19
0.0962598323822
1371645413.29
0.102692127228
1371645413.39
0.0983769893646
1371645413.5
0.103157043457
1371645413.59
0.0976028442383
1371645413.69
0.0997321605682
1371645413.79
0.0988228321075
1371645413.89
0.101482152939
1371645413.99
0.100006818771
1371645414.09
0.100074052811
1371645414.19
0.0991871356964
1371645414.29
0.10196185112
1371645414.4
0.100952148438
1371645414.49
0.0980319976807
1371645414.6
0.106853961945
1371645414.69
0.0947098731995
1371645414.79
0.0975801944733
1371645414.89
0.0997929573059
1371645414.99
0.0997748374939
1371645415.09
0.10214805603
1371645415.2
0.102035999298
1371645415.29
0.0975861549377
1371645415.39
0.0988838672638
1371645415.49
0.0988590717316
1371645415.6
0.103821992874
1371645415.7
0.101455926895
1371645415.79
0.0971519947052
1371645415.89
0.100367069244
1371645416.0
0.100969076157
1371645416.09
0.0995378494263
1371645416.2
0.10426902771
1371645416.3
0.10099196434
1371645416.39
0.0922219753265
1371645416.49
0.100449085236
1371645416.59
0.100377082825
1371645416.69
0.0998289585114
1371645416.8
0.105880022049
1371645416.89
0.0940878391266
1371645417.13
0.239586114883
1371645417.13
1.28746032715e-05
1371645417.19
0.0609951019287
1371645417.29
0.0998220443726
1371645417.39
0.0991609096527
1371645417.49
0.100430011749
1371645417.59
0.101217985153
1371645417.69
0.099457025528
1371645417.79
0.0975499153137
1371645417.89
0.102341175079
1371645418.0
0.103992938995
1371645418.1
0.0981659889221
1371645418.19
0.095752954483
1371645418.29
0.103688955307
1371645418.39
0.0984330177307
1371645418.51
0.111819028854
1371645418.59
0.0889959335327
1371645418.7
0.102295160294
1371645418.8
0.100425004959
1371645418.9
0.100370883942
1371645418.99
0.0977599620819
1371645419.09
0.0980751514435
1371645419.43
0.340764045715
1371645419.44
0.00263094902039
1371645419.44
1.09672546387e-05
1371645419.58
0.142670869827
1371645419.6
0.017186164856
1371645419.69
0.0956599712372
1371645419.8
0.108069896698
1371645419.89
0.0917520523071
1371645419.99
0.0996239185333
1371645420.1
0.10471200943
1371645420.19
0.0957140922546
1371645420.29
0.100167989731
1371645420.39
0.102886915207
1371645420.49
0.0979371070862
1371645420.59
0.0995938777924
1371645420.69
0.099846124649
1371645420.79
0.101363897324
1371645420.89
0.0979030132294
1371645420.99
0.100234031677
1371645421.09
0.100686073303
1371645421.19
0.100069046021
1371645421.29
0.100163936615
1371645421.39
0.100414037704
1371645421.49
0.0984239578247
1371645421.59
0.100773096085
1371645421.69
0.101842880249
1371645421.8
0.102980136871
1371645421.9
0.102536916733
1371645421.99
0.094869852066
1371645422.09
0.0976819992065
1371645422.19
0.0991492271423
1371645422.29
0.101236820221
1371645422.39
0.0998430252075
1371645422.49
0.101660013199
1371645422.6
0.102978944778
1371645422.69
0.0948691368103
1371645422.79
0.102828025818
1371645422.89
0.0977039337158
1371645422.99
0.0988309383392
1371645423.09
0.103026151657
1371645423.19
0.0998139381409
1371645423.29
0.0996119976044
1371645423.59
0.292156934738
1371645423.59
0.000213146209717
1371645423.59
0.00572490692139
1371645423.69
0.10095000267
1371645423.79
0.0993828773499
1371645423.89
0.10223197937
1371645424.0
0.10165309906
1371645424.09
0.0985579490662
1371645424.19
0.0998320579529
1371645424.29
0.0992269515991
1371645424.39
0.0989489555359
1371645424.49
0.102163076401
1371645424.6
0.104068994522
1371645424.69
0.0927040576935
1371645424.79
0.100560903549
1371645424.89
0.100346088409
1371645424.99
0.101734876633
1371645425.09
0.0993340015411
1371645425.19
0.100411176682
1371645425.31
0.11292386055
1371645425.4
0.0881881713867
1371645425.49
0.0970997810364
1371645425.83
0.337170124054
1371645425.83
9.89437103271e-05
1371645425.83
0.000118970870972
1371645425.89
0.0651140213013
1371645425.99
0.0981719493866
1371645426.09
0.0998940467834
1371645426.19
0.0993609428406
1371645426.29
0.0996570587158
1371645426.39
0.100651025772
1371645426.49
0.099347114563
1371645426.59
0.0999128818512
1371645426.69
0.100311040878
1371645426.79
0.102451086044
1371645426.89
0.0974159240723
1371645426.99
0.100563049316
1371645427.09
0.100636959076
1371645427.2
0.110507011414
1371645427.29
0.0876169204712
1371645427.39
0.102909088135
1371645427.59
0.196730852127
1371645427.6
0.00516510009766
1371645427.69
0.0959930419922
1371645427.79
0.100700855255
1371645427.89
0.0996661186218
1371645428.0
0.104716062546
1371645428.1
0.0987918376923
1371645428.19
0.0979681015015
1371645428.29
0.0999989509583
1371645428.4
0.102545976639
1371645428.49
0.0966169834137
1371645428.6
0.103479146957
1371645428.69
0.0964109897614
1371645428.8
0.102548837662
1371645428.99
0.194501161575
1371645428.99
0.00121903419495
1371645429.09
0.103003978729
1371645429.19
0.0977628231049
1371645429.4
0.204169988632
1371645429.4
0.000463008880615
1371645429.49
0.0964469909668
1371645429.69
0.200516223907
1371645429.69
0.000890970230103
1371645430.01
0.311934947968
1371645430.01
0.00401997566223
1371645430.1
0.0874719619751
1371645430.19
0.0947461128235
1371645430.29
0.0986919403076
1371645430.39
0.100666999817
1371645430.49
0.0973610877991
1371645430.59
0.103044986725
1371645430.69
0.0997350215912
1371645430.79
0.100082874298
1371645430.89
0.1012840271
1371645430.99
0.0983679294586
1371645431.09
0.100656986237
1371645431.2
0.104396104813
1371645431.29
0.0961639881134
1371645431.39
0.101010084152
1371645431.49
0.100719928741
1371645431.59
0.0989890098572
1371645431.69
0.0981469154358
1371645431.79
0.100840091705
1371645431.89
0.100663900375
1371645432.23
0.334912061691
1371645432.23
8.89301300049e-05
1371645432.23
2.09808349609e-05
1371645432.29
0.0625910758972
1371645432.39
0.100579977036
1371645432.49
0.0988130569458
1371645432.59
0.103708028793
1371645432.69
0.099338054657
1371645432.79
0.0960538387299
1371645432.89
0.103031158447
1371645432.99
0.0977668762207
1371645433.09
0.0996310710907
1371645433.19
0.101266860962
1371645433.29
0.101080179214
1371645433.39
0.0972809791565
1371645433.49
0.100605010986
1371645433.59
0.103019952774
1371645433.69
0.100195884705
1371645433.79
0.0969371795654
1371645433.89
0.100303888321
1371645433.99
0.101895093918
1371645434.1
0.102891921997
1371645434.19
0.0983850955963
1371645434.29
0.100983858109
1371645434.39
0.0971310138702
1371645434.49
0.0999181270599
1371645434.59
0.103103876114
1371645434.69
0.0949349403381
1371645434.79
0.102848052979
1371645434.89
0.101709127426
1371645434.99
0.0968828201294
1371645435.09
0.0982611179352
1371645435.19
0.10195684433
1371645435.29
0.0988550186157
1371645435.39
0.101073980331
1371645435.49
0.101096153259
1371645435.59
0.0984220504761
1371645435.7
0.104612827301
1371645435.79
0.0975611209869
1371645435.9
0.108419895172
1371645435.99
0.0885260105133
1371645436.09
0.0994141101837
1371645436.41
0.31839799881
1371645436.41
0.00557398796082
1371645436.41
1.69277191162e-05
1371645436.5
0.0844230651855
1371645436.59
0.0964469909668
1371645436.7
0.105131864548
1371645436.8
0.0966920852661
1371645436.9
0.101505041122
1371645436.99
0.0932500362396
1371645437.09
0.102326869965
1371645437.2
0.104572057724
1371645437.3
0.0974869728088
1371645437.39
0.096470117569
1371645437.5
0.103965997696
1371645437.59
0.0988688468933
1371645437.69
0.100120067596
1371645437.79
0.0994429588318
1371645437.89
0.0977139472961
1371645438.0
0.103376150131
1371645438.09
0.0976500511169
1371645438.2
0.105328798294
1371645438.51
0.309597015381
1371645438.51
0.00219321250916
1371645438.51
1.97887420654e-05
1371645438.6
0.0849840641022
1371645438.69
0.0945241451263
1371645438.79
0.100680828094
1371645438.89
0.0998289585114
1371645438.99
0.102210998535
1371645439.09
0.0983910560608
1371645439.19
0.100495100021
1371645439.29
0.100779056549
1371645439.39
0.0987877845764
1371645439.49
0.101802110672
1371645439.59
0.0984358787537
1371645439.69
0.102449178696
1371645439.79
0.100237846375
1371645439.89
0.0972411632538
1371645439.99
0.0992419719696
1371645440.1
0.105094909668
1371645440.19
0.094654083252
1371645440.3
0.105597019196
1371645440.39
0.0970599651337
1371645440.49
0.0971670150757
1371645440.59
0.0998179912567
1371645440.69
0.100966930389
1371645440.79
0.101640939713
1371645440.89
0.0988121032715
1371645440.99
0.09938788414
1371645441.09
0.100928068161
1371645441.2
0.104325056076
1371645441.29
0.0991261005402
1371645441.39
0.0965240001678
1371645441.49
0.100734949112
1371645441.59
0.102241039276
1371645441.7
0.101366996765
1371645441.79
0.0958139896393
1371645441.89
0.0985579490662
1371645441.99
0.101036071777
1371645442.09
0.099702835083
1371645442.19
0.103543996811
1371645442.3
0.101060152054
1371645442.61
0.315798997879
1371645442.61
1.50203704834e-05
1371645442.61
0.000836849212646
1371645442.69
0.0799250602722
1371645442.79
0.0977308750153
1371645442.89
0.101137161255
1371645442.99
0.101505994797
1371645443.1
0.102923870087
1371645443.19
0.0974550247192
1371645443.3
0.10288310051
1371645443.4
0.0997588634491
1371645443.5
0.100537061691
1371645443.59
0.0947399139404
1371645443.69
0.101333141327
1371645443.79
0.100878000259
1371645443.89
0.0995380878448
1371645443.99
0.0992147922516
1371645444.09
0.102261066437
1371645444.19
0.0981850624084
1371645444.29
0.100157976151
1371645444.66
0.36711192131
1371645444.66
0.00212097167969
1371645444.66
1.12056732178e-05
1371645444.7
0.033971786499
1371645444.79
0.0967152118683
1371645444.89
0.101801872253
1371645444.99
0.100556135178
1371645445.09
0.0994729995728
1371645445.19
0.0968677997589
1371645445.29
0.0990610122681
1371645445.39
0.101418972015
1371645445.49
0.0992290973663
1371645445.59
0.0995490550995
1371645445.69
0.102395057678
1371645445.79
0.0999548435211
1371645445.89
0.100594997406
1371645445.99
0.098042011261
1371645446.09
0.0984880924225
1371645446.21
0.117352962494
1371645446.29
0.0829088687897
1371645446.39
0.102152109146
1371645446.49
0.0984039306641
1371645446.59
0.103520154953
1371645446.7
0.102643966675
1371645446.79
0.0941488742828
1371645446.89
0.099100112915
1371645447.0
0.109606981277
1371645447.09
0.0916390419006
1371645447.19
0.10072183609
1371645447.29
0.100970029831
1371645447.4
0.104712963104
1371645447.49
0.0928430557251
1371645447.59
0.102825164795
1371645447.69
0.0982758998871
1371645447.79
0.0988540649414
1371645447.89
0.101305961609
1371645447.99
0.0997838973999
1371645448.09
0.10290813446
1371645448.19
0.0955009460449
1371645448.29
0.101902008057
1371645448.39
0.0994000434875
1371645448.5
0.104432821274
1371645448.59
0.0951731204987
1371645448.79
0.202933073044
1371645448.8
0.00922203063965
1371645448.9
0.0929548740387
1371645448.99
0.0980110168457
1371645449.09
0.0962889194489
1371645449.19
0.101590156555
1371645449.29
0.0995829105377
1371645449.39
0.100048065186
1371645449.49
0.0992019176483
1371645449.59
0.104527950287
1371645449.69
0.0959851741791
1371645449.79
0.099996805191
1371645449.9
0.104876041412
1371645449.99
0.097090959549
1371645450.09
0.0993201732635
1371645450.19
0.099494934082
1371645450.29
0.101900100708
1371645450.39
0.0980629920959
1371645450.49
0.0988318920135
1371645450.59
0.101036071777
1371645450.69
0.101235866547
1371645451.01
0.317083120346
1371645451.01
0.00480985641479
1371645451.01
1.12056732178e-05
1371645451.09
0.0787727832794
1371645451.19
0.097953081131
1371645451.29
0.0999889373779
1371645451.39
0.0988969802856
1371645451.49
0.101218223572
1371645451.59
0.098513841629
1371645451.69
0.102447986603
1371645451.79
0.0995931625366
1371645451.89
0.0983839035034
1371645451.99
0.100982904434
1371645452.09
0.0984370708466
1371645452.19
0.101138114929
1371645452.29
0.100327968597
1371645452.39
0.100885868073
1371645452.49
0.0999481678009
1371645452.59
0.0978779792786
1371645452.69
0.0997579097748
1371645452.79
0.10212802887
1371645452.89
0.100908994675
1371645452.99
0.099839925766
1371645453.09
0.0980710983276
1371645453.19
0.100551843643
1371645453.29
0.101232051849
1371645453.39
0.0978889465332
1371645453.49
0.103864192963
1371645453.59
0.0970528125763
1371645453.69
0.100731134415
1371645453.79
0.0975909233093
1371645453.89
0.101983070374
1371645453.99
0.10262298584
1371645454.09
0.0959498882294
1371645454.19
0.102075099945
1371645454.3
0.108195066452
1371645454.4
0.0947589874268
1371645454.49
0.0953738689423
1371645454.6
0.104500055313
1371645454.69
0.0965979099274
1371645454.79
0.102407217026
1371645454.89
0.0987329483032
1371645455.08
0.185850858688
1371645455.09
0.0155990123749
1371645455.19
0.099454164505
1371645455.31
0.11288690567
1371645455.39
0.0857701301575
1371645455.49
0.0984318256378
1371645455.59
0.102488040924
1371645455.69
0.0983409881592
1371645455.79
0.102283000946
1371645455.89
0.0986800193787
1371645455.99
0.0970449447632
1371645456.09
0.103677034378
1371645456.2
0.101854085922
1371645456.29
0.0991480350494
1371645456.39
0.0975389480591
1371645456.49
0.100712060928
1371645456.59
0.101492881775
1371645456.69
0.0967130661011
1371645456.79
0.102210998535
1371645456.89
0.0986249446869
1371645456.99
0.103280067444
1371645457.33
0.331468820572
1371645457.33
0.0035572052002
1371645457.33
1.50203704834e-05
1371645457.39
0.0637738704681
1371645457.49
0.0985350608826
1371645457.59
0.102589845657
1371645457.69
0.0972850322723
1371645457.79
0.099091053009
1371645457.89
0.101063013077
1371645458.0
0.103033065796
1371645458.09
0.0957279205322
1371645458.19
0.102220058441
1371645458.3
0.102077007294
1371645458.39
0.0970959663391
1371645458.49
0.0999910831451
1371645458.59
0.101156949997
1371645458.69
0.0994470119476
1371645458.79
0.100093841553
1371645458.89
0.100166082382
1371645458.99
0.0994379520416
1371645459.1
0.103691101074
1371645459.19
0.0961120128632
1371645459.29
0.0994780063629
1371645459.4
0.103601932526
1371645459.49
0.0963981151581
1371645459.59
0.100466966629
1371645459.69
0.101047039032
1371645459.79
0.0973629951477
1371645459.89
0.102338790894
1371645459.99
0.0995571613312
1371645460.09
0.100153923035
1371645460.19
0.0972011089325
1371645460.3
0.110285997391
1371645460.39
0.0904288291931
1371645460.49
0.100931167603
1371645460.6
0.105700969696
1371645460.69
0.0955770015717
1371645460.79
0.0997838973999
1371645460.9
0.102525949478
1371645460.99
0.0977590084076
1371645461.09
0.0980920791626
1371645461.19
0.100467920303
1371645461.29
0.0989921092987
1371645461.48
0.192373037338
1371645461.49
0.00837302207947
1371645461.59
0.10320687294
1371645461.69
0.0960991382599
1371645461.79
0.100172042847
1371645461.9
0.107620954514
1371645461.99
0.0929458141327
1371645462.09
0.102435112
1371645462.19
0.0992660522461
1371645462.29
0.0992798805237
1371645462.39
0.0996820926666
1371645462.49
0.0981130599976
1371645462.59
0.100365877151
1371645462.7
0.108824968338
1371645462.79
0.0923521518707
1371645462.89
0.10072183609
1371645462.99
0.100932121277
1371645463.09
0.100375890732
1371645463.19
0.0982129573822
1371645463.29
0.101639032364
1371645463.39
0.0993950366974
1371645463.5
0.107741117477
1371645463.87
0.369390010834
1371645463.88
0.00624179840088
1371645463.88
1.12056732178e-05
1371645463.89
0.0152649879456
1371645463.99
0.100129842758
1371645464.09
0.0989429950714
1371645464.19
0.100926160812
1371645464.29
0.0994379520416
1371645464.39
0.0993909835815
1371645464.49
0.100363969803
1371645464.59
0.101328134537
1371645464.69
0.100868940353
1371645464.79
0.0989599227905
1371645464.9
0.104864120483
1371645464.99
0.0955128669739
1371645465.09
0.0994391441345
1371645465.19
0.0985097885132
1371645465.29
0.102104187012
1371645465.41
0.114624023438
1371645465.49
0.0831608772278
1371645465.59
0.103229045868
1371645465.69
0.0975999832153
1371645465.79
0.100921869278
1371645465.89
0.100217103958
1371645465.99
0.099415063858
1371645466.09
0.100880861282
1371645466.2
0.108693122864
1371645466.29
0.088791847229
1371645466.39
0.102749109268
1371645466.49
0.0980780124664
1371645466.59
0.103008031845
1371645466.69
0.0986649990082
1371645466.79
0.0991909503937
1371645466.89
0.0993549823761
1371645466.99
0.0997629165649
1371645467.09
0.101144075394
1371645467.19
0.0987830162048
1371645467.29
0.100265026093
1371645467.39
0.101833105087
1371645467.49
0.0978698730469
1371645467.59
0.103501081467
1371645467.69
0.0980639457703
1371645467.8
0.104624986649
1371645468.01
0.212908983231
1371645468.01
1.19209289551e-05
1371645468.09
0.0829939842224
1371645468.19
0.099133014679
1371645468.29
0.0996351242065
1371645468.39
0.0984709262848
1371645468.49
0.0997309684753
1371645468.59
0.101613044739
1371645468.69
0.101225137711
1371645468.79
0.0986678600311
1371645468.89
0.100614070892
1371645468.99
0.099732875824
1371645469.09
0.100201129913
1371645469.19
0.100579977036
1371645469.29
0.0999550819397
1371645469.39
0.0997149944305
1371645469.49
0.0993049144745
1371645469.59
0.10089802742
1371645469.69
0.100769042969
1371645469.8
0.106345891953
1371645469.89
0.0922269821167
1371645470.21
0.317486047745
1371645470.21
5.79357147217e-05
1371645470.21
1.4066696167e-05
1371645470.29
0.0822389125824
1371645470.39
0.0995721817017
1371645470.49
0.102490901947
1371645470.59
0.0990340709686
1371645470.69
0.0988709926605
1371645470.79
0.0995759963989
1371645470.89
0.100208997726
1371645470.99
0.10021686554
1371645471.09
0.101081132889
1371645471.19
0.0998809337616
1371645471.29
0.0991299152374
1371645471.39
0.100316047668
1371645471.49
0.101135969162
1371645471.59
0.099109172821
1371645471.69
0.0993728637695
1371645471.79
0.0995070934296
1371645471.89
0.103152990341
1371645472.0
0.101750850677
1371645472.09
0.0984580516815
1371645472.19
0.0978879928589
1371645472.29
0.100486040115
1371645472.39
0.0992319583893
1371645472.49
0.101467132568
1371645472.59
0.0994770526886
1371645472.69
0.101444959641
1371645472.79
0.0974860191345
1371645472.89
0.0992817878723
1371645472.99
0.0997560024261
1371645473.09
0.10072016716
1371645473.19
0.100327014923
1371645473.29
0.101436853409
1371645473.39
0.100733995438
1371645473.49
0.0996260643005
1371645473.59
0.0997879505157
1371645473.7
0.108464002609
1371645473.79
0.0883791446686
1371645473.89
0.101580858231
1371645473.99
0.100301027298
1371645474.09
0.0997819900513
1371645474.4
0.312075138092
1371645474.4
2.28881835938e-05
1371645474.41
0.0011990070343
1371645474.51
0.0997109413147
1371645474.59
0.0878219604492
1371645474.69
0.100671052933
1371645474.79
0.100239038467
1371645474.89
0.0994479656219
1371645474.99
0.0999810695648
1371645475.09
0.101011037827
1371645475.19
0.0959260463715
1371645475.29
0.10148692131
1371645475.39
0.100272893906
1371645475.49
0.1006731987
1371645475.59
0.0995428562164
1371645475.69
0.0998799800873
1371645475.79
0.102689981461
1371645475.89
0.0975050926208
1371645475.99
0.100975990295
1371645476.11
0.115557909012
1371645476.19
0.0823609828949
1371645476.5
0.305024147034
1371645476.5
0.00377798080444
1371645476.5
1.59740447998e-05
1371645476.59
0.0920829772949
1371645476.69
0.0991508960724
1371645476.79
0.100322008133
1371645476.89
0.10107922554
1371645476.99
0.0985269546509
1371645477.1
0.105049848557
1371645477.19
0.0974280834198
1371645477.29
0.0977261066437
1371645477.39
0.102411985397
1371645477.49
0.100530862808
1371645477.59
0.0999040603638
1371645477.7
0.102382898331
1371645477.79
0.097177028656
1371645477.89
0.0986199378967
1371645477.99
0.099338054657
1371645478.1
0.105543136597
1371645478.19
0.0940299034119
1371645478.29
0.0999970436096
1371645478.39
0.100923061371
1371645478.5
0.10404086113
1371645478.59
0.0965931415558
1371645478.69
0.101240873337
1371645478.79
0.0994040966034
1371645478.89
0.100877046585
1371645478.99
0.0982298851013
1371645479.09
0.0985720157623
1371645479.19
0.102866888046
1371645479.29
0.099641084671
1371645479.39
0.100058078766
1371645479.49
0.0980939865112
1371645479.59
0.101620912552
1371645479.69
0.100259065628
1371645479.79
0.09752202034
1371645479.89
0.101516962051
1371645479.99
0.0982520580292
1371645480.09
0.103610038757
1371645480.19
0.0983889102936
1371645480.29
0.0998940467834
1371645480.53
0.240334033966
1371645480.54
0.00325798988342
1371645480.6
0.0593650341034
1371645480.69
0.0950968265533
1371645480.79
0.103186130524
1371645480.89
0.0974359512329
1371645480.99
0.101728916168
1371645481.09
0.100430965424
1371645481.19
0.0989542007446
1371645481.29
0.101314783096
1371645481.39
0.10089802742
1371645481.49
0.0967221260071
1371645481.59
0.10212802887
1371645481.7
0.103415966034
1371645481.79
0.0957210063934
1371645481.89
0.09898686409
1371645481.99
0.102230072021
1371645482.09
0.0975749492645
1371645482.19
0.101668119431
1371645482.29
0.100494861603
1371645482.39
0.0987370014191
1371645482.5
0.107935190201
1371645482.85
0.349093914032
1371645482.85
0.004390001297
1371645482.85
1.28746032715e-05
1371645483.03
0.179124116898
1371645483.03
0.000219106674194
1371645483.09
0.0603458881378
1371645483.19
0.0973670482635
1371645483.29
0.101238012314
1371645483.39
0.099828004837
1371645483.49
0.100033044815
1371645483.59
0.0990607738495
1371645483.69
0.101162195206
1371645483.79
0.098464012146
1371645483.89
0.100703954697
1371645483.99
0.0999999046326
1371645484.1
0.103912115097
1371645484.19
0.0972559452057
1371645484.29
0.0984649658203
1371645484.39
0.0994620323181
1371645484.49
0.10129904747
1371645484.59
0.098995923996
1371645484.69
0.100831031799
1371645484.8
0.105215072632
1371645484.89
0.0968289375305
1371645484.99
0.100267887115
1371645485.1
0.106916189194
1371645485.19
0.0926198959351
1371645485.29
0.0988709926605
1371645485.39
0.0997200012207
1371645485.49
0.101146936417
1371645485.59
0.0996251106262
1371645485.69
0.101734876633
1371645485.79
0.0970962047577
1371645485.9
0.10449886322
1371645486.0
0.107219934464
1371645486.1
0.0980491638184
1371645486.19
0.0919458866119
1371645486.29
0.098886013031
1371645486.39
0.102405071259
1371645486.49
0.0973398685455
1371645486.59
0.100237131119
1371645486.69
0.101940870285
1371645486.79
0.0981721878052
1371645487.03
0.236480951309
1371645487.03
0.00132584571838
1371645487.09
0.0624251365662
1371645487.19
0.0996768474579
1371645487.29
0.101016998291
1371645487.39
0.100493192673
1371645487.49
0.100490808487
1371645487.59
0.0987541675568
1371645487.69
0.0988788604736
1371645487.79
0.100238084793
1371645487.89
0.100488901138
1371645487.99
0.100202083588
1371645488.09
0.0996420383453
1371645488.19
0.100092887878
1371645488.29
0.101221084595
1371645488.39
0.0995519161224
1371645488.49
0.100769996643
1371645488.59
0.098268032074
1371645488.69
0.100156068802
1371645488.79
0.101428985596
1371645488.91
0.120956897736
1371645489.26
0.349530220032
1371645489.27
0.00169682502747
1371645489.27
2.09808349609e-05
1371645489.3
0.0304040908813
1371645489.39
0.0955970287323
1371645489.49
0.101536989212
1371645489.59
0.0978879928589
1371645489.69
0.101096868515
1371645489.79
0.0991151332855
1371645489.89
0.102756023407
1371645489.99
0.0970418453217
1371645490.11
0.114791154861
1371645490.19
0.0842308998108
1371645490.29
0.10135102272
1371645490.39
0.0992450714111
1371645490.49
0.099879026413
1371645490.59
0.101599931717
1371645490.69
0.0978410243988
1371645490.79
0.0999269485474
1371645490.9
0.110796928406
1371645491.0
0.0948460102081
1371645491.09
0.0981590747833
1371645491.19
0.0985260009766
1371645491.29
0.0983788967133
1371645491.39
0.100105047226
1371645491.49
0.101906061172
1371645491.59
0.101483106613
1371645491.69
0.0983958244324
1371645491.79
0.097442150116
1371645491.89
0.100431919098
1371645491.99
0.103543996811
1371645492.09
0.0967819690704
1371645492.19
0.102574110031
1371645492.3
0.101590871811
1371645492.39
0.0953991413116
1371645492.49
0.100494861603
1371645492.59
0.100885152817
1371645492.69
0.101019859314
1371645492.79
0.0997850894928
1371645492.9
0.104538917542
1371645492.99
0.0950660705566
1371645493.09
0.101420879364
1371645493.38
0.290577173233
1371645493.38
0.000303983688354
1371645493.39
0.00674390792847
1371645493.49
0.100645065308
1371645493.59
0.100287914276
1371645493.69
0.0994610786438
1371645493.79
0.100656032562
1371645493.89
0.101208925247
1371645494.0
0.102633953094
1371645494.09
0.0964901447296
1371645494.19
0.10055398941
1371645494.29
0.0991718769073
1371645494.39
0.0996551513672
1371645494.49
0.0981569290161
1371645494.59
0.102483987808
1371645494.69
0.0995149612427
1371645494.79
0.101881027222
1371645494.89
0.0958271026611
1371645494.99
0.102020978928
1371645495.09
0.101248979568
1371645495.19
0.100770950317
1371645495.3
0.101226091385
1371645495.66
0.367941856384
1371645495.67
0.00598907470703
1371645495.67
1.78813934326e-05
1371645495.85
0.180433988571
1371645495.86
0.0101091861725
1371645495.89
0.0331659317017
1371645495.99
0.101196050644
1371645496.09
0.0994110107422
1371645496.19
0.0997428894043
1371645496.29
0.100327014923
1371645496.39
0.0974910259247
1371645496.49
0.100352048874
1371645496.59
0.101462841034
1371645496.69
0.100726127625
1371645496.79
0.0965678691864
1371645496.89
0.104021072388
1371645497.0
0.10346698761
1371645497.09
0.095055103302
1371645497.19
0.100298881531
1371645497.29
0.0981521606445
1371645497.39
0.103029966354
1371645497.49
0.09845495224
1371645497.59
0.100018024445
1371645497.7
0.104110956192
1371645497.79
0.0934460163116
1371645497.89
0.101958990097
1371645498.0
0.104506015778
1371645498.09
0.0974190235138
1371645498.19
0.0969829559326
1371645498.29
0.100126028061
1371645498.39
0.100978851318
1371645498.49
0.100891113281
1371645498.59
0.0990269184113
1371645498.69
0.0996949672699
1371645498.79
0.0985012054443
1371645498.89
0.102428913116
1371645498.99
0.101239919662
1371645499.09
0.0967011451721
1371645499.19
0.100579977036
1371645499.3
0.104019880295
1371645499.39
0.0961439609528
1371645499.5
0.10701417923
1371645499.78
0.281597852707
1371645499.78
0.000720024108887
1371645499.79
0.0111269950867
1371645499.89
0.100033044815
1371645499.99
0.100124120712
1371645500.09
0.100550889969
1371645500.19
0.0995390415192
1371645500.29
0.0997819900513
1371645500.39
0.0991089344025
1371645500.49
0.10204911232
1371645500.59
0.0991499423981
1371645500.69
0.098867893219
1371645500.79
0.101570129395
1371645500.89
0.098641872406
1371645500.99
0.100077152252
1371645501.1
0.105517864227
1371645501.19
0.0955200195312
1371645501.52
0.330286026001
1371645501.53
0.00402998924255
1371645501.53
1.4066696167e-05
1371645501.69
0.166475057602
1371645501.79
0.100123882294
1371645501.89
0.0988509654999
1371645501.99
0.100744009018
1371645502.09
0.0975451469421
1371645502.19
0.103663921356
1371645502.29
0.0970680713654
1371645502.39
0.100842952728
1371645502.49
0.100869894028
1371645502.59
0.100842952728
1371645502.69
0.100424051285
1371645502.79
0.0973830223083
1371645502.89
0.0999200344086
1371645502.99
0.101667881012
1371645503.09
0.100473165512
1371645503.19
0.0974068641663
1371645503.3
0.110201120377
1371645503.39
0.0911898612976
1371645503.49
0.0997891426086
1371645503.61
0.112982988358
1371645503.69
0.087112903595
1371645503.79
0.100044965744
1371645503.9
0.104262113571
1371645503.99
0.0979859828949
1371645504.1
0.100692033768
1371645504.19
0.0957610607147
1371645504.29
0.102813005447
1371645504.39
0.0984959602356
1371645504.49
0.0990629196167
1371645504.59
0.099641084671
1371645504.69
0.103384971619
1371645504.79
0.0967299938202
1371645504.89
0.0992500782013
1371645505.09
0.201190948486
1371645505.19
0.102738857269
1371645505.29
0.0975520610809
1371645505.39
0.100589990616
1371645505.49
0.100847959518
1371645505.72
0.231040000916
1371645505.73
0.00126504898071
1371645505.79
0.0667500495911
1371645505.89
0.0996160507202
1371645506.0
0.111656904221
1371645506.09
0.088604927063
1371645506.19
0.100926160812
1371645506.29
0.0993499755859
1371645506.39
0.100381851196
1371645506.49
0.0995171070099
1371645506.59
0.098051071167
1371645506.69
0.102179050446
1371645506.79
0.0999648571014
1371645506.89
0.0992529392242
1371645506.99
0.100790977478
1371645507.1
0.103321075439
1371645507.19
0.0962619781494
1371645507.29
0.0980560779572
1371645507.39
0.102555990219
1371645507.51
0.112663984299
1371645507.86
0.351684093475
1371645507.86
0.00399088859558
1371645507.86
1.81198120117e-05
1371645507.9
0.0341858863831
1371645507.99
0.0990059375763
1371645508.09
0.097198009491
1371645508.19
0.100378036499
1371645508.29
0.100867033005
1371645508.39
0.0989809036255
1371645508.49
0.102481126785
1371645508.59
0.097060918808
1371645508.69
0.103009939194
1371645508.79
0.0971441268921
1371645508.89
0.100081920624
1371645508.99
0.0993270874023
1371645509.09
0.100894927979
1371645509.19
0.0978710651398
1371645509.29
0.101017951965
1371645509.39
0.101930141449
1371645509.49
0.101008892059
1371645509.59
0.0985269546509
1371645509.69
0.100998163223
1371645509.8
0.110813856125
1371645509.89
0.0887560844421
1371645509.99
0.0990970134735
1371645510.09
0.10141992569
1371645510.19
0.099268913269
1371645510.3
0.103335142136
1371645510.39
0.0959239006042
1371645510.49
0.101240158081
1371645510.59
0.101235866547
1371645510.69
0.096745967865
1371645510.79
0.100399971008
1371645510.89
0.0992209911346
1371645510.99
0.103088140488
1371645511.09
0.0984120368958
1371645511.19
0.0994038581848
1371645511.29
0.100161075592
1371645511.39
0.100888967514
1371645511.49
0.100023031235
1371645511.59
0.100061893463
1371645511.7
0.102385997772
1371645511.79
0.0968160629272
1371645511.9
0.106938123703
1371645511.99
0.0930049419403
1371645512.1
0.103236913681
1371645512.19
0.0969820022583
1371645512.29
0.1020860672
1371645512.39
0.0990538597107
1371645512.5
0.105431079865
1371645512.59
0.0924890041351
1371645512.69
0.1011531353
1371645512.79
0.101193904877
1371645512.89
0.098953962326
1371645512.99
0.0983769893646
s=237.693954945
i=2370
Avg=0.1003
