1371134567.69
1371134667.69
1371134567.7
1371134667.7
1371134567.71
1371134667.71
1371134567.72
1371134667.72
1371134567.73
1371134667.73
1371134567.74
1371134667.74
1371134567.75
1371134667.75
1371134567.76
1371134667.76
1371134567.77
1371134667.77
1371134567.78
1371134667.78
1371134567.79
1371134667.79
1371134567.8
1371134667.8
1371134567.81
1371134667.81
1371134567.82
1371134667.82
1371134567.83
1371134667.83
1371134567.84
1371134667.84
1371134568.23
1371134668.23
1371134568.37
1371134668.37
1371134568.37
1371134668.37
1371134568.37
1371134668.37
1371134568.37
1371134668.37
1371134568.37
1371134668.37
1371134568.37
1371134668.37
1371134568.37
1371134668.37
1371134568.37
1371134668.37
1371134568.37
1371134668.37
1371134568.37
1371134668.37
1371134568.37
1371134668.37
1371134568.37
1371134668.37
1371134568.37
1371134668.37
1371134568.37
1371134668.37
1371134568.37
1371134668.37
1371134568.37
1371134668.37
1371134568.37
1371134668.37
1371134568.37
1371134668.37
1371134568.37
1371134668.37
1371134568.37
1371134668.37
1371134568.37
1371134668.37
1371134568.37
1371134668.37
1371134568.37
1371134668.37
1371134568.37
1371134668.37
1371134568.37
1371134668.37
1371134568.37
1371134668.37
1371134568.37
1371134668.37
1371134568.37
1371134668.37
1371134568.37
1371134668.37
1371134568.37
1371134668.37
1371134568.37
1371134668.37
1371134568.37
1371134668.37
1371134568.37
1371134668.37
1371134568.37
1371134668.37
1371134568.37
1371134668.37
1371134568.37
1371134668.37
1371134568.41
1371134668.41
1371134568.41
1371134668.41
1371134568.41
1371134668.41
1371134568.41
1371134668.41
1371134568.41
1371134668.41
1371134568.41
1371134668.41
1371134568.41
1371134668.41
1371134568.41
1371134668.41
1371134568.41
1371134668.41
1371134568.41
1371134668.41
1371134568.41
1371134668.41
1371134568.41
1371134668.41
1371134568.41
1371134668.41
1371134568.41
1371134668.41
1371134568.41
1371134668.41
1371134568.41
1371134668.41
1371134568.42
1371134668.42
1371134568.42
1371134668.42
1371134568.42
1371134668.42
1371134568.42
1371134668.42
1371134568.46
1371134668.46
1371134568.46
1371134668.46
1371134568.46
1371134668.46
1371134568.46
1371134668.46
1371134568.46
1371134668.46
1371134568.5
1371134668.5
1371134568.5
1371134668.5
1371134568.5
1371134668.5
1371134568.5
1371134668.5
1371134568.51
1371134668.51
1371134568.53
1371134668.53
1371134568.53
1371134668.53
1371134568.54
1371134668.54
1371134568.55
1371134668.55
1371134568.56
1371134668.56
1371134568.57
1371134668.57
1371134568.58
1371134668.58
1371134568.59
1371134668.59
1371134568.6
1371134668.6
1371134568.61
1371134668.61
1371134568.62
1371134668.62
1371134568.63
1371134668.63
1371134568.64
1371134668.64
1371134568.65
1371134668.65
1371134568.66
1371134668.66
1371134568.67
1371134668.67
1371134568.68
1371134668.68
1371134568.69
1371134668.69
1371134568.7
1371134668.7
1371134568.71
1371134668.71
1371134568.72
1371134668.72
1371134568.73
1371134668.73
1371134568.74
1371134668.74
1371134568.75
1371134668.75
1371134568.76
1371134668.76
1371134568.77
1371134668.77
1371134568.78
1371134668.78
1371134568.79
1371134668.79
1371134568.8
1371134668.8
1371134568.81
1371134668.81
1371134568.82
1371134668.82
1371134568.83
1371134668.83
1371134568.84
1371134668.84
1371134568.85
1371134668.85
1371134568.86
1371134668.86
1371134568.87
1371134668.87
1371134568.88
1371134668.88
1371134568.89
1371134668.89
1371134568.9
1371134668.9
1371134568.92
1371134668.92
1371134568.93
1371134668.93
1371134568.93
1371134668.93
1371134568.95
1371134668.95
1371134568.95
1371134668.95
1371134568.96
1371134668.96
1371134568.97
1371134668.97
1371134568.98
1371134668.98
1371134568.99
1371134668.99
1371134569.0
1371134669.0
1371134569.01
1371134669.01
1371134569.02
1371134669.02
1371134569.03
1371134669.03
1371134569.04
1371134669.04
1371134569.05
1371134669.05
1371134569.06
1371134669.06
1371134569.07
1371134669.07
1371134569.08
1371134669.08
1371134569.09
1371134669.09
1371134569.1
1371134669.1
1371134569.11
1371134669.11
1371134569.12
1371134669.12
1371134569.13
1371134669.13
1371134569.14
1371134669.14
1371134569.15
1371134669.15
1371134569.16
1371134669.16
1371134569.17
1371134669.17
1371134569.18
1371134669.18
1371134569.19
1371134669.19
1371134569.2
1371134669.2
1371134569.21
1371134669.21
1371134569.22
1371134669.22
1371134569.23
1371134669.23
1371134569.24
1371134669.24
1371134569.25
1371134669.25
1371134569.26
1371134669.26
1371134569.27
1371134669.27
1371134569.28
1371134669.28
1371134569.29
1371134669.29
1371134569.3
1371134669.3
1371134569.31
1371134669.31
1371134569.32
1371134669.32
1371134569.33
1371134669.33
1371134569.34
1371134669.34
1371134569.35
1371134669.35
1371134569.36
1371134669.36
1371134569.37
1371134669.37
1371134569.38
1371134669.38
1371134569.39
1371134669.39
1371134569.4
1371134669.4
1371134569.41
1371134669.41
1371134569.42
1371134669.42
1371134569.43
1371134669.43
1371134569.44
1371134669.44
1371134569.45
1371134669.45
1371134569.46
1371134669.46
1371134569.47
1371134669.47
1371134569.48
1371134669.48
1371134569.49
1371134669.49
1371134569.5
1371134669.5
1371134569.51
1371134669.51
1371134569.52
1371134669.52
1371134569.53
1371134669.53
1371134569.54
1371134669.54
1371134569.55
1371134669.55
1371134569.56
1371134669.56
1371134569.57
1371134669.57
1371134569.58
1371134669.58
1371134569.59
1371134669.59
1371134569.6
1371134669.6
1371134569.61
1371134669.61
1371134569.62
1371134669.62
1371134569.63
1371134669.63
1371134569.64
1371134669.64
1371134569.65
1371134669.65
1371134569.66
1371134669.66
1371134569.67
1371134669.67
1371134569.68
1371134669.68
1371134569.69
1371134669.69
1371134569.7
1371134669.7
1371134569.71
1371134669.71
1371134569.72
1371134669.72
1371134569.73
1371134669.73
1371134569.74
1371134669.74
1371134569.75
1371134669.75
1371134569.76
1371134669.76
1371134569.77
1371134669.77
1371134569.78
1371134669.78
1371134569.79
1371134669.79
1371134569.8
1371134669.8
1371134569.81
1371134669.81
1371134569.82
1371134669.82
1371134569.83
1371134669.83
1371134569.84
1371134669.84
1371134569.85
1371134669.85
1371134569.86
1371134669.86
1371134569.87
1371134669.87
1371134569.88
1371134669.88
1371134569.89
1371134669.89
1371134569.9
1371134669.9
1371134569.91
1371134669.91
1371134569.93
1371134669.93
1371134569.94
1371134669.94
1371134569.94
1371134669.94
1371134569.95
1371134669.95
1371134569.96
1371134669.96
1371134569.97
1371134669.97
1371134569.98
1371134669.98
1371134569.99
1371134669.99
1371134570.0
1371134670.0
1371134570.01
1371134670.01
1371134570.02
1371134670.02
1371134570.03
1371134670.03
1371134570.04
1371134670.04
1371134570.05
1371134670.05
1371134570.06
1371134670.06
1371134570.07
1371134670.07
1371134570.08
1371134670.08
1371134570.09
1371134670.09
1371134570.1
1371134670.1
1371134570.11
1371134670.11
1371134570.12
1371134670.12
1371134570.13
1371134670.13
1371134570.14
1371134670.14
1371134570.15
1371134670.15
1371134570.16
1371134670.16
1371134570.17
1371134670.17
1371134570.18
1371134670.18
1371134570.19
1371134670.19
1371134570.2
1371134670.2
1371134570.21
1371134670.21
1371134570.22
1371134670.22
1371134570.23
1371134670.23
1371134570.24
1371134670.24
1371134570.25
1371134670.25
1371134570.27
1371134670.27
1371134570.27
1371134670.27
1371134570.28
1371134670.28
1371134570.29
1371134670.29
1371134570.3
1371134670.3
1371134570.31
1371134670.31
1371134570.33
1371134670.33
1371134570.33
1371134670.33
1371134570.34
1371134670.34
1371134570.35
1371134670.35
1371134570.36
1371134670.36
1371134570.37
1371134670.37
1371134570.38
1371134670.38
1371134570.39
1371134670.39
1371134570.4
1371134670.4
1371134570.41
1371134670.41
1371134570.42
1371134670.42
1371134570.43
1371134670.43
1371134570.44
1371134670.44
1371134570.45
1371134670.45
1371134570.46
1371134670.46
1371134570.47
1371134670.47
1371134570.48
1371134670.48
1371134570.49
1371134670.49
1371134570.5
1371134670.5
1371134570.51
1371134670.51
1371134570.52
1371134670.52
1371134570.53
1371134670.53
1371134570.54
1371134670.54
1371134570.55
1371134670.55
1371134570.56
1371134670.56
1371134570.57
1371134670.57
1371134570.58
1371134670.58
1371134570.59
1371134670.59
1371134570.6
1371134670.6
1371134570.61
1371134670.61
1371134570.62
1371134670.62
1371134570.63
1371134670.63
1371134570.64
1371134670.64
1371134570.65
1371134670.65
1371134570.66
1371134670.66
1371134570.67
1371134670.67
1371134570.68
1371134670.68
1371134570.69
1371134670.69
1371134570.7
1371134670.7
1371134570.71
1371134670.71
1371134570.72
1371134670.72
1371134570.73
1371134670.73
1371134570.74
1371134670.74
1371134570.75
1371134670.75
1371134570.76
1371134670.76
1371134570.77
1371134670.77
1371134570.78
1371134670.78
1371134570.79
1371134670.79
1371134570.8
1371134670.8
1371134570.82
1371134670.82
1371134570.82
1371134670.82
1371134570.85
1371134670.85
1371134570.85
1371134670.85
1371134570.85
1371134670.85
1371134570.86
1371134670.86
1371134570.87
1371134670.87
1371134570.88
1371134670.88
1371134570.89
1371134670.89
1371134570.9
1371134670.9
1371134570.91
1371134670.91
1371134570.92
1371134670.92
1371134570.94
1371134670.94
1371134570.94
1371134670.94
1371134570.95
1371134670.95
1371134570.96
1371134670.96
1371134570.97
1371134670.97
1371134570.98
1371134670.98
1371134571.23
1371134671.23
1371134571.23
1371134671.23
1371134571.23
1371134671.23
1371134571.23
1371134671.23
1371134571.23
1371134671.23
1371134571.23
1371134671.23
1371134571.23
1371134671.23
1371134571.23
1371134671.23
1371134571.23
1371134671.23
1371134571.23
1371134671.23
1371134571.24
1371134671.24
1371134571.24
1371134671.24
1371134571.24
1371134671.24
1371134571.24
1371134671.24
1371134571.24
1371134671.24
1371134571.24
1371134671.24
1371134571.24
1371134671.24
1371134571.24
1371134671.24
1371134571.24
1371134671.24
1371134571.24
1371134671.24
1371134571.24
1371134671.24
1371134571.24
1371134671.24
1371134571.24
1371134671.24
1371134571.25
1371134671.25
1371134571.25
1371134671.25
1371134571.28
1371134671.28
1371134571.28
1371134671.28
1371134571.28
1371134671.28
1371134571.28
1371134671.28
1371134571.32
1371134671.32
1371134571.32
1371134671.32
1371134571.32
1371134671.32
1371134571.32
1371134671.32
1371134571.36
1371134671.36
1371134571.36
1371134671.36
1371134571.36
1371134671.36
1371134571.36
1371134671.36
1371134571.4
1371134671.4
1371134571.4
1371134671.4
1371134571.4
1371134671.4
1371134571.4
1371134671.4
1371134571.44
1371134671.44
1371134571.44
1371134671.44
1371134571.44
1371134671.44
1371134571.44
1371134671.44
1371134571.48
1371134671.48
1371134571.48
1371134671.48
1371134571.48
1371134671.48
1371134571.48
1371134671.48
1371134571.52
1371134671.52
1371134571.52
1371134671.52
1371134571.52
1371134671.52
1371134571.52
1371134671.52
1371134571.56
1371134671.56
1371134571.56
1371134671.56
1371134571.56
1371134671.56
1371134571.56
1371134671.56
1371134571.6
1371134671.6
1371134571.6
1371134671.6
1371134571.6
1371134671.6
1371134571.6
1371134671.6
1371134571.64
1371134671.64
1371134571.64
1371134671.64
1371134571.64
1371134671.64
1371134571.64
1371134671.64
1371134571.68
1371134671.68
1371134571.68
1371134671.68
1371134571.68
1371134671.68
1371134571.68
1371134671.68
1371134571.72
1371134671.72
1371134571.72
1371134671.72
1371134571.72
1371134671.72
1371134571.72
1371134671.72
1371134571.76
1371134671.76
1371134571.76
1371134671.76
1371134571.76
1371134671.76
1371134571.76
1371134671.76
1371134571.8
1371134671.8
1371134571.8
1371134671.8
1371134571.8
1371134671.8
1371134571.8
1371134671.8
1371134571.84
1371134671.84
1371134571.84
1371134671.84
1371134571.84
1371134671.84
1371134571.84
1371134671.84
1371134571.88
1371134671.88
1371134571.88
1371134671.88
1371134571.88
1371134671.88
1371134571.88
1371134671.88
1371134571.92
1371134671.92
1371134571.92
1371134671.92
1371134571.92
1371134671.92
1371134571.92
1371134671.92
1371134571.96
1371134671.96
1371134571.96
1371134671.96
1371134571.96
1371134671.96
1371134571.96
1371134671.96
1371134572.0
1371134672.0
1371134572.0
1371134672.0
1371134572.0
1371134672.0
1371134572.0
1371134672.0
1371134572.04
1371134672.04
1371134572.04
1371134672.04
1371134572.04
1371134672.04
1371134572.04
1371134672.04
1371134572.08
1371134672.08
1371134572.08
1371134672.08
1371134572.08
1371134672.08
1371134572.08
1371134672.08
1371134572.12
1371134672.12
1371134572.12
1371134672.12
1371134572.12
1371134672.12
1371134572.12
1371134672.12
1371134572.16
1371134672.16
1371134572.16
1371134672.16
1371134572.16
1371134672.16
1371134572.16
1371134672.16
1371134572.2
1371134672.2
1371134572.2
1371134672.2
1371134572.2
1371134672.2
1371134572.2
1371134672.2
1371134572.24
1371134672.24
1371134572.24
1371134672.24
1371134572.24
1371134672.24
1371134572.24
1371134672.24
1371134572.28
1371134672.28
1371134572.28
1371134672.28
1371134572.28
1371134672.28
1371134572.28
1371134672.28
1371134572.32
1371134672.32
1371134572.32
1371134672.32
1371134572.32
1371134672.32
1371134572.32
1371134672.32
1371134572.36
1371134672.36
1371134572.36
1371134672.36
1371134572.36
1371134672.36
1371134572.36
1371134672.36
1371134572.4
1371134672.4
1371134572.4
1371134672.4
1371134572.4
1371134672.4
1371134572.4
1371134672.4
1371134572.44
1371134672.44
1371134572.44
1371134672.44
1371134572.44
1371134672.44
1371134572.44
1371134672.44
1371134572.48
1371134672.48
1371134572.48
1371134672.48
1371134572.48
1371134672.48
1371134572.48
1371134672.48
1371134572.52
1371134672.52
1371134572.52
1371134672.52
1371134572.52
1371134672.52
1371134572.52
1371134672.52
1371134572.56
1371134672.56
1371134572.56
1371134672.56
1371134572.56
1371134672.56
1371134572.56
1371134672.56
1371134572.6
1371134672.6
1371134572.6
1371134672.6
1371134572.6
1371134672.6
1371134572.6
1371134672.6
1371134572.64
1371134672.64
1371134572.64
1371134672.64
1371134572.64
1371134672.64
1371134572.64
1371134672.64
1371134572.64
1371134672.64
1371134572.68
1371134672.68
1371134572.68
1371134672.68
1371134572.68
1371134672.68
1371134572.68
1371134672.68
1371134572.69
1371134672.69
1371134572.7
1371134672.7
1371134572.71
1371134672.71
1371134572.72
1371134672.72
1371134572.73
1371134672.73
1371134572.74
1371134672.74
1371134572.75
1371134672.75
1371134572.76
1371134672.76
1371134572.77
1371134672.77
1371134572.78
1371134672.78
1371134572.79
1371134672.79
1371134572.8
1371134672.8
1371134572.81
1371134672.81
1371134572.82
1371134672.82
1371134572.83
1371134672.83
1371134572.84
1371134672.84
1371134572.85
1371134672.85
1371134572.86
1371134672.86
1371134572.87
1371134672.87
1371134572.88
1371134672.88
1371134572.89
1371134672.89
1371134572.9
1371134672.9
1371134572.91
1371134672.91
1371134572.92
1371134672.92
1371134572.93
1371134672.93
1371134572.94
1371134672.94
1371134572.95
1371134672.95
1371134572.96
1371134672.96
1371134572.97
1371134672.97
1371134572.98
1371134672.98
1371134572.99
1371134672.99
1371134573.0
1371134673.0
1371134573.01
1371134673.01
1371134573.02
1371134673.02
1371134573.03
1371134673.03
1371134573.04
1371134673.04
1371134573.05
1371134673.05
1371134573.06
1371134673.06
1371134573.07
1371134673.07
1371134573.08
1371134673.08
1371134573.09
1371134673.09
1371134573.1
1371134673.1
1371134573.11
1371134673.11
1371134573.12
1371134673.12
1371134573.14
1371134673.14
1371134573.14
1371134673.14
1371134573.15
1371134673.15
1371134573.16
1371134673.16
1371134573.17
1371134673.17
1371134573.18
1371134673.18
1371134573.19
1371134673.19
1371134573.2
1371134673.2
1371134573.21
1371134673.21
1371134573.22
1371134673.22
1371134573.23
1371134673.23
1371134573.24
1371134673.24
1371134573.25
1371134673.25
1371134573.26
1371134673.26
1371134573.27
1371134673.27
1371134573.28
1371134673.28
1371134573.29
1371134673.29
1371134573.3
1371134673.3
1371134573.31
1371134673.31
1371134573.32
1371134673.32
1371134573.33
1371134673.33
1371134573.34
1371134673.34
1371134573.35
1371134673.35
1371134573.36
1371134673.36
1371134573.37
1371134673.37
1371134573.38
1371134673.38
1371134573.39
1371134673.39
1371134573.4
1371134673.4
1371134573.41
1371134673.41
1371134573.42
1371134673.42
1371134573.43
1371134673.43
1371134573.44
1371134673.44
1371134573.45
1371134673.45
1371134573.46
1371134673.46
1371134573.47
1371134673.47
1371134573.48
1371134673.48
1371134573.49
1371134673.49
1371134573.5
1371134673.5
1371134573.51
1371134673.51
1371134573.52
1371134673.52
1371134573.53
1371134673.53
1371134573.54
1371134673.54
1371134573.55
1371134673.55
1371134573.56
1371134673.56
1371134573.57
1371134673.57
1371134573.58
1371134673.58
1371134573.59
1371134673.59
1371134573.6
1371134673.6
1371134573.61
1371134673.61
1371134573.62
1371134673.62
1371134573.63
1371134673.63
1371134573.64
1371134673.64
1371134573.65
1371134673.65
1371134573.66
1371134673.66
1371134573.67
1371134673.67
1371134573.68
1371134673.68
1371134573.69
1371134673.69
1371134573.7
1371134673.7
1371134573.71
1371134673.71
1371134573.72
1371134673.72
1371134573.73
1371134673.73
1371134573.74
1371134673.74
1371134573.75
1371134673.75
1371134573.76
1371134673.76
1371134573.77
1371134673.77
1371134573.78
1371134673.78
1371134573.79
1371134673.79
1371134573.8
1371134673.8
1371134573.81
1371134673.81
1371134573.82
1371134673.82
1371134573.83
1371134673.83
1371134573.84
1371134673.84
1371134573.85
1371134673.85
1371134573.86
1371134673.86
1371134573.87
1371134673.87
1371134573.88
1371134673.88
1371134573.89
1371134673.89
1371134573.9
1371134673.9
1371134573.91
1371134673.91
1371134573.92
1371134673.92
1371134573.94
1371134673.94
1371134573.94
1371134673.94
1371134573.95
1371134673.95
1371134573.96
1371134673.96
1371134573.97
1371134673.97
1371134573.98
1371134673.98
1371134573.99
1371134673.99
1371134574.0
1371134674.0
1371134574.01
1371134674.01
1371134574.03
1371134674.03
1371134574.03
1371134674.03
1371134574.04
1371134674.04
1371134574.05
1371134674.05
1371134574.06
1371134674.06
1371134574.07
1371134674.07
1371134574.08
1371134674.08
1371134574.09
1371134674.09
1371134574.1
1371134674.1
1371134574.11
1371134674.11
1371134574.12
1371134674.12
1371134574.13
1371134674.13
1371134574.14
1371134674.14
1371134574.15
1371134674.15
1371134574.17
1371134674.17
1371134574.17
1371134674.17
1371134574.18
1371134674.18
1371134574.19
1371134674.19
1371134574.2
1371134674.2
1371134574.21
1371134674.21
1371134574.22
1371134674.22
1371134574.23
1371134674.23
1371134574.24
1371134674.24
1371134574.25
1371134674.25
1371134574.26
1371134674.26
1371134574.27
1371134674.27
1371134574.28
1371134674.28
1371134574.29
1371134674.29
1371134574.3
1371134674.3
1371134574.31
1371134674.31
1371134574.32
1371134674.32
1371134574.33
1371134674.33
1371134574.34
1371134674.34
1371134574.35
1371134674.35
1371134574.36
1371134674.36
1371134574.37
1371134674.37
1371134574.38
1371134674.38
1371134574.39
1371134674.39
1371134574.4
1371134674.4
1371134574.41
1371134674.41
1371134574.42
1371134674.42
1371134574.43
1371134674.43
1371134574.44
1371134674.44
1371134574.45
1371134674.45
1371134574.46
1371134674.46
1371134574.47
1371134674.47
1371134574.5
1371134674.5
1371134574.5
1371134674.5
1371134574.51
1371134674.51
1371134574.51
1371134674.51
1371134574.52
1371134674.52
1371134574.53
1371134674.53
1371134574.54
1371134674.54
1371134574.55
1371134674.55
1371134574.56
1371134674.56
1371134574.57
1371134674.57
1371134574.58
1371134674.58
1371134574.59
1371134674.59
1371134574.6
1371134674.6
1371134574.61
1371134674.61
1371134574.62
1371134674.62
1371134574.63
1371134674.63
1371134574.64
1371134674.64
1371134574.65
1371134674.65
1371134574.66
1371134674.66
1371134574.67
1371134674.67
1371134574.68
1371134674.68
1371134574.69
1371134674.69
1371134574.7
1371134674.7
1371134574.71
1371134674.71
1371134574.72
1371134674.72
1371134574.73
1371134674.73
1371134574.74
1371134674.74
1371134574.75
1371134674.75
1371134574.76
1371134674.76
1371134574.77
1371134674.77
1371134574.78
1371134674.78
1371134574.79
1371134674.79
1371134574.8
1371134674.8
1371134574.81
1371134674.81
1371134574.82
1371134674.82
1371134574.83
1371134674.83
1371134574.84
1371134674.84
1371134574.85
1371134674.85
1371134574.86
1371134674.86
1371134574.87
1371134674.87
1371134574.88
1371134674.88
1371134574.89
1371134674.89
1371134574.9
1371134674.9
1371134574.91
1371134674.91
1371134574.92
1371134674.92
1371134574.93
1371134674.93
1371134574.94
1371134674.94
1371134574.95
1371134674.95
1371134574.96
1371134674.96
1371134574.97
1371134674.97
1371134574.98
1371134674.98
1371134574.99
1371134674.99
1371134575.0
1371134675.0
1371134575.01
1371134675.01
1371134575.02
1371134675.02
1371134575.03
1371134675.03
1371134575.04
1371134675.04
1371134575.05
1371134675.05
1371134575.06
1371134675.06
1371134575.07
1371134675.07
1371134575.08
1371134675.08
1371134575.09
1371134675.09
1371134575.1
1371134675.1
1371134575.11
1371134675.11
1371134575.12
1371134675.12
1371134575.13
1371134675.13
1371134575.14
1371134675.14
1371134575.15
1371134675.15
1371134575.16
1371134675.16
1371134575.17
1371134675.17
1371134575.18
1371134675.18
1371134575.19
1371134675.19
1371134575.2
1371134675.2
1371134575.21
1371134675.21
1371134575.23
1371134675.23
1371134575.23
1371134675.23
1371134575.24
1371134675.24
1371134575.25
1371134675.25
1371134575.26
1371134675.26
1371134575.27
1371134675.27
1371134575.28
1371134675.28
1371134575.3
1371134675.3
1371134575.3
1371134675.3
1371134575.31
1371134675.31
1371134575.32
1371134675.32
1371134575.33
1371134675.33
1371134575.34
1371134675.34
1371134575.35
1371134675.35
1371134575.36
1371134675.36
1371134575.37
1371134675.37
1371134575.38
1371134675.38
1371134575.39
1371134675.39
1371134575.4
1371134675.4
1371134575.41
1371134675.41
1371134575.42
1371134675.42
1371134575.43
1371134675.43
1371134575.44
1371134675.44
1371134575.45
1371134675.45
1371134575.46
1371134675.46
1371134575.47
1371134675.47
1371134575.48
1371134675.48
1371134575.49
1371134675.49
1371134575.63
1371134675.63
1371134575.64
1371134675.64
1371134575.64
1371134675.64
1371134575.64
1371134675.64
1371134575.64
1371134675.64
1371134575.65
1371134675.65
1371134575.65
1371134675.65
1371134575.65
1371134675.65
1371134575.65
1371134675.65
1371134575.65
1371134675.65
1371134575.65
1371134675.65
1371134575.65
1371134675.65
1371134575.65
1371134675.65
1371134575.67
1371134675.67
1371134575.68
1371134675.68
1371134575.68
1371134675.68
1371134575.68
1371134675.68
1371134575.71
1371134675.71
1371134575.71
1371134675.71
1371134575.71
1371134675.71
1371134575.71
1371134675.71
1371134575.75
1371134675.75
1371134575.75
1371134675.75
1371134575.75
1371134675.75
1371134575.75
1371134675.75
1371134575.79
1371134675.79
1371134575.79
1371134675.79
1371134575.79
1371134675.79
1371134575.79
1371134675.79
1371134575.83
1371134675.83
1371134575.83
1371134675.83
1371134575.83
1371134675.83
1371134575.83
1371134675.83
1371134575.87
1371134675.87
1371134575.87
1371134675.87
1371134575.87
1371134675.87
1371134575.87
1371134675.87
1371134575.91
1371134675.91
1371134575.91
1371134675.91
1371134575.91
1371134675.91
1371134575.91
1371134675.91
1371134575.95
1371134675.95
1371134575.95
1371134675.95
1371134575.95
1371134675.95
1371134575.95
1371134675.95
1371134575.99
1371134675.99
1371134575.99
1371134675.99
1371134575.99
1371134675.99
1371134575.99
1371134675.99
1371134576.03
1371134676.03
1371134576.03
1371134676.03
1371134576.03
1371134676.03
1371134576.03
1371134676.03
1371134576.07
1371134676.07
1371134576.07
1371134676.07
1371134576.07
1371134676.07
1371134576.07
1371134676.07
1371134576.11
1371134676.11
1371134576.11
1371134676.11
1371134576.11
1371134676.11
1371134576.11
1371134676.11
1371134576.15
1371134676.15
1371134576.15
1371134676.15
1371134576.15
1371134676.15
1371134576.15
1371134676.15
1371134576.19
1371134676.19
1371134576.19
1371134676.19
1371134576.19
1371134676.19
1371134576.19
1371134676.19
1371134576.23
1371134676.23
1371134576.23
1371134676.23
1371134576.23
1371134676.23
1371134576.23
1371134676.23
1371134576.27
1371134676.27
1371134576.27
1371134676.27
1371134576.27
1371134676.27
1371134576.27
1371134676.27
1371134576.31
1371134676.31
1371134576.31
1371134676.31
1371134576.31
1371134676.31
1371134576.31
1371134676.31
1371134576.35
1371134676.35
1371134576.35
1371134676.35
1371134576.35
1371134676.35
1371134576.35
1371134676.35
1371134576.39
1371134676.39
1371134576.39
1371134676.39
1371134576.39
1371134676.39
1371134576.39
1371134676.39
1371134576.43
1371134676.43
1371134576.43
1371134676.43
1371134576.43
1371134676.43
1371134576.43
1371134676.43
1371134576.47
1371134676.47
1371134576.47
1371134676.47
1371134576.47
1371134676.47
1371134576.47
1371134676.47
1371134576.51
1371134676.51
1371134576.51
1371134676.51
1371134576.51
1371134676.51
1371134576.51
1371134676.51
1371134576.55
1371134676.55
1371134576.55
1371134676.55
1371134576.55
1371134676.55
1371134576.55
1371134676.55
