1371134567.72
1371134667.72
1371134567.72
1371134667.72
1371134567.72
1371134667.72
1371134567.72
1371134667.72
1371134567.72
1371134667.72
1371134567.72
1371134667.72
1371134567.72
1371134667.72
1371134567.72
1371134667.72
1371134567.72
1371134667.72
1371134567.72
1371134667.72
1371134567.82
1371134667.82
1371134567.82
1371134667.82
1371134567.82
1371134667.82
1371134567.82
1371134667.82
1371134567.82
1371134667.82
1371134567.82
1371134667.82
1371134567.82
1371134667.82
1371134567.82
1371134667.82
1371134567.82
1371134667.82
1371134567.82
1371134667.82
1371134568.22
1371134668.22
1371134568.23
1371134668.23
1371134568.23
1371134668.23
1371134568.4
1371134668.4
1371134568.4
1371134668.4
1371134568.4
1371134668.4
1371134568.4
1371134668.4
1371134568.4
1371134668.4
1371134568.4
1371134668.4
1371134568.4
1371134668.4
1371134568.4
1371134668.4
1371134568.4
1371134668.4
1371134568.4
1371134668.4
1371134568.4
1371134668.4
1371134568.4
1371134668.4
1371134568.4
1371134668.4
1371134568.4
1371134668.4
1371134568.4
1371134668.4
1371134568.4
1371134668.4
1371134568.4
1371134668.4
1371134568.4
1371134668.4
1371134568.4
1371134668.4
1371134568.4
1371134668.4
1371134568.4
1371134668.4
1371134568.4
1371134668.4
1371134568.4
1371134668.4
1371134568.4
1371134668.4
1371134568.4
1371134668.4
1371134568.4
1371134668.4
1371134568.4
1371134668.4
1371134568.4
1371134668.4
1371134568.41
1371134668.41
1371134568.41
1371134668.41
1371134568.41
1371134668.41
1371134568.41
1371134668.41
1371134568.41
1371134668.41
1371134568.41
1371134668.41
1371134568.41
1371134668.41
1371134568.41
1371134668.41
1371134568.41
1371134668.41
1371134568.41
1371134668.41
1371134568.41
1371134668.41
1371134568.41
1371134668.41
1371134568.41
1371134668.41
1371134568.41
1371134668.41
1371134568.41
1371134668.41
1371134568.41
1371134668.41
1371134568.41
1371134668.41
1371134568.41
1371134668.41
1371134568.41
1371134668.41
1371134568.42
1371134668.42
1371134568.42
1371134668.42
1371134568.42
1371134668.42
1371134568.42
1371134668.42
1371134568.42
1371134668.42
1371134568.42
1371134668.42
1371134568.42
1371134668.42
1371134568.42
1371134668.42
1371134568.42
1371134668.42
1371134568.42
1371134668.42
1371134568.52
1371134668.52
1371134568.53
1371134668.53
1371134568.53
1371134668.53
1371134568.53
1371134668.53
1371134568.53
1371134668.53
1371134568.53
1371134668.53
1371134568.53
1371134668.53
1371134568.53
1371134668.53
1371134568.53
1371134668.53
1371134568.53
1371134668.53
1371134568.62
1371134668.62
1371134568.62
1371134668.62
1371134568.62
1371134668.62
1371134568.62
1371134668.62
1371134568.62
1371134668.62
1371134568.62
1371134668.62
1371134568.62
1371134668.62
1371134568.62
1371134668.62
1371134568.62
1371134668.62
1371134568.62
1371134668.62
1371134568.72
1371134668.72
1371134568.72
1371134668.72
1371134568.72
1371134668.72
1371134568.72
1371134668.72
1371134568.72
1371134668.72
1371134568.72
1371134668.72
1371134568.72
1371134668.72
1371134568.72
1371134668.72
1371134568.72
1371134668.72
1371134568.72
1371134668.72
1371134568.82
1371134668.82
1371134568.82
1371134668.82
1371134568.82
1371134668.82
1371134568.82
1371134668.82
1371134568.82
1371134668.82
1371134568.82
1371134668.82
1371134568.82
1371134668.82
1371134568.82
1371134668.82
1371134568.82
1371134668.82
1371134568.82
1371134668.82
1371134568.92
1371134668.92
1371134568.93
1371134668.93
1371134568.93
1371134668.93
1371134568.93
1371134668.93
1371134568.93
1371134668.93
1371134568.93
1371134668.93
1371134568.93
1371134668.93
1371134568.93
1371134668.93
1371134568.93
1371134668.93
1371134568.93
1371134668.93
1371134569.02
1371134669.02
1371134569.02
1371134669.02
1371134569.02
1371134669.02
1371134569.02
1371134669.02
1371134569.02
1371134669.02
1371134569.02
1371134669.02
1371134569.02
1371134669.02
1371134569.02
1371134669.02
1371134569.02
1371134669.02
1371134569.02
1371134669.02
1371134569.12
1371134669.12
1371134569.12
1371134669.12
1371134569.12
1371134669.12
1371134569.12
1371134669.12
1371134569.12
1371134669.12
1371134569.12
1371134669.12
1371134569.12
1371134669.12
1371134569.12
1371134669.12
1371134569.12
1371134669.12
1371134569.12
1371134669.12
1371134569.22
1371134669.22
1371134569.22
1371134669.22
1371134569.22
1371134669.22
1371134569.22
1371134669.22
1371134569.22
1371134669.22
1371134569.22
1371134669.22
1371134569.22
1371134669.22
1371134569.22
1371134669.22
1371134569.22
1371134669.22
1371134569.22
1371134669.22
1371134569.32
1371134669.32
1371134569.32
1371134669.32
1371134569.32
1371134669.32
1371134569.32
1371134669.32
1371134569.32
1371134669.32
1371134569.32
1371134669.32
1371134569.32
1371134669.32
1371134569.32
1371134669.32
1371134569.32
1371134669.32
1371134569.32
1371134669.32
1371134569.42
1371134669.42
1371134569.42
1371134669.42
1371134569.42
1371134669.42
1371134569.42
1371134669.42
1371134569.42
1371134669.42
1371134569.42
1371134669.42
1371134569.42
1371134669.42
1371134569.42
1371134669.42
1371134569.42
1371134669.42
1371134569.42
1371134669.42
1371134569.52
1371134669.52
1371134569.52
1371134669.52
1371134569.52
1371134669.52
1371134569.52
1371134669.52
1371134569.52
1371134669.52
1371134569.52
1371134669.52
1371134569.52
1371134669.52
1371134569.52
1371134669.52
1371134569.52
1371134669.52
1371134569.52
1371134669.52
1371134569.62
1371134669.62
1371134569.62
1371134669.62
1371134569.62
1371134669.62
1371134569.62
1371134669.62
1371134569.62
1371134669.62
1371134569.62
1371134669.62
1371134569.62
1371134669.62
1371134569.62
1371134669.62
1371134569.62
1371134669.62
1371134569.62
1371134669.62
1371134569.72
1371134669.72
1371134569.72
1371134669.72
1371134569.72
1371134669.72
1371134569.72
1371134669.72
1371134569.72
1371134669.72
1371134569.72
1371134669.72
1371134569.72
1371134669.72
1371134569.72
1371134669.72
1371134569.72
1371134669.72
1371134569.72
1371134669.72
1371134569.82
1371134669.82
1371134569.82
1371134669.82
1371134569.82
1371134669.82
1371134569.82
1371134669.82
1371134569.82
1371134669.82
1371134569.82
1371134669.82
1371134569.82
1371134669.82
1371134569.82
1371134669.82
1371134569.82
1371134669.82
1371134569.82
1371134669.82
1371134569.92
1371134669.92
1371134569.93
1371134669.93
1371134569.93
1371134669.93
1371134569.93
1371134669.93
1371134569.93
1371134669.93
1371134569.93
1371134669.93
1371134569.93
1371134669.93
1371134569.93
1371134669.93
1371134569.93
1371134669.93
1371134569.93
1371134669.93
1371134570.02
1371134670.02
1371134570.02
1371134670.02
1371134570.02
1371134670.02
1371134570.02
1371134670.02
1371134570.02
1371134670.02
1371134570.02
1371134670.02
1371134570.02
1371134670.02
1371134570.02
1371134670.02
1371134570.02
1371134670.02
1371134570.02
1371134670.02
1371134570.12
1371134670.12
1371134570.12
1371134670.12
1371134570.12
1371134670.12
1371134570.12
1371134670.12
1371134570.12
1371134670.12
1371134570.12
1371134670.12
1371134570.12
1371134670.12
1371134570.12
1371134670.12
1371134570.12
1371134670.12
1371134570.12
1371134670.12
1371134570.22
1371134670.22
1371134570.22
1371134670.22
1371134570.22
1371134670.22
1371134570.22
1371134670.22
1371134570.22
1371134670.22
1371134570.22
1371134670.22
1371134570.22
1371134670.22
1371134570.22
1371134670.22
1371134570.22
1371134670.22
1371134570.22
1371134670.22
1371134570.32
1371134670.32
1371134570.32
1371134670.32
1371134570.33
1371134670.33
1371134570.33
1371134670.33
1371134570.33
1371134670.33
1371134570.33
1371134670.33
1371134570.33
1371134670.33
1371134570.33
1371134670.33
1371134570.33
1371134670.33
1371134570.33
1371134670.33
1371134570.42
1371134670.42
1371134570.42
1371134670.42
1371134570.42
1371134670.42
1371134570.42
1371134670.42
1371134570.42
1371134670.42
1371134570.42
1371134670.42
1371134570.42
1371134670.42
1371134570.42
1371134670.42
1371134570.42
1371134670.42
1371134570.42
1371134670.42
1371134570.52
1371134670.52
1371134570.52
1371134670.52
1371134570.52
1371134670.52
1371134570.52
1371134670.52
1371134570.52
1371134670.52
1371134570.52
1371134670.52
1371134570.52
1371134670.52
1371134570.52
1371134670.52
1371134570.52
1371134670.52
1371134570.52
1371134670.52
1371134570.62
1371134670.62
1371134570.62
1371134670.62
1371134570.62
1371134670.62
1371134570.62
1371134670.62
1371134570.62
1371134670.62
1371134570.62
1371134670.62
1371134570.62
1371134670.62
1371134570.62
1371134670.62
1371134570.62
1371134670.62
1371134570.62
1371134670.62
1371134570.72
1371134670.72
1371134570.72
1371134670.72
1371134570.72
1371134670.72
1371134570.72
1371134670.72
1371134570.72
1371134670.72
1371134570.72
1371134670.72
1371134570.72
1371134670.72
1371134570.72
1371134670.72
1371134570.72
1371134670.72
1371134570.72
1371134670.72
1371134570.82
1371134670.82
1371134570.82
1371134670.82
1371134570.82
1371134670.82
1371134570.82
1371134670.82
1371134570.82
1371134670.82
1371134570.82
1371134670.82
1371134570.82
1371134670.82
1371134570.82
1371134670.82
1371134570.82
1371134670.82
1371134570.82
1371134670.82
1371134570.92
1371134670.92
1371134570.92
1371134670.92
1371134570.92
1371134670.92
1371134570.92
1371134670.92
1371134570.92
1371134670.92
1371134570.92
1371134670.92
1371134570.92
1371134670.92
1371134570.92
1371134670.92
1371134570.92
1371134670.92
1371134570.92
1371134670.92
1371134571.26
1371134671.26
1371134571.27
1371134671.27
1371134571.27
1371134671.27
1371134571.27
1371134671.27
1371134571.27
1371134671.27
1371134571.27
1371134671.27
1371134571.27
1371134671.27
1371134571.27
1371134671.27
1371134571.27
1371134671.27
1371134571.27
1371134671.27
1371134571.27
1371134671.27
1371134571.27
1371134671.27
1371134571.27
1371134671.27
1371134571.27
1371134671.27
1371134571.27
1371134671.27
1371134571.28
1371134671.28
1371134571.28
1371134671.28
1371134571.28
1371134671.28
1371134571.28
1371134671.28
1371134571.28
1371134671.28
1371134571.28
1371134671.28
1371134571.28
1371134671.28
1371134571.28
1371134671.28
1371134571.28
1371134671.28
1371134571.28
1371134671.28
1371134571.28
1371134671.28
1371134571.28
1371134671.28
1371134571.28
1371134671.28
1371134571.28
1371134671.28
1371134571.28
1371134671.28
1371134571.32
1371134671.32
1371134571.32
1371134671.32
1371134571.32
1371134671.32
1371134571.32
1371134671.32
1371134571.32
1371134671.32
1371134571.32
1371134671.32
1371134571.32
1371134671.32
1371134571.32
1371134671.32
1371134571.32
1371134671.32
1371134571.32
1371134671.32
1371134571.42
1371134671.42
1371134571.42
1371134671.42
1371134571.42
1371134671.42
1371134571.42
1371134671.42
1371134571.42
1371134671.42
1371134571.42
1371134671.42
1371134571.42
1371134671.42
1371134571.42
1371134671.42
1371134571.42
1371134671.42
1371134571.43
1371134671.43
1371134571.52
1371134671.52
1371134571.52
1371134671.52
1371134571.52
1371134671.52
1371134571.52
1371134671.52
1371134571.52
1371134671.52
1371134571.52
1371134671.52
1371134571.52
1371134671.52
1371134571.53
1371134671.53
1371134571.53
1371134671.53
1371134571.53
1371134671.53
1371134571.62
1371134671.62
1371134571.62
1371134671.62
1371134571.62
1371134671.62
1371134571.62
1371134671.62
1371134571.62
1371134671.62
1371134571.62
1371134671.62
1371134571.62
1371134671.62
1371134571.62
1371134671.62
1371134571.62
1371134671.62
1371134571.62
1371134671.62
1371134571.72
1371134671.72
1371134571.72
1371134671.72
1371134571.72
1371134671.72
1371134571.72
1371134671.72
1371134571.72
1371134671.72
1371134571.72
1371134671.72
1371134571.72
1371134671.72
1371134571.72
1371134671.72
1371134571.72
1371134671.72
1371134571.72
1371134671.72
1371134571.82
1371134671.82
1371134571.82
1371134671.82
1371134571.82
1371134671.82
1371134571.82
1371134671.82
1371134571.82
1371134671.82
1371134571.82
1371134671.82
1371134571.82
1371134671.82
1371134571.82
1371134671.82
1371134571.82
1371134671.82
1371134571.82
1371134671.82
1371134571.92
1371134671.92
1371134571.92
1371134671.92
1371134571.92
1371134671.92
1371134571.92
1371134671.92
1371134571.92
1371134671.92
1371134571.92
1371134671.92
1371134571.92
1371134671.92
1371134571.92
1371134671.92
1371134571.92
1371134671.92
1371134571.92
1371134671.92
1371134572.02
1371134672.02
1371134572.02
1371134672.02
1371134572.02
1371134672.02
1371134572.02
1371134672.02
1371134572.02
1371134672.02
1371134572.02
1371134672.02
1371134572.02
1371134672.02
1371134572.02
1371134672.02
1371134572.02
1371134672.02
1371134572.02
1371134672.02
1371134572.12
1371134672.12
1371134572.12
1371134672.12
1371134572.12
1371134672.12
1371134572.12
1371134672.12
1371134572.12
1371134672.12
1371134572.12
1371134672.12
1371134572.12
1371134672.12
1371134572.12
1371134672.12
1371134572.12
1371134672.12
1371134572.12
1371134672.12
1371134572.22
1371134672.22
1371134572.22
1371134672.22
1371134572.22
1371134672.22
1371134572.22
1371134672.22
1371134572.22
1371134672.22
1371134572.23
1371134672.23
1371134572.23
1371134672.23
1371134572.23
1371134672.23
1371134572.23
1371134672.23
1371134572.23
1371134672.23
1371134572.32
1371134672.32
1371134572.32
1371134672.32
1371134572.32
1371134672.32
1371134572.32
1371134672.32
1371134572.32
1371134672.32
1371134572.32
1371134672.32
1371134572.32
1371134672.32
1371134572.32
1371134672.32
1371134572.32
1371134672.32
1371134572.32
1371134672.32
1371134572.42
1371134672.42
1371134572.42
1371134672.42
1371134572.42
1371134672.42
1371134572.42
1371134672.42
1371134572.42
1371134672.42
1371134572.42
1371134672.42
1371134572.42
1371134672.42
1371134572.42
1371134672.42
1371134572.42
1371134672.42
1371134572.42
1371134672.42
1371134572.52
1371134672.52
1371134572.52
1371134672.52
1371134572.52
1371134672.52
1371134572.52
1371134672.52
1371134572.52
1371134672.52
1371134572.52
1371134672.52
1371134572.52
1371134672.52
1371134572.52
1371134672.52
1371134572.52
1371134672.52
1371134572.52
1371134672.52
1371134572.62
1371134672.62
1371134572.62
1371134672.62
1371134572.62
1371134672.62
1371134572.62
1371134672.62
1371134572.62
1371134672.62
1371134572.62
1371134672.62
1371134572.62
1371134672.62
1371134572.62
1371134672.62
1371134572.62
1371134672.62
1371134572.62
1371134672.62
1371134572.72
1371134672.72
1371134572.72
1371134672.72
1371134572.72
1371134672.72
1371134572.72
1371134672.72
1371134572.72
1371134672.72
1371134572.72
1371134672.72
1371134572.72
1371134672.72
1371134572.72
1371134672.72
1371134572.72
1371134672.72
1371134572.72
1371134672.72
1371134572.82
1371134672.82
1371134572.82
1371134672.82
1371134572.82
1371134672.82
1371134572.82
1371134672.82
1371134572.82
1371134672.82
1371134572.82
1371134672.82
1371134572.82
1371134672.82
1371134572.82
1371134672.82
1371134572.82
1371134672.82
1371134572.82
1371134672.82
1371134572.92
1371134672.92
1371134572.92
1371134672.92
1371134572.92
1371134672.92
1371134572.92
1371134672.92
1371134572.92
1371134672.92
1371134572.92
1371134672.92
1371134572.92
1371134672.92
1371134572.92
1371134672.92
1371134572.92
1371134672.92
1371134572.92
1371134672.92
1371134573.02
1371134673.02
1371134573.02
1371134673.02
1371134573.02
1371134673.02
1371134573.02
1371134673.02
1371134573.02
1371134673.02
1371134573.02
1371134673.02
1371134573.02
1371134673.02
1371134573.02
1371134673.02
1371134573.02
1371134673.02
1371134573.02
1371134673.02
1371134573.12
1371134673.12
1371134573.12
1371134673.12
1371134573.12
1371134673.12
1371134573.12
1371134673.12
1371134573.12
1371134673.12
1371134573.12
1371134673.12
1371134573.12
1371134673.12
1371134573.12
1371134673.12
1371134573.12
1371134673.12
1371134573.12
1371134673.12
1371134573.22
1371134673.22
1371134573.22
1371134673.22
1371134573.22
1371134673.22
1371134573.22
1371134673.22
1371134573.22
1371134673.22
1371134573.23
1371134673.23
1371134573.23
1371134673.23
1371134573.23
1371134673.23
1371134573.23
1371134673.23
1371134573.23
1371134673.23
1371134573.32
1371134673.32
1371134573.32
1371134673.32
1371134573.32
1371134673.32
1371134573.32
1371134673.32
1371134573.32
1371134673.32
1371134573.32
1371134673.32
1371134573.32
1371134673.32
1371134573.32
1371134673.32
1371134573.32
1371134673.32
1371134573.32
1371134673.32
1371134573.42
1371134673.42
1371134573.42
1371134673.42
1371134573.42
1371134673.42
1371134573.42
1371134673.42
1371134573.42
1371134673.42
1371134573.42
1371134673.42
1371134573.42
1371134673.42
1371134573.42
1371134673.42
1371134573.42
1371134673.42
1371134573.42
1371134673.42
1371134573.52
1371134673.52
1371134573.52
1371134673.52
1371134573.52
1371134673.52
1371134573.52
1371134673.52
1371134573.52
1371134673.52
1371134573.52
1371134673.52
1371134573.52
1371134673.52
1371134573.52
1371134673.52
1371134573.52
1371134673.52
1371134573.52
1371134673.52
1371134573.62
1371134673.62
1371134573.62
1371134673.62
1371134573.62
1371134673.62
1371134573.62
1371134673.62
1371134573.62
1371134673.62
1371134573.62
1371134673.62
1371134573.62
1371134673.62
1371134573.62
1371134673.62
1371134573.62
1371134673.62
1371134573.62
1371134673.62
1371134573.72
1371134673.72
1371134573.72
1371134673.72
1371134573.72
1371134673.72
1371134573.72
1371134673.72
1371134573.72
1371134673.72
1371134573.72
1371134673.72
1371134573.72
1371134673.72
1371134573.72
1371134673.72
1371134573.72
1371134673.72
1371134573.72
1371134673.72
1371134573.82
1371134673.82
1371134573.82
1371134673.82
1371134573.82
1371134673.82
1371134573.82
1371134673.82
1371134573.82
1371134673.82
1371134573.82
1371134673.82
1371134573.82
1371134673.82
1371134573.82
1371134673.82
1371134573.82
1371134673.82
1371134573.82
1371134673.82
1371134573.92
1371134673.92
1371134573.92
1371134673.92
1371134573.92
1371134673.92
1371134573.92
1371134673.92
1371134573.92
1371134673.92
1371134573.92
1371134673.92
1371134573.92
1371134673.92
1371134573.92
1371134673.92
1371134573.92
1371134673.92
1371134573.93
1371134673.93
1371134574.02
1371134674.02
1371134574.02
1371134674.02
1371134574.02
1371134674.02
1371134574.02
1371134674.02
1371134574.02
1371134674.02
1371134574.02
1371134674.02
1371134574.02
1371134674.02
1371134574.02
1371134674.02
1371134574.02
1371134674.02
1371134574.02
1371134674.02
1371134574.12
1371134674.12
1371134574.12
1371134674.12
1371134574.12
1371134674.12
1371134574.12
1371134674.12
1371134574.12
1371134674.12
1371134574.12
1371134674.12
1371134574.12
1371134674.12
1371134574.12
1371134674.12
1371134574.12
1371134674.12
1371134574.12
1371134674.12
1371134574.22
1371134674.22
1371134574.22
1371134674.22
1371134574.22
1371134674.22
1371134574.22
1371134674.22
1371134574.22
1371134674.22
1371134574.22
1371134674.22
1371134574.22
1371134674.22
1371134574.22
1371134674.22
1371134574.22
1371134674.22
1371134574.22
1371134674.22
1371134574.32
1371134674.32
1371134574.32
1371134674.32
1371134574.32
1371134674.32
1371134574.32
1371134674.32
1371134574.32
1371134674.32
1371134574.32
1371134674.32
1371134574.32
1371134674.32
1371134574.32
1371134674.32
1371134574.32
1371134674.32
1371134574.32
1371134674.32
1371134574.42
1371134674.42
1371134574.42
1371134674.42
1371134574.42
1371134674.42
1371134574.42
1371134674.42
1371134574.42
1371134674.42
1371134574.42
1371134674.42
1371134574.42
1371134674.42
1371134574.42
1371134674.42
1371134574.42
1371134674.42
1371134574.42
1371134674.42
1371134574.52
1371134674.52
1371134574.52
1371134674.52
1371134574.52
1371134674.52
1371134574.52
1371134674.52
1371134574.52
1371134674.52
1371134574.52
1371134674.52
1371134574.52
1371134674.52
1371134574.52
1371134674.52
1371134574.52
1371134674.52
1371134574.52
1371134674.52
1371134574.62
1371134674.62
1371134574.62
1371134674.62
1371134574.62
1371134674.62
1371134574.62
1371134674.62
1371134574.62
1371134674.62
1371134574.62
1371134674.62
1371134574.62
1371134674.62
1371134574.62
1371134674.62
1371134574.62
1371134674.62
1371134574.62
1371134674.62
1371134574.72
1371134674.72
1371134574.72
1371134674.72
1371134574.72
1371134674.72
1371134574.72
1371134674.72
1371134574.72
1371134674.72
1371134574.72
1371134674.72
1371134574.72
1371134674.72
1371134574.72
1371134674.72
1371134574.72
1371134674.72
1371134574.72
1371134674.72
1371134574.82
1371134674.82
1371134574.82
1371134674.82
1371134574.82
1371134674.82
1371134574.82
1371134674.82
1371134574.82
1371134674.82
1371134574.82
1371134674.82
1371134574.82
1371134674.82
1371134574.82
1371134674.82
1371134574.82
1371134674.82
1371134574.82
1371134674.82
1371134574.92
1371134674.92
1371134574.92
1371134674.92
1371134574.92
1371134674.92
1371134574.93
1371134674.93
1371134574.93
1371134674.93
1371134574.93
1371134674.93
1371134574.93
1371134674.93
1371134574.93
1371134674.93
1371134574.93
1371134674.93
1371134574.93
1371134674.93
1371134575.02
1371134675.02
1371134575.02
1371134675.02
1371134575.02
1371134675.02
1371134575.02
1371134675.02
1371134575.02
1371134675.02
1371134575.02
1371134675.02
1371134575.02
1371134675.02
1371134575.02
1371134675.02
1371134575.02
1371134675.02
1371134575.02
1371134675.02
1371134575.12
1371134675.12
1371134575.12
1371134675.12
1371134575.13
1371134675.13
1371134575.13
1371134675.13
1371134575.13
1371134675.13
1371134575.13
1371134675.13
1371134575.13
1371134675.13
1371134575.13
1371134675.13
1371134575.13
1371134675.13
1371134575.13
1371134675.13
1371134575.22
1371134675.22
1371134575.22
1371134675.22
1371134575.22
1371134675.22
1371134575.22
1371134675.22
1371134575.22
1371134675.22
1371134575.22
1371134675.22
1371134575.22
1371134675.22
1371134575.22
1371134675.22
1371134575.22
1371134675.22
1371134575.22
1371134675.22
1371134575.32
1371134675.32
1371134575.32
1371134675.32
1371134575.32
1371134675.32
1371134575.32
1371134675.32
1371134575.32
1371134675.32
1371134575.32
1371134675.32
1371134575.32
1371134675.32
1371134575.32
1371134675.32
1371134575.32
1371134675.32
1371134575.32
1371134675.32
1371134575.42
1371134675.42
1371134575.42
1371134675.42
1371134575.42
1371134675.42
1371134575.42
1371134675.42
1371134575.42
1371134675.42
1371134575.42
1371134675.42
1371134575.42
1371134675.42
1371134575.42
1371134675.42
1371134575.42
1371134675.42
1371134575.42
1371134675.42
1371134575.64
1371134675.64
1371134575.66
1371134675.66
1371134575.66
1371134675.66
1371134575.66
1371134675.66
1371134575.66
1371134675.66
1371134575.66
1371134675.66
1371134575.66
1371134675.66
1371134575.66
1371134675.66
1371134575.66
1371134675.66
1371134575.66
1371134675.66
1371134575.66
1371134675.66
1371134575.67
1371134675.67
1371134575.67
1371134675.67
1371134575.67
1371134675.67
1371134575.67
1371134675.67
1371134575.67
1371134675.67
1371134575.67
1371134675.67
1371134575.67
1371134675.67
1371134575.67
1371134675.67
1371134575.67
1371134675.67
1371134575.72
1371134675.72
1371134575.72
1371134675.72
1371134575.73
1371134675.73
1371134575.73
1371134675.73
1371134575.73
1371134675.73
1371134575.73
1371134675.73
1371134575.73
1371134675.73
1371134575.73
1371134675.73
1371134575.73
1371134675.73
1371134575.73
1371134675.73
1371134575.82
1371134675.82
1371134575.82
1371134675.82
1371134575.82
1371134675.82
1371134575.82
1371134675.82
1371134575.82
1371134675.82
1371134575.82
1371134675.82
1371134575.82
1371134675.82
1371134575.83
1371134675.83
1371134575.83
1371134675.83
1371134575.83
1371134675.83
1371134575.92
1371134675.92
1371134575.92
1371134675.92
1371134575.92
1371134675.92
1371134575.92
1371134675.92
1371134575.92
1371134675.92
1371134575.92
1371134675.92
1371134575.92
1371134675.92
1371134575.92
1371134675.92
1371134575.92
1371134675.92
1371134575.92
1371134675.92
1371134576.02
1371134676.02
1371134576.02
1371134676.02
1371134576.02
1371134676.02
1371134576.02
1371134676.02
1371134576.02
1371134676.02
1371134576.02
1371134676.02
1371134576.02
1371134676.02
1371134576.02
1371134676.02
1371134576.02
1371134676.02
1371134576.02
1371134676.02
1371134576.12
1371134676.12
1371134576.12
1371134676.12
1371134576.12
1371134676.12
1371134576.12
1371134676.12
1371134576.12
1371134676.12
1371134576.12
1371134676.12
1371134576.12
1371134676.12
1371134576.12
1371134676.12
1371134576.13
1371134676.13
1371134576.13
1371134676.13
1371134576.22
1371134676.22
1371134576.22
1371134676.22
1371134576.22
1371134676.22
1371134576.22
1371134676.22
1371134576.23
1371134676.23
1371134576.23
1371134676.23
1371134576.23
1371134676.23
1371134576.23
1371134676.23
1371134576.23
1371134676.23
1371134576.23
1371134676.23
1371134576.32
1371134676.32
1371134576.32
1371134676.32
1371134576.32
1371134676.32
1371134576.32
1371134676.32
1371134576.32
1371134676.32
1371134576.32
1371134676.32
1371134576.32
1371134676.32
1371134576.32
1371134676.32
1371134576.32
1371134676.32
1371134576.32
1371134676.32
1371134576.42
1371134676.42
1371134576.42
1371134676.42
1371134576.42
1371134676.42
1371134576.42
1371134676.42
1371134576.42
1371134676.42
1371134576.42
1371134676.42
1371134576.42
1371134676.42
1371134576.43
1371134676.43
1371134576.43
1371134676.43
1371134576.43
1371134676.43
1371134576.52
1371134676.52
1371134576.52
1371134676.52
1371134576.52
1371134676.52
1371134576.52
1371134676.52
1371134576.52
1371134676.52
1371134576.52
1371134676.52
1371134576.52
1371134676.52
1371134576.52
1371134676.52
1371134576.52
1371134676.52
1371134576.52
1371134676.52
1371134576.62
1371134676.62
1371134576.62
1371134676.62
1371134576.62
1371134676.62
1371134576.62
1371134676.62
1371134576.62
1371134676.62
1371134576.62
1371134676.62
1371134576.62
1371134676.62
1371134576.62
1371134676.62
1371134576.62
1371134676.62
1371134576.62
1371134676.62
