1 /map_metadata       
2 /sonar               
3 /motor_state        
4 /pitch_imu           
5 /rosout_agg          
6 /pose                
7 /roll_imu           
8 /scan               
9 /velocity            
10 /pitch_odom        
11 /imu_data           
12 /dio                
13 /gripper_state     
14 /battery_state   
15 /yaw_imu        
16 /map                
17 /diagnostics     
18 /cmd_vel            
19 /rosout            
20 /yaw_odom           
21 /tf               
22 /roll_odom          
23 /ptz_state          
24 /aio               
25 /gmping/entropy     
26 /joy               
27 /gyro_imu 

Python Generator
Top Delta       Sigma         Delta/Sigma
---------------------------------------------
1  6.284685	0.630929	9.961008
2  0.100039	0.034923	2.864575
3  0.100039	0.034666	2.885782
4  0.009996	0.030904	0.323454
5  0.025011	0.023941	1.044694
6  0.100039	0.035281	2.835506
7  0.009996	0.031005	0.322395
8  0.106698	0.035738	2.985567
9  0.010000	0.011419	0.875807
10  0.100036	0.033873	2.953246
11  0.010000	0.016182	0.617981
12  0.100040	0.034870	2.868924
13  0.100041	0.035445	2.822401
14  0.100041	0.034964	2.861303
15  0.009996	0.031113	0.321287
16  6.274473	0.587305	10.683506
17  0.361129	0.289894	1.245728
18  0.071112	0.053795	1.321901
19  0.009087	0.029546	0.307542
20  0.099865	0.033582	2.973809
21  0.009072	0.029231	0.310364
22  0.099866	0.033860	2.949374
23  0.099801	0.034122	2.924819
24  0.099873	0.034632	2.883849
25  6.371203	1.156874	5.507260
26  0.196297	0.962813	0.203879
27  0.009979	0.030977	0.322150

MATLAB:
/map_metadata    , 6.284685, 0.639878, 9.821686
/sonar           , 0.100038, 0.034900, 2.866407
/fix             , NaN, NaN, NaN
/motor_state     , 0.100040, 0.034644, 2.887668
/pitch_imu       , 0.009996, 0.030902, 0.323475
/tf              , 0.025011, 0.023933, 1.045051
/magnetic        , NaN, NaN, NaN
/pose            , 0.100041, 0.035266, 2.836760
/roll_imu        , 0.009996, 0.031004, 0.322410
/scan            , 0.106698, 0.035713, 2.987623
/velocity        , 0.010000, 0.011413, 0.876256
/pitch_odom      , 0.100036, 0.033852, 2.955148
/servo2          , NaN, NaN, NaN
/imu_data        , 0.010000, 0.016172, 0.618357
/dio             , 0.100038, 0.034848, 2.870715
/gripper_state   , 0.100039, 0.035423, 2.824177
/battery_state   , 0.100041, 0.034941, 2.863129
/yaw_map         , NaN, NaN, NaN
/yaw_imu         , 0.009996, 0.031111, 0.321312
/temperature     , NaN, NaN, NaN
/fix_extended    , NaN, NaN, NaN
/map             , 6.274473, 0.595636, 10.534079
/diagnostics     , 0.361129, 0.290120, 1.244756
/cmd_vel         , 0.071139, 0.053787, 1.322617
/rosout          , 0.009087, 0.029545, 0.307565
/yaw_odom        , 0.099866, 0.033567, 2.975098
/rosout_agg      , 0.009072, 0.029229, 0.310391
/roll_odom       , 0.099867, 0.033846, 2.950683
/ptz_state       , 0.099802, 0.034107, 2.926108
/aio             , 0.099873, 0.034617, 2.885107
/gmapping/entropy, 6.371203, 1.174811, 5.423174
/joy             , 0.196297, 0.963229, 0.203791
/gyro_imu        , 0.009980, 0.030976, 0.322169
Elapsed time is 0.097221 seconds.

          

